63.28 , 68.15 , 4.87 , 4911.85 , 0.02
107.10 , 107.10 , 0.00 , 4872.90 , 0.00
146.04 , 141.17 , -4.87 , 4838.83 , -0.02
184.99 , 184.99 , 0.00 , 4795.01 , 0.00
228.80 , 223.93 , -4.87 , 4756.07 , -0.02
262.87 , 248.27 , -14.60 , 4731.73 , -0.07
296.95 , 301.82 , 4.87 , 4678.18 , 0.02
326.16 , 326.16 , 0.00 , 4653.84 , 0.00
345.63 , 355.37 , 9.74 , 4624.63 , 0.05
365.10 , 365.10 , 0.00 , 4614.90 , 0.00
374.84 , 379.71 , 4.87 , 4600.29 , 0.02
379.71 , 389.44 , 9.74 , 4590.56 , 0.05
389.44 , 399.18 , 9.74 , 4580.82 , 0.05
394.31 , 399.18 , 4.87 , 4580.82 , 0.02
394.31 , 408.91 , 14.60 , 4571.08 , 0.07
408.91 , 408.91 , 0.00 , 4571.08 , 0.00
399.18 , 413.78 , 14.60 , 4566.22 , 0.07
408.91 , 418.65 , 9.74 , 4561.35 , 0.05
408.91 , 418.65 , 9.74 , 4561.35 , 0.05
408.91 , 423.52 , 14.60 , 4556.48 , 0.07
413.78 , 428.39 , 14.60 , 4551.61 , 0.07
413.78 , 423.52 , 9.74 , 4556.48 , 0.05
413.78 , 428.39 , 14.60 , 4551.61 , 0.07
413.78 , 433.26 , 19.47 , 4546.75 , 0.10
418.65 , 433.26 , 14.60 , 4546.75 , 0.07
418.65 , 433.26 , 14.60 , 4546.75 , 0.07
418.65 , 438.12 , 19.47 , 4541.88 , 0.10
423.52 , 442.99 , 19.47 , 4537.01 , 0.10
418.65 , 442.99 , 24.34 , 4537.01 , 0.12
423.52 , 438.12 , 14.60 , 4541.88 , 0.07
428.39 , 438.12 , 9.74 , 4541.88 , 0.05
418.65 , 442.99 , 24.34 , 4537.01 , 0.12
423.52 , 442.99 , 19.47 , 4537.01 , 0.10
423.52 , 442.99 , 19.47 , 4537.01 , 0.10
428.39 , 447.86 , 19.47 , 4532.14 , 0.10
423.52 , 442.99 , 19.47 , 4537.01 , 0.10
423.52 , 447.86 , 24.34 , 4532.14 , 0.12
428.39 , 447.86 , 19.47 , 4532.14 , 0.10
428.39 , 452.73 , 24.34 , 4527.27 , 0.12
428.39 , 452.73 , 24.34 , 4527.27 , 0.12
428.39 , 452.73 , 24.34 , 4527.27 , 0.12
433.26 , 457.60 , 24.34 , 4522.40 , 0.12
428.39 , 457.60 , 29.21 , 4522.40 , 0.15
433.26 , 457.60 , 24.34 , 4522.40 , 0.12
433.26 , 457.60 , 24.34 , 4522.40 , 0.12
428.39 , 452.73 , 24.34 , 4527.27 , 0.12
438.12 , 452.73 , 14.60 , 4527.27 , 0.07
433.26 , 462.46 , 29.21 , 4517.54 , 0.15
438.12 , 462.46 , 24.34 , 4517.54 , 0.12
433.26 , 462.46 , 29.21 , 4517.54 , 0.15
433.26 , 467.33 , 34.08 , 4512.67 , 0.17
438.12 , 462.46 , 24.34 , 4517.54 , 0.12
438.12 , 467.33 , 29.21 , 4512.67 , 0.15
438.12 , 462.46 , 24.34 , 4517.54 , 0.12
442.99 , 467.33 , 24.34 , 4512.67 , 0.12
442.99 , 467.33 , 24.34 , 4512.67 , 0.12
442.99 , 467.33 , 24.34 , 4512.67 , 0.12
442.99 , 472.20 , 29.21 , 4507.80 , 0.15
442.99 , 472.20 , 29.21 , 4507.80 , 0.15
442.99 , 477.07 , 34.08 , 4502.93 , 0.17
442.99 , 477.07 , 34.08 , 4502.93 , 0.17
447.86 , 477.07 , 29.21 , 4502.93 , 0.15
447.86 , 477.07 , 29.21 , 4502.93 , 0.15
442.99 , 477.07 , 34.08 , 4502.93 , 0.17
442.99 , 477.07 , 34.08 , 4502.93 , 0.17
442.99 , 481.94 , 38.94 , 4498.06 , 0.19
447.86 , 486.80 , 38.94 , 4493.20 , 0.19
447.86 , 486.80 , 38.94 , 4493.20 , 0.19
442.99 , 486.80 , 43.81 , 4493.20 , 0.22
447.86 , 486.80 , 38.94 , 4493.20 , 0.19
447.86 , 486.80 , 38.94 , 4493.20 , 0.19
452.73 , 491.67 , 38.94 , 4488.33 , 0.19
452.73 , 491.67 , 38.94 , 4488.33 , 0.19
452.73 , 491.67 , 38.94 , 4488.33 , 0.19
452.73 , 491.67 , 38.94 , 4488.33 , 0.19
452.73 , 496.54 , 43.81 , 4483.46 , 0.22
457.60 , 501.41 , 43.81 , 4478.59 , 0.22
457.60 , 501.41 , 43.81 , 4478.59 , 0.22
457.60 , 501.41 , 43.81 , 4478.59 , 0.22
457.60 , 506.28 , 48.68 , 4473.72 , 0.24
457.60 , 501.41 , 43.81 , 4478.59 , 0.22
462.46 , 506.28 , 43.81 , 4473.72 , 0.22
457.60 , 506.28 , 48.68 , 4473.72 , 0.24
452.73 , 511.14 , 58.42 , 4468.86 , 0.29
462.46 , 516.01 , 53.55 , 4463.99 , 0.27
462.46 , 511.14 , 48.68 , 4468.86 , 0.24
462.46 , 520.88 , 58.42 , 4459.12 , 0.29
462.46 , 520.88 , 58.42 , 4459.12 , 0.29
467.33 , 525.75 , 58.42 , 4454.25 , 0.29
462.46 , 525.75 , 63.28 , 4454.25 , 0.32
467.33 , 525.75 , 58.42 , 4454.25 , 0.29
467.33 , 530.62 , 63.28 , 4449.38 , 0.32
472.20 , 535.48 , 63.28 , 4444.52 , 0.32
472.20 , 540.35 , 68.15 , 4439.65 , 0.34
472.20 , 545.22 , 73.02 , 4434.78 , 0.37
472.20 , 540.35 , 68.15 , 4439.65 , 0.34
472.20 , 550.09 , 77.89 , 4429.91 , 0.39
477.07 , 550.09 , 73.02 , 4429.91 , 0.37
472.20 , 554.96 , 82.76 , 4425.04 , 0.41
477.07 , 564.69 , 87.62 , 4415.31 , 0.44
477.07 , 569.56 , 92.49 , 4410.44 , 0.46
481.94 , 574.43 , 92.49 , 4405.57 , 0.46
481.94 , 579.30 , 97.36 , 4400.70 , 0.49
486.80 , 584.16 , 97.36 , 4395.84 , 0.49
481.94 , 593.90 , 111.96 , 4386.10 , 0.56
486.80 , 603.64 , 116.83 , 4376.36 , 0.58
486.80 , 608.50 , 121.70 , 4371.50 , 0.61
491.67 , 608.50 , 116.83 , 4371.50 , 0.58
496.54 , 623.11 , 126.57 , 4356.89 , 0.63
491.67 , 632.84 , 141.17 , 4347.16 , 0.71
501.41 , 642.58 , 141.17 , 4337.42 , 0.71
496.54 , 657.18 , 160.65 , 4322.82 , 0.80
506.28 , 662.05 , 155.78 , 4317.95 , 0.78
511.14 , 681.52 , 170.38 , 4298.47 , 0.85
511.14 , 691.26 , 180.12 , 4288.74 , 0.90
516.01 , 715.60 , 199.59 , 4264.40 , 1.00
520.88 , 739.94 , 219.06 , 4240.06 , 1.10
520.88 , 769.15 , 248.27 , 4210.85 , 1.24
530.62 , 798.36 , 267.74 , 4181.64 , 1.34
540.35 , 847.04 , 306.69 , 4132.96 , 1.53
545.22 , 900.59 , 355.37 , 4079.41 , 1.78
550.09 , 973.61 , 423.52 , 4006.39 , 2.12
564.69 , 1070.97 , 506.28 , 3909.03 , 2.53
574.43 , 1221.88 , 647.45 , 3758.12 , 3.24
598.77 , 1479.88 , 881.11 , 3500.12 , 4.41
632.84 , 2020.23 , 1387.39 , 2959.77 , 6.94
715.60 , 4079.41 , 3363.81 , 900.59 , 16.82
715.60 , 4079.41 , 3363.81 , 900.59 , 16.82
