63.28 , 68.15 , 4.87 , 4911.85 , 0.02
107.10 , 107.10 , 0.00 , 4872.90 , 0.00
141.17 , 146.04 , 4.87 , 4833.96 , 0.02
170.38 , 189.85 , 19.47 , 4790.15 , 0.10
219.06 , 223.93 , 4.87 , 4756.07 , 0.02
262.87 , 258.01 , -4.87 , 4721.99 , -0.02
301.82 , 296.95 , -4.87 , 4683.05 , -0.02
331.03 , 326.16 , -4.87 , 4653.84 , -0.02
350.50 , 350.50 , 0.00 , 4629.50 , 0.00
365.10 , 369.97 , 4.87 , 4610.03 , 0.02
369.97 , 374.84 , 4.87 , 4605.16 , 0.02
384.57 , 389.44 , 4.87 , 4590.56 , 0.02
389.44 , 394.31 , 4.87 , 4585.69 , 0.02
394.31 , 399.18 , 4.87 , 4580.82 , 0.02
399.18 , 404.05 , 4.87 , 4575.95 , 0.02
399.18 , 408.91 , 9.74 , 4571.08 , 0.05
404.05 , 413.78 , 9.74 , 4566.22 , 0.05
404.05 , 404.05 , 0.00 , 4575.95 , 0.00
404.05 , 418.65 , 14.60 , 4561.35 , 0.07
408.91 , 418.65 , 9.74 , 4561.35 , 0.05
404.05 , 423.52 , 19.47 , 4556.48 , 0.10
413.78 , 428.39 , 14.60 , 4551.61 , 0.07
413.78 , 428.39 , 14.60 , 4551.61 , 0.07
418.65 , 428.39 , 9.74 , 4551.61 , 0.05
418.65 , 428.39 , 9.74 , 4551.61 , 0.05
418.65 , 433.26 , 14.60 , 4546.75 , 0.07
418.65 , 433.26 , 14.60 , 4546.75 , 0.07
423.52 , 433.26 , 9.74 , 4546.75 , 0.05
423.52 , 438.12 , 14.60 , 4541.88 , 0.07
418.65 , 442.99 , 24.34 , 4537.01 , 0.12
423.52 , 442.99 , 19.47 , 4537.01 , 0.10
423.52 , 442.99 , 19.47 , 4537.01 , 0.10
428.39 , 442.99 , 14.60 , 4537.01 , 0.07
423.52 , 442.99 , 19.47 , 4537.01 , 0.10
423.52 , 447.86 , 24.34 , 4532.14 , 0.12
428.39 , 447.86 , 19.47 , 4532.14 , 0.10
428.39 , 447.86 , 19.47 , 4532.14 , 0.10
428.39 , 447.86 , 19.47 , 4532.14 , 0.10
428.39 , 452.73 , 24.34 , 4527.27 , 0.12
428.39 , 447.86 , 19.47 , 4532.14 , 0.10
428.39 , 452.73 , 24.34 , 4527.27 , 0.12
428.39 , 452.73 , 24.34 , 4527.27 , 0.12
433.26 , 452.73 , 19.47 , 4527.27 , 0.10
433.26 , 457.60 , 24.34 , 4522.40 , 0.12
433.26 , 452.73 , 19.47 , 4527.27 , 0.10
428.39 , 457.60 , 29.21 , 4522.40 , 0.15
438.12 , 462.46 , 24.34 , 4517.54 , 0.12
433.26 , 462.46 , 29.21 , 4517.54 , 0.15
438.12 , 462.46 , 24.34 , 4517.54 , 0.12
438.12 , 462.46 , 24.34 , 4517.54 , 0.12
442.99 , 462.46 , 19.47 , 4517.54 , 0.10
438.12 , 462.46 , 24.34 , 4517.54 , 0.12
433.26 , 462.46 , 29.21 , 4517.54 , 0.15
438.12 , 467.33 , 29.21 , 4512.67 , 0.15
438.12 , 467.33 , 29.21 , 4512.67 , 0.15
442.99 , 467.33 , 24.34 , 4512.67 , 0.12
438.12 , 467.33 , 29.21 , 4512.67 , 0.15
442.99 , 472.20 , 29.21 , 4507.80 , 0.15
442.99 , 477.07 , 34.08 , 4502.93 , 0.17
442.99 , 472.20 , 29.21 , 4507.80 , 0.15
442.99 , 477.07 , 34.08 , 4502.93 , 0.17
438.12 , 477.07 , 38.94 , 4502.93 , 0.19
447.86 , 477.07 , 29.21 , 4502.93 , 0.15
447.86 , 477.07 , 29.21 , 4502.93 , 0.15
442.99 , 481.94 , 38.94 , 4498.06 , 0.19
447.86 , 477.07 , 29.21 , 4502.93 , 0.15
447.86 , 481.94 , 34.08 , 4498.06 , 0.17
447.86 , 481.94 , 34.08 , 4498.06 , 0.17
447.86 , 486.80 , 38.94 , 4493.20 , 0.19
452.73 , 486.80 , 34.08 , 4493.20 , 0.17
447.86 , 486.80 , 38.94 , 4493.20 , 0.19
447.86 , 491.67 , 43.81 , 4488.33 , 0.22
452.73 , 486.80 , 34.08 , 4493.20 , 0.17
452.73 , 486.80 , 34.08 , 4493.20 , 0.17
452.73 , 496.54 , 43.81 , 4483.46 , 0.22
457.60 , 496.54 , 38.94 , 4483.46 , 0.19
452.73 , 496.54 , 43.81 , 4483.46 , 0.22
452.73 , 501.41 , 48.68 , 4478.59 , 0.24
462.46 , 496.54 , 34.08 , 4483.46 , 0.17
457.60 , 506.28 , 48.68 , 4473.72 , 0.24
462.46 , 506.28 , 43.81 , 4473.72 , 0.22
452.73 , 506.28 , 53.55 , 4473.72 , 0.27
457.60 , 511.14 , 53.55 , 4468.86 , 0.27
462.46 , 511.14 , 48.68 , 4468.86 , 0.24
457.60 , 511.14 , 53.55 , 4468.86 , 0.27
462.46 , 516.01 , 53.55 , 4463.99 , 0.27
467.33 , 520.88 , 53.55 , 4459.12 , 0.27
462.46 , 520.88 , 58.42 , 4459.12 , 0.29
467.33 , 525.75 , 58.42 , 4454.25 , 0.29
462.46 , 525.75 , 63.28 , 4454.25 , 0.32
467.33 , 530.62 , 63.28 , 4449.38 , 0.32
467.33 , 535.48 , 68.15 , 4444.52 , 0.34
467.33 , 540.35 , 73.02 , 4439.65 , 0.37
467.33 , 540.35 , 73.02 , 4439.65 , 0.37
472.20 , 540.35 , 68.15 , 4439.65 , 0.34
472.20 , 550.09 , 77.89 , 4429.91 , 0.39
472.20 , 550.09 , 77.89 , 4429.91 , 0.39
472.20 , 550.09 , 77.89 , 4429.91 , 0.39
481.94 , 559.82 , 77.89 , 4420.18 , 0.39
477.07 , 559.82 , 82.76 , 4420.18 , 0.41
477.07 , 564.69 , 87.62 , 4415.31 , 0.44
481.94 , 574.43 , 92.49 , 4405.57 , 0.46
477.07 , 574.43 , 97.36 , 4405.57 , 0.49
481.94 , 584.16 , 102.23 , 4395.84 , 0.51
486.80 , 593.90 , 107.10 , 4386.10 , 0.54
486.80 , 593.90 , 107.10 , 4386.10 , 0.54
491.67 , 608.50 , 116.83 , 4371.50 , 0.58
491.67 , 613.37 , 121.70 , 4366.63 , 0.61
496.54 , 623.11 , 126.57 , 4356.89 , 0.63
496.54 , 627.98 , 131.44 , 4352.02 , 0.66
501.41 , 642.58 , 141.17 , 4337.42 , 0.71
501.41 , 652.32 , 150.91 , 4327.68 , 0.75
511.14 , 666.92 , 155.78 , 4313.08 , 0.78
511.14 , 681.52 , 170.38 , 4298.47 , 0.85
516.01 , 696.13 , 180.12 , 4283.87 , 0.90
516.01 , 720.47 , 204.46 , 4259.53 , 1.02
520.88 , 739.94 , 219.06 , 4240.06 , 1.10
530.62 , 769.15 , 238.53 , 4210.85 , 1.19
535.48 , 808.09 , 272.61 , 4171.91 , 1.36
535.48 , 847.04 , 311.55 , 4132.96 , 1.56
545.22 , 900.59 , 355.37 , 4079.41 , 1.78
554.96 , 973.61 , 418.65 , 4006.39 , 2.09
564.69 , 1066.10 , 501.41 , 3913.90 , 2.51
579.30 , 1217.01 , 637.71 , 3762.99 , 3.19
598.77 , 1475.01 , 876.25 , 3504.99 , 4.38
627.98 , 2020.23 , 1392.26 , 2959.77 , 6.96
715.60 , 4079.41 , 3363.81 , 900.59 , 16.82
720.47 , 4079.41 , 3358.94 , 900.59 , 16.79
