63.28 , 63.28 , 0.00 , 4916.72 , 0.00
107.10 , 102.23 , -4.87 , 4877.77 , -0.02
146.04 , 136.30 , -9.74 , 4843.69 , -0.05
189.85 , 189.85 , 0.00 , 4790.15 , 0.00
219.06 , 219.06 , 0.00 , 4760.94 , 0.00
262.87 , 277.48 , 14.60 , 4702.52 , 0.07
292.08 , 296.95 , 4.87 , 4683.05 , 0.02
326.16 , 326.16 , 0.00 , 4653.84 , 0.00
350.50 , 350.50 , 0.00 , 4629.50 , 0.00
360.23 , 365.10 , 4.87 , 4614.90 , 0.02
374.84 , 374.84 , 0.00 , 4605.16 , 0.00
384.57 , 384.57 , 0.00 , 4595.43 , 0.00
394.31 , 399.18 , 4.87 , 4580.82 , 0.02
389.44 , 399.18 , 9.74 , 4580.82 , 0.05
399.18 , 404.05 , 4.87 , 4575.95 , 0.02
394.31 , 408.91 , 14.60 , 4571.08 , 0.07
404.05 , 408.91 , 4.87 , 4571.08 , 0.02
404.05 , 413.78 , 9.74 , 4566.22 , 0.05
404.05 , 418.65 , 14.60 , 4561.35 , 0.07
408.91 , 423.52 , 14.60 , 4556.48 , 0.07
408.91 , 418.65 , 9.74 , 4561.35 , 0.05
413.78 , 423.52 , 9.74 , 4556.48 , 0.05
418.65 , 423.52 , 4.87 , 4556.48 , 0.02
418.65 , 433.26 , 14.60 , 4546.75 , 0.07
418.65 , 433.26 , 14.60 , 4546.75 , 0.07
418.65 , 433.26 , 14.60 , 4546.75 , 0.07
418.65 , 433.26 , 14.60 , 4546.75 , 0.07
423.52 , 433.26 , 9.74 , 4546.75 , 0.05
418.65 , 438.12 , 19.47 , 4541.88 , 0.10
423.52 , 438.12 , 14.60 , 4541.88 , 0.07
423.52 , 438.12 , 14.60 , 4541.88 , 0.07
423.52 , 442.99 , 19.47 , 4537.01 , 0.10
423.52 , 438.12 , 14.60 , 4541.88 , 0.07
428.39 , 447.86 , 19.47 , 4532.14 , 0.10
423.52 , 447.86 , 24.34 , 4532.14 , 0.12
423.52 , 447.86 , 24.34 , 4532.14 , 0.12
423.52 , 447.86 , 24.34 , 4532.14 , 0.12
428.39 , 447.86 , 19.47 , 4532.14 , 0.10
428.39 , 447.86 , 19.47 , 4532.14 , 0.10
428.39 , 452.73 , 24.34 , 4527.27 , 0.12
433.26 , 457.60 , 24.34 , 4522.40 , 0.12
433.26 , 452.73 , 19.47 , 4527.27 , 0.10
433.26 , 452.73 , 19.47 , 4527.27 , 0.10
433.26 , 452.73 , 19.47 , 4527.27 , 0.10
433.26 , 457.60 , 24.34 , 4522.40 , 0.12
428.39 , 457.60 , 29.21 , 4522.40 , 0.15
438.12 , 462.46 , 24.34 , 4517.54 , 0.12
438.12 , 457.60 , 19.47 , 4522.40 , 0.10
433.26 , 457.60 , 24.34 , 4522.40 , 0.12
433.26 , 462.46 , 29.21 , 4517.54 , 0.15
433.26 , 462.46 , 29.21 , 4517.54 , 0.15
438.12 , 462.46 , 24.34 , 4517.54 , 0.12
438.12 , 467.33 , 29.21 , 4512.67 , 0.15
438.12 , 467.33 , 29.21 , 4512.67 , 0.15
438.12 , 467.33 , 29.21 , 4512.67 , 0.15
438.12 , 467.33 , 29.21 , 4512.67 , 0.15
438.12 , 467.33 , 29.21 , 4512.67 , 0.15
438.12 , 467.33 , 29.21 , 4512.67 , 0.15
442.99 , 467.33 , 24.34 , 4512.67 , 0.12
438.12 , 477.07 , 38.94 , 4502.93 , 0.19
438.12 , 477.07 , 38.94 , 4502.93 , 0.19
442.99 , 472.20 , 29.21 , 4507.80 , 0.15
442.99 , 477.07 , 34.08 , 4502.93 , 0.17
442.99 , 477.07 , 34.08 , 4502.93 , 0.17
447.86 , 477.07 , 29.21 , 4502.93 , 0.15
447.86 , 481.94 , 34.08 , 4498.06 , 0.17
447.86 , 481.94 , 34.08 , 4498.06 , 0.17
447.86 , 477.07 , 29.21 , 4502.93 , 0.15
442.99 , 491.67 , 48.68 , 4488.33 , 0.24
447.86 , 486.80 , 38.94 , 4493.20 , 0.19
452.73 , 486.80 , 34.08 , 4493.20 , 0.17
447.86 , 486.80 , 38.94 , 4493.20 , 0.19
447.86 , 486.80 , 38.94 , 4493.20 , 0.19
452.73 , 496.54 , 43.81 , 4483.46 , 0.22
452.73 , 491.67 , 38.94 , 4488.33 , 0.19
452.73 , 496.54 , 43.81 , 4483.46 , 0.22
447.86 , 496.54 , 48.68 , 4483.46 , 0.24
457.60 , 501.41 , 43.81 , 4478.59 , 0.22
457.60 , 501.41 , 43.81 , 4478.59 , 0.22
457.60 , 506.28 , 48.68 , 4473.72 , 0.24
452.73 , 506.28 , 53.55 , 4473.72 , 0.27
452.73 , 506.28 , 53.55 , 4473.72 , 0.27
457.60 , 511.14 , 53.55 , 4468.86 , 0.27
462.46 , 511.14 , 48.68 , 4468.86 , 0.24
452.73 , 520.88 , 68.15 , 4459.12 , 0.34
462.46 , 520.88 , 58.42 , 4459.12 , 0.29
462.46 , 520.88 , 58.42 , 4459.12 , 0.29
457.60 , 520.88 , 63.28 , 4459.12 , 0.32
462.46 , 520.88 , 58.42 , 4459.12 , 0.29
462.46 , 530.62 , 68.15 , 4449.38 , 0.34
467.33 , 530.62 , 63.28 , 4449.38 , 0.32
467.33 , 530.62 , 63.28 , 4449.38 , 0.32
472.20 , 535.48 , 63.28 , 4444.52 , 0.32
472.20 , 540.35 , 68.15 , 4439.65 , 0.34
467.33 , 540.35 , 73.02 , 4439.65 , 0.37
477.07 , 540.35 , 63.28 , 4439.65 , 0.32
472.20 , 545.22 , 73.02 , 4434.78 , 0.37
472.20 , 554.96 , 82.76 , 4425.04 , 0.41
477.07 , 554.96 , 77.89 , 4425.04 , 0.39
477.07 , 559.82 , 82.76 , 4420.18 , 0.41
481.94 , 564.69 , 82.76 , 4415.31 , 0.41
477.07 , 574.43 , 97.36 , 4405.57 , 0.49
481.94 , 579.30 , 97.36 , 4400.70 , 0.49
486.80 , 584.16 , 97.36 , 4395.84 , 0.49
486.80 , 593.90 , 107.10 , 4386.10 , 0.54
491.67 , 593.90 , 102.23 , 4386.10 , 0.51
491.67 , 603.64 , 111.96 , 4376.36 , 0.56
496.54 , 613.37 , 116.83 , 4366.63 , 0.58
491.67 , 618.24 , 126.57 , 4361.76 , 0.63
496.54 , 627.98 , 131.44 , 4352.02 , 0.66
501.41 , 637.71 , 136.30 , 4342.29 , 0.68
501.41 , 652.32 , 150.91 , 4327.68 , 0.75
501.41 , 666.92 , 165.51 , 4313.08 , 0.83
506.28 , 681.52 , 175.25 , 4298.47 , 0.88
511.14 , 701.00 , 189.85 , 4279.00 , 0.95
511.14 , 725.34 , 214.19 , 4254.66 , 1.07
520.88 , 739.94 , 219.06 , 4240.06 , 1.10
525.75 , 769.15 , 243.40 , 4210.85 , 1.22
530.62 , 803.23 , 272.61 , 4176.77 , 1.36
535.48 , 842.17 , 306.69 , 4137.83 , 1.53
540.35 , 900.59 , 360.23 , 4079.41 , 1.80
554.96 , 968.74 , 413.78 , 4011.26 , 2.07
564.69 , 1070.97 , 506.28 , 3909.03 , 2.53
579.30 , 1221.88 , 642.58 , 3758.12 , 3.21
598.77 , 1479.88 , 881.11 , 3500.12 , 4.41
632.84 , 2029.97 , 1397.13 , 2950.03 , 6.99
715.60 , 4123.23 , 3407.62 , 856.77 , 17.04
715.60 , 4123.23 , 3407.62 , 856.77 , 17.04
