68.15 , 68.15 , 0.00 , 4911.85 , 0.00
107.10 , 107.10 , 0.00 , 4872.90 , 0.00
146.04 , 146.04 , 0.00 , 4833.96 , 0.00
175.25 , 180.12 , 4.87 , 4799.88 , 0.02
228.80 , 223.93 , -4.87 , 4756.07 , -0.02
262.87 , 267.74 , 4.87 , 4712.26 , 0.02
296.95 , 311.55 , 14.60 , 4668.45 , 0.07
331.03 , 326.16 , -4.87 , 4653.84 , -0.02
345.63 , 355.37 , 9.74 , 4624.63 , 0.05
360.23 , 369.97 , 9.74 , 4610.03 , 0.05
369.97 , 379.71 , 9.74 , 4600.29 , 0.05
379.71 , 389.44 , 9.74 , 4590.56 , 0.05
389.44 , 389.44 , 0.00 , 4590.56 , 0.00
394.31 , 399.18 , 4.87 , 4580.82 , 0.02
394.31 , 404.05 , 9.74 , 4575.95 , 0.05
399.18 , 408.91 , 9.74 , 4571.08 , 0.05
399.18 , 408.91 , 9.74 , 4571.08 , 0.05
404.05 , 413.78 , 9.74 , 4566.22 , 0.05
408.91 , 418.65 , 9.74 , 4561.35 , 0.05
408.91 , 418.65 , 9.74 , 4561.35 , 0.05
408.91 , 423.52 , 14.60 , 4556.48 , 0.07
413.78 , 423.52 , 9.74 , 4556.48 , 0.05
413.78 , 428.39 , 14.60 , 4551.61 , 0.07
418.65 , 428.39 , 9.74 , 4551.61 , 0.05
418.65 , 428.39 , 9.74 , 4551.61 , 0.05
413.78 , 433.26 , 19.47 , 4546.75 , 0.10
418.65 , 438.12 , 19.47 , 4541.88 , 0.10
418.65 , 438.12 , 19.47 , 4541.88 , 0.10
423.52 , 438.12 , 14.60 , 4541.88 , 0.07
423.52 , 442.99 , 19.47 , 4537.01 , 0.10
418.65 , 438.12 , 19.47 , 4541.88 , 0.10
418.65 , 442.99 , 24.34 , 4537.01 , 0.12
423.52 , 442.99 , 19.47 , 4537.01 , 0.10
428.39 , 447.86 , 19.47 , 4532.14 , 0.10
428.39 , 442.99 , 14.60 , 4537.01 , 0.07
428.39 , 442.99 , 14.60 , 4537.01 , 0.07
428.39 , 447.86 , 19.47 , 4532.14 , 0.10
428.39 , 452.73 , 24.34 , 4527.27 , 0.12
428.39 , 447.86 , 19.47 , 4532.14 , 0.10
428.39 , 452.73 , 24.34 , 4527.27 , 0.12
433.26 , 447.86 , 14.60 , 4532.14 , 0.07
428.39 , 457.60 , 29.21 , 4522.40 , 0.15
428.39 , 452.73 , 24.34 , 4527.27 , 0.12
433.26 , 462.46 , 29.21 , 4517.54 , 0.15
433.26 , 452.73 , 19.47 , 4527.27 , 0.10
433.26 , 457.60 , 24.34 , 4522.40 , 0.12
433.26 , 452.73 , 19.47 , 4527.27 , 0.10
433.26 , 462.46 , 29.21 , 4517.54 , 0.15
433.26 , 457.60 , 24.34 , 4522.40 , 0.12
438.12 , 462.46 , 24.34 , 4517.54 , 0.12
433.26 , 467.33 , 34.08 , 4512.67 , 0.17
433.26 , 462.46 , 29.21 , 4517.54 , 0.15
438.12 , 462.46 , 24.34 , 4517.54 , 0.12
438.12 , 467.33 , 29.21 , 4512.67 , 0.15
438.12 , 467.33 , 29.21 , 4512.67 , 0.15
438.12 , 467.33 , 29.21 , 4512.67 , 0.15
442.99 , 467.33 , 24.34 , 4512.67 , 0.12
438.12 , 477.07 , 38.94 , 4502.93 , 0.19
438.12 , 467.33 , 29.21 , 4512.67 , 0.15
442.99 , 472.20 , 29.21 , 4507.80 , 0.15
438.12 , 472.20 , 34.08 , 4507.80 , 0.17
442.99 , 477.07 , 34.08 , 4502.93 , 0.17
442.99 , 477.07 , 34.08 , 4502.93 , 0.17
442.99 , 477.07 , 34.08 , 4502.93 , 0.17
442.99 , 477.07 , 34.08 , 4502.93 , 0.17
447.86 , 481.94 , 34.08 , 4498.06 , 0.17
447.86 , 486.80 , 38.94 , 4493.20 , 0.19
447.86 , 481.94 , 34.08 , 4498.06 , 0.17
447.86 , 486.80 , 38.94 , 4493.20 , 0.19
447.86 , 486.80 , 38.94 , 4493.20 , 0.19
447.86 , 486.80 , 38.94 , 4493.20 , 0.19
452.73 , 491.67 , 38.94 , 4488.33 , 0.19
452.73 , 491.67 , 38.94 , 4488.33 , 0.19
452.73 , 486.80 , 34.08 , 4493.20 , 0.17
457.60 , 486.80 , 29.21 , 4493.20 , 0.15
452.73 , 496.54 , 43.81 , 4483.46 , 0.22
457.60 , 501.41 , 43.81 , 4478.59 , 0.22
452.73 , 496.54 , 43.81 , 4483.46 , 0.22
452.73 , 501.41 , 48.68 , 4478.59 , 0.24
452.73 , 501.41 , 48.68 , 4478.59 , 0.24
457.60 , 506.28 , 48.68 , 4473.72 , 0.24
457.60 , 511.14 , 53.55 , 4468.86 , 0.27
457.60 , 511.14 , 53.55 , 4468.86 , 0.27
462.46 , 511.14 , 48.68 , 4468.86 , 0.24
457.60 , 511.14 , 53.55 , 4468.86 , 0.27
457.60 , 516.01 , 58.42 , 4463.99 , 0.29
462.46 , 520.88 , 58.42 , 4459.12 , 0.29
467.33 , 525.75 , 58.42 , 4454.25 , 0.29
462.46 , 525.75 , 63.28 , 4454.25 , 0.32
462.46 , 525.75 , 63.28 , 4454.25 , 0.32
467.33 , 525.75 , 58.42 , 4454.25 , 0.29
467.33 , 530.62 , 63.28 , 4449.38 , 0.32
467.33 , 535.48 , 68.15 , 4444.52 , 0.34
472.20 , 540.35 , 68.15 , 4439.65 , 0.34
472.20 , 540.35 , 68.15 , 4439.65 , 0.34
472.20 , 545.22 , 73.02 , 4434.78 , 0.37
472.20 , 545.22 , 73.02 , 4434.78 , 0.37
472.20 , 554.96 , 82.76 , 4425.04 , 0.41
477.07 , 559.82 , 82.76 , 4420.18 , 0.41
477.07 , 559.82 , 82.76 , 4420.18 , 0.41
477.07 , 564.69 , 87.62 , 4415.31 , 0.44
477.07 , 569.56 , 92.49 , 4410.44 , 0.46
481.94 , 574.43 , 92.49 , 4405.57 , 0.46
486.80 , 579.30 , 92.49 , 4400.70 , 0.46
486.80 , 589.03 , 102.23 , 4390.97 , 0.51
486.80 , 593.90 , 107.10 , 4386.10 , 0.54
491.67 , 598.77 , 107.10 , 4381.23 , 0.54
491.67 , 613.37 , 121.70 , 4366.63 , 0.61
496.54 , 623.11 , 126.57 , 4356.89 , 0.63
501.41 , 627.98 , 126.57 , 4352.02 , 0.63
501.41 , 642.58 , 141.17 , 4337.42 , 0.71
501.41 , 652.32 , 150.91 , 4327.68 , 0.75
501.41 , 671.79 , 170.38 , 4308.21 , 0.85
506.28 , 681.52 , 175.25 , 4298.47 , 0.88
511.14 , 696.13 , 184.99 , 4283.87 , 0.92
516.01 , 715.60 , 199.59 , 4264.40 , 1.00
516.01 , 739.94 , 223.93 , 4240.06 , 1.12
525.75 , 769.15 , 243.40 , 4210.85 , 1.22
530.62 , 798.36 , 267.74 , 4181.64 , 1.34
535.48 , 842.17 , 306.69 , 4137.83 , 1.53
540.35 , 900.59 , 360.23 , 4079.41 , 1.80
550.09 , 968.74 , 418.65 , 4011.26 , 2.09
564.69 , 1066.10 , 501.41 , 3913.90 , 2.51
579.30 , 1217.01 , 637.71 , 3762.99 , 3.19
598.77 , 1475.01 , 876.25 , 3504.99 , 4.38
632.84 , 2020.23 , 1387.39 , 2959.77 , 6.94
715.60 , 4079.41 , 3363.81 , 900.59 , 16.82
715.60 , 4074.55 , 3358.94 , 905.45 , 16.79
