68.15 , 68.15 , 0.00 , 4911.85 , 0.00
107.10 , 107.10 , 0.00 , 4872.90 , 0.00
155.78 , 146.04 , -9.74 , 4833.96 , -0.05
180.12 , 189.85 , 9.74 , 4790.15 , 0.05
228.80 , 228.80 , 0.00 , 4751.20 , 0.00
258.01 , 262.87 , 4.87 , 4717.13 , 0.02
296.95 , 311.55 , 14.60 , 4668.45 , 0.07
326.16 , 326.16 , 0.00 , 4653.84 , 0.00
350.50 , 350.50 , 0.00 , 4629.50 , 0.00
369.97 , 365.10 , -4.87 , 4614.90 , -0.02
374.84 , 384.57 , 9.74 , 4595.43 , 0.05
379.71 , 384.57 , 4.87 , 4595.43 , 0.02
389.44 , 399.18 , 9.74 , 4580.82 , 0.05
389.44 , 399.18 , 9.74 , 4580.82 , 0.05
394.31 , 408.91 , 14.60 , 4571.08 , 0.07
394.31 , 408.91 , 14.60 , 4571.08 , 0.07
404.05 , 413.78 , 9.74 , 4566.22 , 0.05
404.05 , 418.65 , 14.60 , 4561.35 , 0.07
404.05 , 418.65 , 14.60 , 4561.35 , 0.07
413.78 , 418.65 , 4.87 , 4561.35 , 0.02
408.91 , 423.52 , 14.60 , 4556.48 , 0.07
408.91 , 423.52 , 14.60 , 4556.48 , 0.07
413.78 , 423.52 , 9.74 , 4556.48 , 0.05
413.78 , 423.52 , 9.74 , 4556.48 , 0.05
418.65 , 428.39 , 9.74 , 4551.61 , 0.05
413.78 , 433.26 , 19.47 , 4546.75 , 0.10
413.78 , 433.26 , 19.47 , 4546.75 , 0.10
413.78 , 438.12 , 24.34 , 4541.88 , 0.12
418.65 , 433.26 , 14.60 , 4546.75 , 0.07
423.52 , 438.12 , 14.60 , 4541.88 , 0.07
423.52 , 433.26 , 9.74 , 4546.75 , 0.05
418.65 , 438.12 , 19.47 , 4541.88 , 0.10
423.52 , 438.12 , 14.60 , 4541.88 , 0.07
423.52 , 447.86 , 24.34 , 4532.14 , 0.12
428.39 , 442.99 , 14.60 , 4537.01 , 0.07
423.52 , 447.86 , 24.34 , 4532.14 , 0.12
428.39 , 447.86 , 19.47 , 4532.14 , 0.10
423.52 , 447.86 , 24.34 , 4532.14 , 0.12
433.26 , 447.86 , 14.60 , 4532.14 , 0.07
428.39 , 452.73 , 24.34 , 4527.27 , 0.12
428.39 , 452.73 , 24.34 , 4527.27 , 0.12
433.26 , 452.73 , 19.47 , 4527.27 , 0.10
433.26 , 447.86 , 14.60 , 4532.14 , 0.07
433.26 , 457.60 , 24.34 , 4522.40 , 0.12
433.26 , 457.60 , 24.34 , 4522.40 , 0.12
433.26 , 457.60 , 24.34 , 4522.40 , 0.12
433.26 , 457.60 , 24.34 , 4522.40 , 0.12
438.12 , 462.46 , 24.34 , 4517.54 , 0.12
433.26 , 457.60 , 24.34 , 4522.40 , 0.12
438.12 , 462.46 , 24.34 , 4517.54 , 0.12
438.12 , 457.60 , 19.47 , 4522.40 , 0.10
438.12 , 457.60 , 19.47 , 4522.40 , 0.10
438.12 , 467.33 , 29.21 , 4512.67 , 0.15
438.12 , 467.33 , 29.21 , 4512.67 , 0.15
438.12 , 467.33 , 29.21 , 4512.67 , 0.15
438.12 , 467.33 , 29.21 , 4512.67 , 0.15
438.12 , 467.33 , 29.21 , 4512.67 , 0.15
442.99 , 472.20 , 29.21 , 4507.80 , 0.15
442.99 , 472.20 , 29.21 , 4507.80 , 0.15
438.12 , 472.20 , 34.08 , 4507.80 , 0.17
438.12 , 472.20 , 34.08 , 4507.80 , 0.17
442.99 , 472.20 , 29.21 , 4507.80 , 0.15
442.99 , 481.94 , 38.94 , 4498.06 , 0.19
442.99 , 481.94 , 38.94 , 4498.06 , 0.19
447.86 , 481.94 , 34.08 , 4498.06 , 0.17
447.86 , 481.94 , 34.08 , 4498.06 , 0.17
442.99 , 481.94 , 38.94 , 4498.06 , 0.19
442.99 , 481.94 , 38.94 , 4498.06 , 0.19
447.86 , 481.94 , 34.08 , 4498.06 , 0.17
447.86 , 486.80 , 38.94 , 4493.20 , 0.19
447.86 , 486.80 , 38.94 , 4493.20 , 0.19
452.73 , 491.67 , 38.94 , 4488.33 , 0.19
452.73 , 491.67 , 38.94 , 4488.33 , 0.19
452.73 , 486.80 , 34.08 , 4493.20 , 0.17
452.73 , 491.67 , 38.94 , 4488.33 , 0.19
447.86 , 496.54 , 48.68 , 4483.46 , 0.24
452.73 , 501.41 , 48.68 , 4478.59 , 0.24
452.73 , 501.41 , 48.68 , 4478.59 , 0.24
452.73 , 501.41 , 48.68 , 4478.59 , 0.24
457.60 , 506.28 , 48.68 , 4473.72 , 0.24
452.73 , 501.41 , 48.68 , 4478.59 , 0.24
457.60 , 506.28 , 48.68 , 4473.72 , 0.24
457.60 , 511.14 , 53.55 , 4468.86 , 0.27
457.60 , 511.14 , 53.55 , 4468.86 , 0.27
462.46 , 511.14 , 48.68 , 4468.86 , 0.24
462.46 , 520.88 , 58.42 , 4459.12 , 0.29
462.46 , 520.88 , 58.42 , 4459.12 , 0.29
462.46 , 516.01 , 53.55 , 4463.99 , 0.27
462.46 , 520.88 , 58.42 , 4459.12 , 0.29
462.46 , 525.75 , 63.28 , 4454.25 , 0.32
467.33 , 530.62 , 63.28 , 4449.38 , 0.32
467.33 , 535.48 , 68.15 , 4444.52 , 0.34
472.20 , 540.35 , 68.15 , 4439.65 , 0.34
472.20 , 540.35 , 68.15 , 4439.65 , 0.34
472.20 , 545.22 , 73.02 , 4434.78 , 0.37
472.20 , 545.22 , 73.02 , 4434.78 , 0.37
477.07 , 550.09 , 73.02 , 4429.91 , 0.37
472.20 , 550.09 , 77.89 , 4429.91 , 0.39
477.07 , 559.82 , 82.76 , 4420.18 , 0.41
477.07 , 559.82 , 82.76 , 4420.18 , 0.41
481.94 , 564.69 , 82.76 , 4415.31 , 0.41
481.94 , 574.43 , 92.49 , 4405.57 , 0.46
481.94 , 579.30 , 97.36 , 4400.70 , 0.49
486.80 , 584.16 , 97.36 , 4395.84 , 0.49
491.67 , 589.03 , 97.36 , 4390.97 , 0.49
486.80 , 593.90 , 107.10 , 4386.10 , 0.54
486.80 , 603.64 , 116.83 , 4376.36 , 0.58
496.54 , 613.37 , 116.83 , 4366.63 , 0.58
491.67 , 623.11 , 131.44 , 4356.89 , 0.66
496.54 , 627.98 , 131.44 , 4352.02 , 0.66
501.41 , 642.58 , 141.17 , 4337.42 , 0.71
501.41 , 652.32 , 150.91 , 4327.68 , 0.75
506.28 , 666.92 , 160.65 , 4313.08 , 0.80
506.28 , 676.66 , 170.38 , 4303.34 , 0.85
511.14 , 696.13 , 184.99 , 4283.87 , 0.92
511.14 , 715.60 , 204.46 , 4264.40 , 1.02
520.88 , 744.81 , 223.93 , 4235.19 , 1.12
525.75 , 769.15 , 243.40 , 4210.85 , 1.22
530.62 , 803.23 , 272.61 , 4176.77 , 1.36
535.48 , 842.17 , 306.69 , 4137.83 , 1.53
545.22 , 900.59 , 355.37 , 4079.41 , 1.78
554.96 , 973.61 , 418.65 , 4006.39 , 2.09
564.69 , 1070.97 , 506.28 , 3909.03 , 2.53
579.30 , 1221.88 , 642.58 , 3758.12 , 3.21
598.77 , 1479.88 , 881.11 , 3500.12 , 4.41
632.84 , 2029.97 , 1397.13 , 2950.03 , 6.99
715.60 , 4123.23 , 3407.62 , 856.77 , 17.04
715.60 , 4123.23 , 3407.62 , 856.77 , 17.04
