63.28 , 68.15 , 4.87 , 4911.85 , 0.02
107.10 , 107.10 , 0.00 , 4872.90 , 0.00
146.04 , 146.04 , 0.00 , 4833.96 , 0.00
189.85 , 180.12 , -9.74 , 4799.88 , -0.05
223.93 , 204.46 , -19.47 , 4775.54 , -0.10
262.87 , 262.87 , 0.00 , 4717.13 , 0.00
296.95 , 296.95 , 0.00 , 4683.05 , 0.00
331.03 , 316.42 , -14.60 , 4663.58 , -0.07
350.50 , 350.50 , 0.00 , 4629.50 , 0.00
365.10 , 369.97 , 4.87 , 4610.03 , 0.02
374.84 , 374.84 , 0.00 , 4605.16 , 0.00
379.71 , 389.44 , 9.74 , 4590.56 , 0.05
389.44 , 394.31 , 4.87 , 4585.69 , 0.02
394.31 , 404.05 , 9.74 , 4575.95 , 0.05
394.31 , 399.18 , 4.87 , 4580.82 , 0.02
399.18 , 413.78 , 14.60 , 4566.22 , 0.07
404.05 , 413.78 , 9.74 , 4566.22 , 0.05
404.05 , 418.65 , 14.60 , 4561.35 , 0.07
404.05 , 418.65 , 14.60 , 4561.35 , 0.07
408.91 , 418.65 , 9.74 , 4561.35 , 0.05
413.78 , 423.52 , 9.74 , 4556.48 , 0.05
413.78 , 423.52 , 9.74 , 4556.48 , 0.05
413.78 , 428.39 , 14.60 , 4551.61 , 0.07
413.78 , 428.39 , 14.60 , 4551.61 , 0.07
413.78 , 433.26 , 19.47 , 4546.75 , 0.10
418.65 , 433.26 , 14.60 , 4546.75 , 0.07
418.65 , 433.26 , 14.60 , 4546.75 , 0.07
418.65 , 438.12 , 19.47 , 4541.88 , 0.10
418.65 , 438.12 , 19.47 , 4541.88 , 0.10
423.52 , 438.12 , 14.60 , 4541.88 , 0.07
423.52 , 442.99 , 19.47 , 4537.01 , 0.10
423.52 , 442.99 , 19.47 , 4537.01 , 0.10
423.52 , 442.99 , 19.47 , 4537.01 , 0.10
418.65 , 447.86 , 29.21 , 4532.14 , 0.15
428.39 , 442.99 , 14.60 , 4537.01 , 0.07
428.39 , 447.86 , 19.47 , 4532.14 , 0.10
423.52 , 447.86 , 24.34 , 4532.14 , 0.12
428.39 , 447.86 , 19.47 , 4532.14 , 0.10
428.39 , 447.86 , 19.47 , 4532.14 , 0.10
428.39 , 452.73 , 24.34 , 4527.27 , 0.12
428.39 , 452.73 , 24.34 , 4527.27 , 0.12
428.39 , 452.73 , 24.34 , 4527.27 , 0.12
428.39 , 452.73 , 24.34 , 4527.27 , 0.12
433.26 , 457.60 , 24.34 , 4522.40 , 0.12
433.26 , 457.60 , 24.34 , 4522.40 , 0.12
428.39 , 457.60 , 29.21 , 4522.40 , 0.15
438.12 , 457.60 , 19.47 , 4522.40 , 0.10
433.26 , 457.60 , 24.34 , 4522.40 , 0.12
433.26 , 462.46 , 29.21 , 4517.54 , 0.15
438.12 , 462.46 , 24.34 , 4517.54 , 0.12
438.12 , 462.46 , 24.34 , 4517.54 , 0.12
438.12 , 467.33 , 29.21 , 4512.67 , 0.15
438.12 , 467.33 , 29.21 , 4512.67 , 0.15
442.99 , 467.33 , 24.34 , 4512.67 , 0.12
438.12 , 467.33 , 29.21 , 4512.67 , 0.15
438.12 , 467.33 , 29.21 , 4512.67 , 0.15
438.12 , 467.33 , 29.21 , 4512.67 , 0.15
438.12 , 472.20 , 34.08 , 4507.80 , 0.17
442.99 , 477.07 , 34.08 , 4502.93 , 0.17
442.99 , 472.20 , 29.21 , 4507.80 , 0.15
442.99 , 477.07 , 34.08 , 4502.93 , 0.17
442.99 , 477.07 , 34.08 , 4502.93 , 0.17
433.26 , 477.07 , 43.81 , 4502.93 , 0.22
442.99 , 477.07 , 34.08 , 4502.93 , 0.17
452.73 , 477.07 , 24.34 , 4502.93 , 0.12
447.86 , 481.94 , 34.08 , 4498.06 , 0.17
447.86 , 477.07 , 29.21 , 4502.93 , 0.15
447.86 , 486.80 , 38.94 , 4493.20 , 0.19
447.86 , 486.80 , 38.94 , 4493.20 , 0.19
447.86 , 486.80 , 38.94 , 4493.20 , 0.19
452.73 , 491.67 , 38.94 , 4488.33 , 0.19
447.86 , 491.67 , 43.81 , 4488.33 , 0.22
447.86 , 486.80 , 38.94 , 4493.20 , 0.19
447.86 , 496.54 , 48.68 , 4483.46 , 0.24
447.86 , 496.54 , 48.68 , 4483.46 , 0.24
452.73 , 496.54 , 43.81 , 4483.46 , 0.22
452.73 , 501.41 , 48.68 , 4478.59 , 0.24
452.73 , 501.41 , 48.68 , 4478.59 , 0.24
452.73 , 501.41 , 48.68 , 4478.59 , 0.24
457.60 , 506.28 , 48.68 , 4473.72 , 0.24
452.73 , 501.41 , 48.68 , 4478.59 , 0.24
457.60 , 511.14 , 53.55 , 4468.86 , 0.27
457.60 , 506.28 , 48.68 , 4473.72 , 0.24
457.60 , 511.14 , 53.55 , 4468.86 , 0.27
457.60 , 511.14 , 53.55 , 4468.86 , 0.27
452.73 , 516.01 , 63.28 , 4463.99 , 0.32
467.33 , 516.01 , 48.68 , 4463.99 , 0.24
462.46 , 520.88 , 58.42 , 4459.12 , 0.29
467.33 , 525.75 , 58.42 , 4454.25 , 0.29
462.46 , 525.75 , 63.28 , 4454.25 , 0.32
467.33 , 530.62 , 63.28 , 4449.38 , 0.32
467.33 , 535.48 , 68.15 , 4444.52 , 0.34
472.20 , 535.48 , 63.28 , 4444.52 , 0.32
467.33 , 535.48 , 68.15 , 4444.52 , 0.34
472.20 , 545.22 , 73.02 , 4434.78 , 0.37
477.07 , 545.22 , 68.15 , 4434.78 , 0.34
472.20 , 550.09 , 77.89 , 4429.91 , 0.39
472.20 , 554.96 , 82.76 , 4425.04 , 0.41
477.07 , 554.96 , 77.89 , 4425.04 , 0.39
477.07 , 559.82 , 82.76 , 4420.18 , 0.41
477.07 , 564.69 , 87.62 , 4415.31 , 0.44
481.94 , 574.43 , 92.49 , 4405.57 , 0.46
481.94 , 579.30 , 97.36 , 4400.70 , 0.49
481.94 , 564.69 , 82.76 , 4415.31 , 0.41
486.80 , 589.03 , 102.23 , 4390.97 , 0.51
486.80 , 593.90 , 107.10 , 4386.10 , 0.54
491.67 , 603.64 , 111.96 , 4376.36 , 0.56
491.67 , 613.37 , 121.70 , 4366.63 , 0.61
496.54 , 623.11 , 126.57 , 4356.89 , 0.63
496.54 , 627.98 , 131.44 , 4352.02 , 0.66
501.41 , 642.58 , 141.17 , 4337.42 , 0.71
496.54 , 657.18 , 160.65 , 4322.82 , 0.80
506.28 , 666.92 , 160.65 , 4313.08 , 0.80
511.14 , 686.39 , 175.25 , 4293.61 , 0.88
511.14 , 701.00 , 189.85 , 4279.00 , 0.95
520.88 , 715.60 , 194.72 , 4264.40 , 0.97
520.88 , 739.94 , 219.06 , 4240.06 , 1.10
520.88 , 769.15 , 248.27 , 4210.85 , 1.24
525.75 , 808.09 , 282.35 , 4171.91 , 1.41
535.48 , 842.17 , 306.69 , 4137.83 , 1.53
545.22 , 895.72 , 350.50 , 4084.28 , 1.75
550.09 , 973.61 , 423.52 , 4006.39 , 2.12
564.69 , 1066.10 , 501.41 , 3913.90 , 2.51
579.30 , 1217.01 , 637.71 , 3762.99 , 3.19
598.77 , 1484.75 , 885.98 , 3495.25 , 4.43
632.84 , 2029.97 , 1397.13 , 2950.03 , 6.99
715.60 , 4128.09 , 3412.49 , 851.91 , 17.06
715.60 , 4132.96 , 3417.36 , 847.04 , 17.09
