73.02 , 43.81 , -29.21 , 4936.19 , -0.15
102.23 , 111.96 , 9.74 , 4868.04 , 0.05
150.91 , 146.04 , -4.87 , 4833.96 , -0.02
184.99 , 180.12 , -4.87 , 4799.88 , -0.02
223.93 , 228.80 , 4.87 , 4751.20 , 0.02
258.01 , 258.01 , 0.00 , 4721.99 , 0.00
292.08 , 292.08 , 0.00 , 4687.92 , 0.00
331.03 , 326.16 , -4.87 , 4653.84 , -0.02
350.50 , 350.50 , 0.00 , 4629.50 , 0.00
365.10 , 365.10 , 0.00 , 4614.90 , 0.00
374.84 , 389.44 , 14.60 , 4590.56 , 0.07
384.57 , 384.57 , 0.00 , 4595.43 , 0.00
389.44 , 394.31 , 4.87 , 4585.69 , 0.02
374.84 , 399.18 , 24.34 , 4580.82 , 0.12
399.18 , 404.05 , 4.87 , 4575.95 , 0.02
399.18 , 408.91 , 9.74 , 4571.08 , 0.05
404.05 , 413.78 , 9.74 , 4566.22 , 0.05
408.91 , 413.78 , 4.87 , 4566.22 , 0.02
408.91 , 418.65 , 9.74 , 4561.35 , 0.05
408.91 , 413.78 , 4.87 , 4566.22 , 0.02
408.91 , 418.65 , 9.74 , 4561.35 , 0.05
413.78 , 423.52 , 9.74 , 4556.48 , 0.05
418.65 , 428.39 , 9.74 , 4551.61 , 0.05
413.78 , 428.39 , 14.60 , 4551.61 , 0.07
418.65 , 433.26 , 14.60 , 4546.75 , 0.07
418.65 , 433.26 , 14.60 , 4546.75 , 0.07
418.65 , 433.26 , 14.60 , 4546.75 , 0.07
418.65 , 428.39 , 9.74 , 4551.61 , 0.05
423.52 , 438.12 , 14.60 , 4541.88 , 0.07
423.52 , 438.12 , 14.60 , 4541.88 , 0.07
423.52 , 442.99 , 19.47 , 4537.01 , 0.10
423.52 , 438.12 , 14.60 , 4541.88 , 0.07
423.52 , 442.99 , 19.47 , 4537.01 , 0.10
423.52 , 442.99 , 19.47 , 4537.01 , 0.10
423.52 , 442.99 , 19.47 , 4537.01 , 0.10
423.52 , 442.99 , 19.47 , 4537.01 , 0.10
428.39 , 452.73 , 24.34 , 4527.27 , 0.12
423.52 , 447.86 , 24.34 , 4532.14 , 0.12
423.52 , 452.73 , 29.21 , 4527.27 , 0.15
433.26 , 447.86 , 14.60 , 4532.14 , 0.07
433.26 , 452.73 , 19.47 , 4527.27 , 0.10
428.39 , 452.73 , 24.34 , 4527.27 , 0.12
433.26 , 452.73 , 19.47 , 4527.27 , 0.10
428.39 , 457.60 , 29.21 , 4522.40 , 0.15
433.26 , 462.46 , 29.21 , 4517.54 , 0.15
438.12 , 457.60 , 19.47 , 4522.40 , 0.10
433.26 , 462.46 , 29.21 , 4517.54 , 0.15
433.26 , 462.46 , 29.21 , 4517.54 , 0.15
438.12 , 462.46 , 24.34 , 4517.54 , 0.12
433.26 , 462.46 , 29.21 , 4517.54 , 0.15
433.26 , 462.46 , 29.21 , 4517.54 , 0.15
438.12 , 462.46 , 24.34 , 4517.54 , 0.12
438.12 , 462.46 , 24.34 , 4517.54 , 0.12
442.99 , 467.33 , 24.34 , 4512.67 , 0.12
438.12 , 472.20 , 34.08 , 4507.80 , 0.17
442.99 , 467.33 , 24.34 , 4512.67 , 0.12
442.99 , 467.33 , 24.34 , 4512.67 , 0.12
442.99 , 472.20 , 29.21 , 4507.80 , 0.15
442.99 , 472.20 , 29.21 , 4507.80 , 0.15
442.99 , 472.20 , 29.21 , 4507.80 , 0.15
447.86 , 477.07 , 29.21 , 4502.93 , 0.15
442.99 , 477.07 , 34.08 , 4502.93 , 0.17
442.99 , 477.07 , 34.08 , 4502.93 , 0.17
447.86 , 477.07 , 29.21 , 4502.93 , 0.15
442.99 , 481.94 , 38.94 , 4498.06 , 0.19
447.86 , 481.94 , 34.08 , 4498.06 , 0.17
447.86 , 477.07 , 29.21 , 4502.93 , 0.15
447.86 , 481.94 , 34.08 , 4498.06 , 0.17
447.86 , 486.80 , 38.94 , 4493.20 , 0.19
447.86 , 486.80 , 38.94 , 4493.20 , 0.19
447.86 , 486.80 , 38.94 , 4493.20 , 0.19
452.73 , 486.80 , 34.08 , 4493.20 , 0.17
452.73 , 486.80 , 34.08 , 4493.20 , 0.17
447.86 , 491.67 , 43.81 , 4488.33 , 0.22
452.73 , 496.54 , 43.81 , 4483.46 , 0.22
452.73 , 496.54 , 43.81 , 4483.46 , 0.22
452.73 , 496.54 , 43.81 , 4483.46 , 0.22
452.73 , 496.54 , 43.81 , 4483.46 , 0.22
457.60 , 501.41 , 43.81 , 4478.59 , 0.22
452.73 , 506.28 , 53.55 , 4473.72 , 0.27
457.60 , 501.41 , 43.81 , 4478.59 , 0.22
457.60 , 506.28 , 48.68 , 4473.72 , 0.24
457.60 , 511.14 , 53.55 , 4468.86 , 0.27
462.46 , 516.01 , 53.55 , 4463.99 , 0.27
457.60 , 511.14 , 53.55 , 4468.86 , 0.27
457.60 , 520.88 , 63.28 , 4459.12 , 0.32
462.46 , 516.01 , 53.55 , 4463.99 , 0.27
462.46 , 520.88 , 58.42 , 4459.12 , 0.29
462.46 , 520.88 , 58.42 , 4459.12 , 0.29
472.20 , 525.75 , 53.55 , 4454.25 , 0.27
462.46 , 525.75 , 63.28 , 4454.25 , 0.32
472.20 , 535.48 , 63.28 , 4444.52 , 0.32
467.33 , 540.35 , 73.02 , 4439.65 , 0.37
472.20 , 540.35 , 68.15 , 4439.65 , 0.34
477.07 , 545.22 , 68.15 , 4434.78 , 0.34
467.33 , 545.22 , 77.89 , 4434.78 , 0.39
477.07 , 550.09 , 73.02 , 4429.91 , 0.37
477.07 , 550.09 , 73.02 , 4429.91 , 0.37
472.20 , 554.96 , 82.76 , 4425.04 , 0.41
481.94 , 559.82 , 77.89 , 4420.18 , 0.39
481.94 , 564.69 , 82.76 , 4415.31 , 0.41
481.94 , 574.43 , 92.49 , 4405.57 , 0.46
481.94 , 579.30 , 97.36 , 4400.70 , 0.49
486.80 , 584.16 , 97.36 , 4395.84 , 0.49
481.94 , 589.03 , 107.10 , 4390.97 , 0.54
486.80 , 593.90 , 107.10 , 4386.10 , 0.54
491.67 , 603.64 , 111.96 , 4376.36 , 0.56
491.67 , 608.50 , 116.83 , 4371.50 , 0.58
496.54 , 618.24 , 121.70 , 4361.76 , 0.61
491.67 , 632.84 , 141.17 , 4347.16 , 0.71
501.41 , 637.71 , 136.30 , 4342.29 , 0.68
501.41 , 652.32 , 150.91 , 4327.68 , 0.75
506.28 , 666.92 , 160.65 , 4313.08 , 0.80
506.28 , 681.52 , 175.25 , 4298.47 , 0.88
516.01 , 696.13 , 180.12 , 4283.87 , 0.90
516.01 , 720.47 , 204.46 , 4259.53 , 1.02
520.88 , 749.68 , 228.80 , 4230.32 , 1.14
525.75 , 769.15 , 243.40 , 4210.85 , 1.22
530.62 , 803.23 , 272.61 , 4176.77 , 1.36
535.48 , 847.04 , 311.55 , 4132.96 , 1.56
540.35 , 900.59 , 360.23 , 4079.41 , 1.80
550.09 , 968.74 , 418.65 , 4011.26 , 2.09
564.69 , 1070.97 , 506.28 , 3909.03 , 2.53
579.30 , 1226.74 , 647.45 , 3753.26 , 3.24
598.77 , 1479.88 , 881.11 , 3500.12 , 4.41
627.98 , 2029.97 , 1401.99 , 2950.03 , 7.01
720.47 , 4113.49 , 3393.02 , 866.51 , 16.97
720.47 , 4113.49 , 3393.02 , 866.51 , 16.97
