63.28 , 68.15 , 4.87 , 4911.85 , 0.02
107.10 , 107.10 , 0.00 , 4872.90 , 0.00
146.04 , 160.65 , 14.60 , 4819.35 , 0.07
184.99 , 180.12 , -4.87 , 4799.88 , -0.02
228.80 , 228.80 , 0.00 , 4751.20 , 0.00
253.14 , 267.74 , 14.60 , 4712.26 , 0.07
296.95 , 296.95 , 0.00 , 4683.05 , 0.00
321.29 , 326.16 , 4.87 , 4653.84 , 0.02
345.63 , 350.50 , 4.87 , 4629.50 , 0.02
365.10 , 365.10 , 0.00 , 4614.90 , 0.00
374.84 , 379.71 , 4.87 , 4600.29 , 0.02
384.57 , 379.71 , -4.87 , 4600.29 , -0.02
389.44 , 394.31 , 4.87 , 4585.69 , 0.02
389.44 , 394.31 , 4.87 , 4585.69 , 0.02
394.31 , 404.05 , 9.74 , 4575.95 , 0.05
399.18 , 408.91 , 9.74 , 4571.08 , 0.05
399.18 , 413.78 , 14.60 , 4566.22 , 0.07
404.05 , 413.78 , 9.74 , 4566.22 , 0.05
408.91 , 418.65 , 9.74 , 4561.35 , 0.05
408.91 , 418.65 , 9.74 , 4561.35 , 0.05
408.91 , 418.65 , 9.74 , 4561.35 , 0.05
408.91 , 418.65 , 9.74 , 4561.35 , 0.05
413.78 , 433.26 , 19.47 , 4546.75 , 0.10
413.78 , 428.39 , 14.60 , 4551.61 , 0.07
413.78 , 433.26 , 19.47 , 4546.75 , 0.10
413.78 , 433.26 , 19.47 , 4546.75 , 0.10
418.65 , 438.12 , 19.47 , 4541.88 , 0.10
418.65 , 433.26 , 14.60 , 4546.75 , 0.07
418.65 , 433.26 , 14.60 , 4546.75 , 0.07
423.52 , 438.12 , 14.60 , 4541.88 , 0.07
423.52 , 442.99 , 19.47 , 4537.01 , 0.10
423.52 , 442.99 , 19.47 , 4537.01 , 0.10
423.52 , 442.99 , 19.47 , 4537.01 , 0.10
418.65 , 442.99 , 24.34 , 4537.01 , 0.12
423.52 , 447.86 , 24.34 , 4532.14 , 0.12
428.39 , 442.99 , 14.60 , 4537.01 , 0.07
428.39 , 447.86 , 19.47 , 4532.14 , 0.10
428.39 , 452.73 , 24.34 , 4527.27 , 0.12
428.39 , 452.73 , 24.34 , 4527.27 , 0.12
428.39 , 447.86 , 19.47 , 4532.14 , 0.10
428.39 , 452.73 , 24.34 , 4527.27 , 0.12
433.26 , 452.73 , 19.47 , 4527.27 , 0.10
428.39 , 452.73 , 24.34 , 4527.27 , 0.12
433.26 , 452.73 , 19.47 , 4527.27 , 0.10
428.39 , 457.60 , 29.21 , 4522.40 , 0.15
433.26 , 457.60 , 24.34 , 4522.40 , 0.12
438.12 , 457.60 , 19.47 , 4522.40 , 0.10
433.26 , 457.60 , 24.34 , 4522.40 , 0.12
438.12 , 457.60 , 19.47 , 4522.40 , 0.10
438.12 , 462.46 , 24.34 , 4517.54 , 0.12
438.12 , 457.60 , 19.47 , 4522.40 , 0.10
438.12 , 462.46 , 24.34 , 4517.54 , 0.12
433.26 , 462.46 , 29.21 , 4517.54 , 0.15
433.26 , 462.46 , 29.21 , 4517.54 , 0.15
442.99 , 467.33 , 24.34 , 4512.67 , 0.12
438.12 , 467.33 , 29.21 , 4512.67 , 0.15
438.12 , 472.20 , 34.08 , 4507.80 , 0.17
442.99 , 472.20 , 29.21 , 4507.80 , 0.15
442.99 , 467.33 , 24.34 , 4512.67 , 0.12
442.99 , 472.20 , 29.21 , 4507.80 , 0.15
442.99 , 477.07 , 34.08 , 4502.93 , 0.17
442.99 , 472.20 , 29.21 , 4507.80 , 0.15
438.12 , 477.07 , 38.94 , 4502.93 , 0.19
447.86 , 481.94 , 34.08 , 4498.06 , 0.17
442.99 , 477.07 , 34.08 , 4502.93 , 0.17
447.86 , 481.94 , 34.08 , 4498.06 , 0.17
442.99 , 486.80 , 43.81 , 4493.20 , 0.22
442.99 , 481.94 , 38.94 , 4498.06 , 0.19
447.86 , 486.80 , 38.94 , 4493.20 , 0.19
447.86 , 486.80 , 38.94 , 4493.20 , 0.19
447.86 , 486.80 , 38.94 , 4493.20 , 0.19
447.86 , 491.67 , 43.81 , 4488.33 , 0.22
452.73 , 486.80 , 34.08 , 4493.20 , 0.17
452.73 , 496.54 , 43.81 , 4483.46 , 0.22
452.73 , 496.54 , 43.81 , 4483.46 , 0.22
452.73 , 496.54 , 43.81 , 4483.46 , 0.22
457.60 , 496.54 , 38.94 , 4483.46 , 0.19
452.73 , 496.54 , 43.81 , 4483.46 , 0.22
452.73 , 496.54 , 43.81 , 4483.46 , 0.22
452.73 , 506.28 , 53.55 , 4473.72 , 0.27
452.73 , 506.28 , 53.55 , 4473.72 , 0.27
457.60 , 506.28 , 48.68 , 4473.72 , 0.24
457.60 , 511.14 , 53.55 , 4468.86 , 0.27
457.60 , 511.14 , 53.55 , 4468.86 , 0.27
462.46 , 511.14 , 48.68 , 4468.86 , 0.24
457.60 , 516.01 , 58.42 , 4463.99 , 0.29
467.33 , 520.88 , 53.55 , 4459.12 , 0.27
462.46 , 520.88 , 58.42 , 4459.12 , 0.29
462.46 , 525.75 , 63.28 , 4454.25 , 0.32
462.46 , 525.75 , 63.28 , 4454.25 , 0.32
467.33 , 530.62 , 63.28 , 4449.38 , 0.32
467.33 , 530.62 , 63.28 , 4449.38 , 0.32
467.33 , 530.62 , 63.28 , 4449.38 , 0.32
472.20 , 535.48 , 63.28 , 4444.52 , 0.32
472.20 , 540.35 , 68.15 , 4439.65 , 0.34
472.20 , 545.22 , 73.02 , 4434.78 , 0.37
477.07 , 550.09 , 73.02 , 4429.91 , 0.37
477.07 , 550.09 , 73.02 , 4429.91 , 0.37
477.07 , 559.82 , 82.76 , 4420.18 , 0.41
472.20 , 564.69 , 92.49 , 4415.31 , 0.46
477.07 , 564.69 , 87.62 , 4415.31 , 0.44
481.94 , 574.43 , 92.49 , 4405.57 , 0.46
486.80 , 574.43 , 87.62 , 4405.57 , 0.44
481.94 , 584.16 , 102.23 , 4395.84 , 0.51
486.80 , 584.16 , 97.36 , 4395.84 , 0.49
486.80 , 598.77 , 111.96 , 4381.23 , 0.56
486.80 , 608.50 , 121.70 , 4371.50 , 0.61
496.54 , 613.37 , 116.83 , 4366.63 , 0.58
496.54 , 623.11 , 126.57 , 4356.89 , 0.63
496.54 , 627.98 , 131.44 , 4352.02 , 0.66
496.54 , 647.45 , 150.91 , 4332.55 , 0.75
501.41 , 657.18 , 155.78 , 4322.82 , 0.78
506.28 , 666.92 , 160.65 , 4313.08 , 0.80
506.28 , 681.52 , 175.25 , 4298.47 , 0.88
511.14 , 696.13 , 184.99 , 4283.87 , 0.92
516.01 , 720.47 , 204.46 , 4259.53 , 1.02
520.88 , 739.94 , 219.06 , 4240.06 , 1.10
525.75 , 769.15 , 243.40 , 4210.85 , 1.22
530.62 , 803.23 , 272.61 , 4176.77 , 1.36
540.35 , 847.04 , 306.69 , 4132.96 , 1.53
545.22 , 900.59 , 355.37 , 4079.41 , 1.78
550.09 , 973.61 , 423.52 , 4006.39 , 2.12
564.69 , 1066.10 , 501.41 , 3913.90 , 2.51
579.30 , 1217.01 , 637.71 , 3762.99 , 3.19
598.77 , 1479.88 , 881.11 , 3500.12 , 4.41
632.84 , 2029.97 , 1397.13 , 2950.03 , 6.99
720.47 , 4123.23 , 3402.76 , 856.77 , 17.01
725.34 , 4128.09 , 3402.76 , 851.91 , 17.01
