53.55 , 68.15 , 14.60 , 4911.85 , 0.07
111.96 , 111.96 , 0.00 , 4868.04 , 0.00
146.04 , 141.17 , -4.87 , 4838.83 , -0.02
180.12 , 184.99 , 4.87 , 4795.01 , 0.02
228.80 , 223.93 , -4.87 , 4756.07 , -0.02
262.87 , 262.87 , 0.00 , 4717.13 , 0.00
296.95 , 296.95 , 0.00 , 4683.05 , 0.00
326.16 , 326.16 , 0.00 , 4653.84 , 0.00
355.37 , 350.50 , -4.87 , 4629.50 , -0.02
365.10 , 360.23 , -4.87 , 4619.77 , -0.02
374.84 , 374.84 , 0.00 , 4605.16 , 0.00
379.71 , 384.57 , 4.87 , 4595.43 , 0.02
394.31 , 394.31 , 0.00 , 4585.69 , 0.00
394.31 , 404.05 , 9.74 , 4575.95 , 0.05
399.18 , 404.05 , 4.87 , 4575.95 , 0.02
404.05 , 408.91 , 4.87 , 4571.08 , 0.02
404.05 , 413.78 , 9.74 , 4566.22 , 0.05
404.05 , 413.78 , 9.74 , 4566.22 , 0.05
404.05 , 423.52 , 19.47 , 4556.48 , 0.10
408.91 , 423.52 , 14.60 , 4556.48 , 0.07
408.91 , 423.52 , 14.60 , 4556.48 , 0.07
413.78 , 428.39 , 14.60 , 4551.61 , 0.07
418.65 , 428.39 , 9.74 , 4551.61 , 0.05
418.65 , 428.39 , 9.74 , 4551.61 , 0.05
418.65 , 433.26 , 14.60 , 4546.75 , 0.07
418.65 , 433.26 , 14.60 , 4546.75 , 0.07
418.65 , 433.26 , 14.60 , 4546.75 , 0.07
418.65 , 442.99 , 24.34 , 4537.01 , 0.12
423.52 , 438.12 , 14.60 , 4541.88 , 0.07
418.65 , 442.99 , 24.34 , 4537.01 , 0.12
418.65 , 438.12 , 19.47 , 4541.88 , 0.10
418.65 , 442.99 , 24.34 , 4537.01 , 0.12
423.52 , 442.99 , 19.47 , 4537.01 , 0.10
423.52 , 442.99 , 19.47 , 4537.01 , 0.10
423.52 , 442.99 , 19.47 , 4537.01 , 0.10
423.52 , 447.86 , 24.34 , 4532.14 , 0.12
428.39 , 447.86 , 19.47 , 4532.14 , 0.10
428.39 , 447.86 , 19.47 , 4532.14 , 0.10
428.39 , 447.86 , 19.47 , 4532.14 , 0.10
428.39 , 447.86 , 19.47 , 4532.14 , 0.10
428.39 , 452.73 , 24.34 , 4527.27 , 0.12
433.26 , 452.73 , 19.47 , 4527.27 , 0.10
428.39 , 452.73 , 24.34 , 4527.27 , 0.12
433.26 , 457.60 , 24.34 , 4522.40 , 0.12
433.26 , 457.60 , 24.34 , 4522.40 , 0.12
433.26 , 457.60 , 24.34 , 4522.40 , 0.12
433.26 , 462.46 , 29.21 , 4517.54 , 0.15
433.26 , 457.60 , 24.34 , 4522.40 , 0.12
433.26 , 462.46 , 29.21 , 4517.54 , 0.15
438.12 , 462.46 , 24.34 , 4517.54 , 0.12
433.26 , 467.33 , 34.08 , 4512.67 , 0.17
438.12 , 467.33 , 29.21 , 4512.67 , 0.15
433.26 , 462.46 , 29.21 , 4517.54 , 0.15
433.26 , 467.33 , 34.08 , 4512.67 , 0.17
438.12 , 467.33 , 29.21 , 4512.67 , 0.15
438.12 , 467.33 , 29.21 , 4512.67 , 0.15
438.12 , 467.33 , 29.21 , 4512.67 , 0.15
447.86 , 472.20 , 24.34 , 4507.80 , 0.12
438.12 , 472.20 , 34.08 , 4507.80 , 0.17
438.12 , 477.07 , 38.94 , 4502.93 , 0.19
438.12 , 472.20 , 34.08 , 4507.80 , 0.17
442.99 , 481.94 , 38.94 , 4498.06 , 0.19
442.99 , 477.07 , 34.08 , 4502.93 , 0.17
442.99 , 481.94 , 38.94 , 4498.06 , 0.19
442.99 , 481.94 , 38.94 , 4498.06 , 0.19
442.99 , 481.94 , 38.94 , 4498.06 , 0.19
447.86 , 481.94 , 34.08 , 4498.06 , 0.17
447.86 , 486.80 , 38.94 , 4493.20 , 0.19
442.99 , 486.80 , 43.81 , 4493.20 , 0.22
447.86 , 486.80 , 38.94 , 4493.20 , 0.19
447.86 , 486.80 , 38.94 , 4493.20 , 0.19
447.86 , 491.67 , 43.81 , 4488.33 , 0.22
452.73 , 491.67 , 38.94 , 4488.33 , 0.19
452.73 , 491.67 , 38.94 , 4488.33 , 0.19
457.60 , 491.67 , 34.08 , 4488.33 , 0.17
447.86 , 496.54 , 48.68 , 4483.46 , 0.24
452.73 , 496.54 , 43.81 , 4483.46 , 0.22
452.73 , 496.54 , 43.81 , 4483.46 , 0.22
457.60 , 501.41 , 43.81 , 4478.59 , 0.22
457.60 , 506.28 , 48.68 , 4473.72 , 0.24
457.60 , 506.28 , 48.68 , 4473.72 , 0.24
457.60 , 501.41 , 43.81 , 4478.59 , 0.22
457.60 , 506.28 , 48.68 , 4473.72 , 0.24
457.60 , 511.14 , 53.55 , 4468.86 , 0.27
462.46 , 516.01 , 53.55 , 4463.99 , 0.27
462.46 , 516.01 , 53.55 , 4463.99 , 0.27
462.46 , 516.01 , 53.55 , 4463.99 , 0.27
462.46 , 525.75 , 63.28 , 4454.25 , 0.32
462.46 , 520.88 , 58.42 , 4459.12 , 0.29
462.46 , 525.75 , 63.28 , 4454.25 , 0.32
467.33 , 525.75 , 58.42 , 4454.25 , 0.29
467.33 , 530.62 , 63.28 , 4449.38 , 0.32
472.20 , 535.48 , 63.28 , 4444.52 , 0.32
472.20 , 540.35 , 68.15 , 4439.65 , 0.34
472.20 , 540.35 , 68.15 , 4439.65 , 0.34
477.07 , 550.09 , 73.02 , 4429.91 , 0.37
472.20 , 545.22 , 73.02 , 4434.78 , 0.37
477.07 , 554.96 , 77.89 , 4425.04 , 0.39
481.94 , 554.96 , 73.02 , 4425.04 , 0.37
472.20 , 564.69 , 92.49 , 4415.31 , 0.46
481.94 , 564.69 , 82.76 , 4415.31 , 0.41
477.07 , 574.43 , 97.36 , 4405.57 , 0.49
481.94 , 579.30 , 97.36 , 4400.70 , 0.49
481.94 , 584.16 , 102.23 , 4395.84 , 0.51
481.94 , 589.03 , 107.10 , 4390.97 , 0.54
491.67 , 598.77 , 107.10 , 4381.23 , 0.54
486.80 , 603.64 , 116.83 , 4376.36 , 0.58
491.67 , 613.37 , 121.70 , 4366.63 , 0.61
496.54 , 623.11 , 126.57 , 4356.89 , 0.63
496.54 , 632.84 , 136.30 , 4347.16 , 0.68
496.54 , 642.58 , 146.04 , 4337.42 , 0.73
501.41 , 657.18 , 155.78 , 4322.82 , 0.78
506.28 , 662.05 , 155.78 , 4317.95 , 0.78
506.28 , 686.39 , 180.12 , 4293.61 , 0.90
511.14 , 701.00 , 189.85 , 4279.00 , 0.95
516.01 , 720.47 , 204.46 , 4259.53 , 1.02
520.88 , 739.94 , 219.06 , 4240.06 , 1.10
525.75 , 769.15 , 243.40 , 4210.85 , 1.22
525.75 , 803.23 , 277.48 , 4176.77 , 1.39
535.48 , 847.04 , 311.55 , 4132.96 , 1.56
545.22 , 895.72 , 350.50 , 4084.28 , 1.75
550.09 , 973.61 , 423.52 , 4006.39 , 2.12
564.69 , 1070.97 , 506.28 , 3909.03 , 2.53
579.30 , 1217.01 , 637.71 , 3762.99 , 3.19
603.64 , 1479.88 , 876.25 , 3500.12 , 4.38
632.84 , 2029.97 , 1397.13 , 2950.03 , 6.99
715.60 , 4123.23 , 3407.62 , 856.77 , 17.04
720.47 , 4118.36 , 3397.89 , 861.64 , 16.99
