82.76 , 68.15 , -14.60 , 4911.85 , -0.07
102.23 , 102.23 , 0.00 , 4877.77 , 0.00
146.04 , 141.17 , -4.87 , 4838.83 , -0.02
199.59 , 184.99 , -14.60 , 4795.01 , -0.07
219.06 , 219.06 , 0.00 , 4760.94 , 0.00
258.01 , 262.87 , 4.87 , 4717.13 , 0.02
296.95 , 292.08 , -4.87 , 4687.92 , -0.02
321.29 , 335.89 , 14.60 , 4644.11 , 0.07
345.63 , 355.37 , 9.74 , 4624.63 , 0.05
365.10 , 365.10 , 0.00 , 4614.90 , 0.00
374.84 , 374.84 , 0.00 , 4605.16 , 0.00
384.57 , 389.44 , 4.87 , 4590.56 , 0.02
384.57 , 389.44 , 4.87 , 4590.56 , 0.02
389.44 , 399.18 , 9.74 , 4580.82 , 0.05
394.31 , 404.05 , 9.74 , 4575.95 , 0.05
399.18 , 408.91 , 9.74 , 4571.08 , 0.05
404.05 , 408.91 , 4.87 , 4571.08 , 0.02
404.05 , 413.78 , 9.74 , 4566.22 , 0.05
404.05 , 418.65 , 14.60 , 4561.35 , 0.07
408.91 , 418.65 , 9.74 , 4561.35 , 0.05
408.91 , 418.65 , 9.74 , 4561.35 , 0.05
408.91 , 423.52 , 14.60 , 4556.48 , 0.07
413.78 , 428.39 , 14.60 , 4551.61 , 0.07
413.78 , 428.39 , 14.60 , 4551.61 , 0.07
413.78 , 428.39 , 14.60 , 4551.61 , 0.07
418.65 , 433.26 , 14.60 , 4546.75 , 0.07
418.65 , 433.26 , 14.60 , 4546.75 , 0.07
423.52 , 438.12 , 14.60 , 4541.88 , 0.07
418.65 , 438.12 , 19.47 , 4541.88 , 0.10
418.65 , 438.12 , 19.47 , 4541.88 , 0.10
423.52 , 438.12 , 14.60 , 4541.88 , 0.07
418.65 , 438.12 , 19.47 , 4541.88 , 0.10
418.65 , 438.12 , 19.47 , 4541.88 , 0.10
423.52 , 442.99 , 19.47 , 4537.01 , 0.10
423.52 , 457.60 , 34.08 , 4522.40 , 0.17
423.52 , 442.99 , 19.47 , 4537.01 , 0.10
428.39 , 447.86 , 19.47 , 4532.14 , 0.10
423.52 , 447.86 , 24.34 , 4532.14 , 0.12
428.39 , 447.86 , 19.47 , 4532.14 , 0.10
428.39 , 447.86 , 19.47 , 4532.14 , 0.10
423.52 , 452.73 , 29.21 , 4527.27 , 0.15
433.26 , 452.73 , 19.47 , 4527.27 , 0.10
433.26 , 452.73 , 19.47 , 4527.27 , 0.10
433.26 , 452.73 , 19.47 , 4527.27 , 0.10
433.26 , 457.60 , 24.34 , 4522.40 , 0.12
433.26 , 457.60 , 24.34 , 4522.40 , 0.12
428.39 , 457.60 , 29.21 , 4522.40 , 0.15
433.26 , 452.73 , 19.47 , 4527.27 , 0.10
433.26 , 457.60 , 24.34 , 4522.40 , 0.12
433.26 , 457.60 , 24.34 , 4522.40 , 0.12
433.26 , 462.46 , 29.21 , 4517.54 , 0.15
438.12 , 462.46 , 24.34 , 4517.54 , 0.12
438.12 , 467.33 , 29.21 , 4512.67 , 0.15
438.12 , 467.33 , 29.21 , 4512.67 , 0.15
442.99 , 467.33 , 24.34 , 4512.67 , 0.12
433.26 , 467.33 , 34.08 , 4512.67 , 0.17
438.12 , 472.20 , 34.08 , 4507.80 , 0.17
438.12 , 467.33 , 29.21 , 4512.67 , 0.15
438.12 , 467.33 , 29.21 , 4512.67 , 0.15
442.99 , 472.20 , 29.21 , 4507.80 , 0.15
442.99 , 472.20 , 29.21 , 4507.80 , 0.15
442.99 , 477.07 , 34.08 , 4502.93 , 0.17
438.12 , 477.07 , 38.94 , 4502.93 , 0.19
438.12 , 477.07 , 38.94 , 4502.93 , 0.19
442.99 , 481.94 , 38.94 , 4498.06 , 0.19
442.99 , 477.07 , 34.08 , 4502.93 , 0.17
447.86 , 486.80 , 38.94 , 4493.20 , 0.19
447.86 , 486.80 , 38.94 , 4493.20 , 0.19
447.86 , 486.80 , 38.94 , 4493.20 , 0.19
447.86 , 486.80 , 38.94 , 4493.20 , 0.19
447.86 , 486.80 , 38.94 , 4493.20 , 0.19
447.86 , 486.80 , 38.94 , 4493.20 , 0.19
447.86 , 491.67 , 43.81 , 4488.33 , 0.22
452.73 , 491.67 , 38.94 , 4488.33 , 0.19
447.86 , 491.67 , 43.81 , 4488.33 , 0.22
452.73 , 496.54 , 43.81 , 4483.46 , 0.22
452.73 , 496.54 , 43.81 , 4483.46 , 0.22
452.73 , 496.54 , 43.81 , 4483.46 , 0.22
452.73 , 501.41 , 48.68 , 4478.59 , 0.24
452.73 , 501.41 , 48.68 , 4478.59 , 0.24
452.73 , 501.41 , 48.68 , 4478.59 , 0.24
457.60 , 506.28 , 48.68 , 4473.72 , 0.24
457.60 , 506.28 , 48.68 , 4473.72 , 0.24
457.60 , 516.01 , 58.42 , 4463.99 , 0.29
457.60 , 511.14 , 53.55 , 4468.86 , 0.27
462.46 , 516.01 , 53.55 , 4463.99 , 0.27
457.60 , 520.88 , 63.28 , 4459.12 , 0.32
462.46 , 516.01 , 53.55 , 4463.99 , 0.27
462.46 , 520.88 , 58.42 , 4459.12 , 0.29
467.33 , 525.75 , 58.42 , 4454.25 , 0.29
467.33 , 525.75 , 58.42 , 4454.25 , 0.29
467.33 , 530.62 , 63.28 , 4449.38 , 0.32
467.33 , 535.48 , 68.15 , 4444.52 , 0.34
467.33 , 535.48 , 68.15 , 4444.52 , 0.34
467.33 , 545.22 , 77.89 , 4434.78 , 0.39
472.20 , 540.35 , 68.15 , 4439.65 , 0.34
472.20 , 550.09 , 77.89 , 4429.91 , 0.39
472.20 , 550.09 , 77.89 , 4429.91 , 0.39
472.20 , 554.96 , 82.76 , 4425.04 , 0.41
477.07 , 564.69 , 87.62 , 4415.31 , 0.44
477.07 , 564.69 , 87.62 , 4415.31 , 0.44
481.94 , 574.43 , 92.49 , 4405.57 , 0.46
481.94 , 574.43 , 92.49 , 4405.57 , 0.46
481.94 , 579.30 , 97.36 , 4400.70 , 0.49
491.67 , 589.03 , 97.36 , 4390.97 , 0.49
486.80 , 593.90 , 107.10 , 4386.10 , 0.54
486.80 , 598.77 , 111.96 , 4381.23 , 0.56
491.67 , 613.37 , 121.70 , 4366.63 , 0.61
491.67 , 618.24 , 126.57 , 4361.76 , 0.63
496.54 , 632.84 , 136.30 , 4347.16 , 0.68
496.54 , 642.58 , 146.04 , 4337.42 , 0.73
506.28 , 652.32 , 146.04 , 4327.68 , 0.73
506.28 , 666.92 , 160.65 , 4313.08 , 0.80
501.41 , 681.52 , 180.12 , 4298.47 , 0.90
516.01 , 696.13 , 180.12 , 4283.87 , 0.90
506.28 , 720.47 , 214.19 , 4259.53 , 1.07
520.88 , 744.81 , 223.93 , 4235.19 , 1.12
520.88 , 769.15 , 248.27 , 4210.85 , 1.24
530.62 , 803.23 , 272.61 , 4176.77 , 1.36
535.48 , 847.04 , 311.55 , 4132.96 , 1.56
540.35 , 900.59 , 360.23 , 4079.41 , 1.80
550.09 , 968.74 , 418.65 , 4011.26 , 2.09
559.82 , 1066.10 , 506.28 , 3913.90 , 2.53
579.30 , 1217.01 , 637.71 , 3762.99 , 3.19
598.77 , 1479.88 , 881.11 , 3500.12 , 4.41
632.84 , 2025.10 , 1392.26 , 2954.90 , 6.96
720.47 , 4103.75 , 3383.28 , 876.25 , 16.92
720.47 , 4108.62 , 3388.15 , 871.38 , 16.94
