68.15 , 58.42 , -9.74 , 4921.58 , -0.05
107.10 , 107.10 , 0.00 , 4872.90 , 0.00
146.04 , 146.04 , 0.00 , 4833.96 , 0.00
184.99 , 170.38 , -14.60 , 4809.62 , -0.07
223.93 , 223.93 , 0.00 , 4756.07 , 0.00
262.87 , 258.01 , -4.87 , 4721.99 , -0.02
296.95 , 296.95 , 0.00 , 4683.05 , 0.00
326.16 , 326.16 , 0.00 , 4653.84 , 0.00
345.63 , 350.50 , 4.87 , 4629.50 , 0.02
374.84 , 369.97 , -4.87 , 4610.03 , -0.02
374.84 , 379.71 , 4.87 , 4600.29 , 0.02
384.57 , 384.57 , 0.00 , 4595.43 , 0.00
389.44 , 389.44 , 0.00 , 4590.56 , 0.00
394.31 , 399.18 , 4.87 , 4580.82 , 0.02
394.31 , 404.05 , 9.74 , 4575.95 , 0.05
399.18 , 404.05 , 4.87 , 4575.95 , 0.02
404.05 , 413.78 , 9.74 , 4566.22 , 0.05
404.05 , 413.78 , 9.74 , 4566.22 , 0.05
408.91 , 418.65 , 9.74 , 4561.35 , 0.05
408.91 , 418.65 , 9.74 , 4561.35 , 0.05
408.91 , 423.52 , 14.60 , 4556.48 , 0.07
408.91 , 423.52 , 14.60 , 4556.48 , 0.07
408.91 , 428.39 , 19.47 , 4551.61 , 0.10
418.65 , 423.52 , 4.87 , 4556.48 , 0.02
418.65 , 433.26 , 14.60 , 4546.75 , 0.07
418.65 , 438.12 , 19.47 , 4541.88 , 0.10
418.65 , 433.26 , 14.60 , 4546.75 , 0.07
418.65 , 433.26 , 14.60 , 4546.75 , 0.07
418.65 , 438.12 , 19.47 , 4541.88 , 0.10
423.52 , 433.26 , 9.74 , 4546.75 , 0.05
423.52 , 438.12 , 14.60 , 4541.88 , 0.07
418.65 , 442.99 , 24.34 , 4537.01 , 0.12
423.52 , 438.12 , 14.60 , 4541.88 , 0.07
423.52 , 438.12 , 14.60 , 4541.88 , 0.07
423.52 , 442.99 , 19.47 , 4537.01 , 0.10
428.39 , 447.86 , 19.47 , 4532.14 , 0.10
428.39 , 442.99 , 14.60 , 4537.01 , 0.07
428.39 , 452.73 , 24.34 , 4527.27 , 0.12
423.52 , 447.86 , 24.34 , 4532.14 , 0.12
428.39 , 452.73 , 24.34 , 4527.27 , 0.12
428.39 , 447.86 , 19.47 , 4532.14 , 0.10
433.26 , 452.73 , 19.47 , 4527.27 , 0.10
433.26 , 452.73 , 19.47 , 4527.27 , 0.10
428.39 , 452.73 , 24.34 , 4527.27 , 0.12
433.26 , 452.73 , 19.47 , 4527.27 , 0.10
433.26 , 452.73 , 19.47 , 4527.27 , 0.10
428.39 , 457.60 , 29.21 , 4522.40 , 0.15
433.26 , 457.60 , 24.34 , 4522.40 , 0.12
433.26 , 457.60 , 24.34 , 4522.40 , 0.12
433.26 , 462.46 , 29.21 , 4517.54 , 0.15
438.12 , 462.46 , 24.34 , 4517.54 , 0.12
433.26 , 467.33 , 34.08 , 4512.67 , 0.17
438.12 , 462.46 , 24.34 , 4517.54 , 0.12
438.12 , 467.33 , 29.21 , 4512.67 , 0.15
438.12 , 467.33 , 29.21 , 4512.67 , 0.15
438.12 , 467.33 , 29.21 , 4512.67 , 0.15
442.99 , 472.20 , 29.21 , 4507.80 , 0.15
442.99 , 467.33 , 24.34 , 4512.67 , 0.12
438.12 , 472.20 , 34.08 , 4507.80 , 0.17
438.12 , 472.20 , 34.08 , 4507.80 , 0.17
438.12 , 472.20 , 34.08 , 4507.80 , 0.17
442.99 , 477.07 , 34.08 , 4502.93 , 0.17
442.99 , 477.07 , 34.08 , 4502.93 , 0.17
442.99 , 481.94 , 38.94 , 4498.06 , 0.19
442.99 , 477.07 , 34.08 , 4502.93 , 0.17
447.86 , 477.07 , 29.21 , 4502.93 , 0.15
447.86 , 481.94 , 34.08 , 4498.06 , 0.17
447.86 , 481.94 , 34.08 , 4498.06 , 0.17
447.86 , 486.80 , 38.94 , 4493.20 , 0.19
442.99 , 486.80 , 43.81 , 4493.20 , 0.22
447.86 , 486.80 , 38.94 , 4493.20 , 0.19
447.86 , 486.80 , 38.94 , 4493.20 , 0.19
447.86 , 491.67 , 43.81 , 4488.33 , 0.22
447.86 , 496.54 , 48.68 , 4483.46 , 0.24
452.73 , 491.67 , 38.94 , 4488.33 , 0.19
452.73 , 501.41 , 48.68 , 4478.59 , 0.24
452.73 , 496.54 , 43.81 , 4483.46 , 0.22
452.73 , 501.41 , 48.68 , 4478.59 , 0.24
452.73 , 501.41 , 48.68 , 4478.59 , 0.24
457.60 , 506.28 , 48.68 , 4473.72 , 0.24
452.73 , 501.41 , 48.68 , 4478.59 , 0.24
457.60 , 511.14 , 53.55 , 4468.86 , 0.27
457.60 , 506.28 , 48.68 , 4473.72 , 0.24
457.60 , 516.01 , 58.42 , 4463.99 , 0.29
462.46 , 511.14 , 48.68 , 4468.86 , 0.24
462.46 , 516.01 , 53.55 , 4463.99 , 0.27
457.60 , 511.14 , 53.55 , 4468.86 , 0.27
462.46 , 520.88 , 58.42 , 4459.12 , 0.29
467.33 , 520.88 , 53.55 , 4459.12 , 0.27
467.33 , 525.75 , 58.42 , 4454.25 , 0.29
467.33 , 530.62 , 63.28 , 4449.38 , 0.32
467.33 , 530.62 , 63.28 , 4449.38 , 0.32
467.33 , 540.35 , 73.02 , 4439.65 , 0.37
467.33 , 540.35 , 73.02 , 4439.65 , 0.37
472.20 , 545.22 , 73.02 , 4434.78 , 0.37
472.20 , 545.22 , 73.02 , 4434.78 , 0.37
467.33 , 550.09 , 82.76 , 4429.91 , 0.41
472.20 , 554.96 , 82.76 , 4425.04 , 0.41
477.07 , 554.96 , 77.89 , 4425.04 , 0.39
477.07 , 559.82 , 82.76 , 4420.18 , 0.41
481.94 , 564.69 , 82.76 , 4415.31 , 0.41
481.94 , 574.43 , 92.49 , 4405.57 , 0.46
481.94 , 579.30 , 97.36 , 4400.70 , 0.49
486.80 , 584.16 , 97.36 , 4395.84 , 0.49
486.80 , 589.03 , 102.23 , 4390.97 , 0.51
491.67 , 593.90 , 102.23 , 4386.10 , 0.51
491.67 , 608.50 , 116.83 , 4371.50 , 0.58
491.67 , 608.50 , 116.83 , 4371.50 , 0.58
496.54 , 623.11 , 126.57 , 4356.89 , 0.63
496.54 , 627.98 , 131.44 , 4352.02 , 0.66
501.41 , 642.58 , 141.17 , 4337.42 , 0.71
506.28 , 652.32 , 146.04 , 4327.68 , 0.73
506.28 , 666.92 , 160.65 , 4313.08 , 0.80
506.28 , 681.52 , 175.25 , 4298.47 , 0.88
511.14 , 701.00 , 189.85 , 4279.00 , 0.95
516.01 , 720.47 , 204.46 , 4259.53 , 1.02
520.88 , 744.81 , 223.93 , 4235.19 , 1.12
520.88 , 769.15 , 248.27 , 4210.85 , 1.24
530.62 , 803.23 , 272.61 , 4176.77 , 1.36
540.35 , 847.04 , 306.69 , 4132.96 , 1.53
545.22 , 900.59 , 355.37 , 4079.41 , 1.78
550.09 , 973.61 , 423.52 , 4006.39 , 2.12
564.69 , 1070.97 , 506.28 , 3909.03 , 2.53
574.43 , 1217.01 , 642.58 , 3762.99 , 3.21
598.77 , 1479.88 , 881.11 , 3500.12 , 4.41
632.84 , 2029.97 , 1397.13 , 2950.03 , 6.99
720.47 , 4123.23 , 3402.76 , 856.77 , 17.01
715.60 , 4123.23 , 3407.62 , 856.77 , 17.04
