68.15 , 63.28 , -4.87 , 4916.72 , -0.02
111.96 , 107.10 , -4.87 , 4872.90 , -0.02
146.04 , 146.04 , 0.00 , 4833.96 , 0.00
184.99 , 184.99 , 0.00 , 4795.01 , 0.00
223.93 , 223.93 , 0.00 , 4756.07 , 0.00
258.01 , 262.87 , 4.87 , 4717.13 , 0.02
296.95 , 301.82 , 4.87 , 4678.18 , 0.02
326.16 , 326.16 , 0.00 , 4653.84 , 0.00
345.63 , 340.76 , -4.87 , 4639.24 , -0.02
365.10 , 365.10 , 0.00 , 4614.90 , 0.00
374.84 , 379.71 , 4.87 , 4600.29 , 0.02
379.71 , 379.71 , 0.00 , 4600.29 , 0.00
389.44 , 394.31 , 4.87 , 4585.69 , 0.02
389.44 , 404.05 , 14.60 , 4575.95 , 0.07
399.18 , 404.05 , 4.87 , 4575.95 , 0.02
399.18 , 408.91 , 9.74 , 4571.08 , 0.05
404.05 , 408.91 , 4.87 , 4571.08 , 0.02
404.05 , 413.78 , 9.74 , 4566.22 , 0.05
408.91 , 413.78 , 4.87 , 4566.22 , 0.02
408.91 , 423.52 , 14.60 , 4556.48 , 0.07
413.78 , 423.52 , 9.74 , 4556.48 , 0.05
413.78 , 423.52 , 9.74 , 4556.48 , 0.05
413.78 , 433.26 , 19.47 , 4546.75 , 0.10
413.78 , 428.39 , 14.60 , 4551.61 , 0.07
413.78 , 428.39 , 14.60 , 4551.61 , 0.07
418.65 , 433.26 , 14.60 , 4546.75 , 0.07
418.65 , 438.12 , 19.47 , 4541.88 , 0.10
418.65 , 433.26 , 14.60 , 4546.75 , 0.07
423.52 , 438.12 , 14.60 , 4541.88 , 0.07
418.65 , 438.12 , 19.47 , 4541.88 , 0.10
423.52 , 442.99 , 19.47 , 4537.01 , 0.10
423.52 , 442.99 , 19.47 , 4537.01 , 0.10
423.52 , 442.99 , 19.47 , 4537.01 , 0.10
423.52 , 442.99 , 19.47 , 4537.01 , 0.10
433.26 , 447.86 , 14.60 , 4532.14 , 0.07
428.39 , 452.73 , 24.34 , 4527.27 , 0.12
428.39 , 447.86 , 19.47 , 4532.14 , 0.10
428.39 , 447.86 , 19.47 , 4532.14 , 0.10
428.39 , 447.86 , 19.47 , 4532.14 , 0.10
428.39 , 452.73 , 24.34 , 4527.27 , 0.12
433.26 , 447.86 , 14.60 , 4532.14 , 0.07
428.39 , 447.86 , 19.47 , 4532.14 , 0.10
433.26 , 457.60 , 24.34 , 4522.40 , 0.12
433.26 , 452.73 , 19.47 , 4527.27 , 0.10
433.26 , 457.60 , 24.34 , 4522.40 , 0.12
433.26 , 457.60 , 24.34 , 4522.40 , 0.12
438.12 , 462.46 , 24.34 , 4517.54 , 0.12
438.12 , 457.60 , 19.47 , 4522.40 , 0.10
438.12 , 462.46 , 24.34 , 4517.54 , 0.12
438.12 , 457.60 , 19.47 , 4522.40 , 0.10
433.26 , 457.60 , 24.34 , 4522.40 , 0.12
438.12 , 462.46 , 24.34 , 4517.54 , 0.12
438.12 , 467.33 , 29.21 , 4512.67 , 0.15
438.12 , 467.33 , 29.21 , 4512.67 , 0.15
438.12 , 467.33 , 29.21 , 4512.67 , 0.15
438.12 , 467.33 , 29.21 , 4512.67 , 0.15
438.12 , 472.20 , 34.08 , 4507.80 , 0.17
438.12 , 472.20 , 34.08 , 4507.80 , 0.17
442.99 , 472.20 , 29.21 , 4507.80 , 0.15
438.12 , 472.20 , 34.08 , 4507.80 , 0.17
438.12 , 477.07 , 38.94 , 4502.93 , 0.19
442.99 , 472.20 , 29.21 , 4507.80 , 0.15
442.99 , 481.94 , 38.94 , 4498.06 , 0.19
442.99 , 481.94 , 38.94 , 4498.06 , 0.19
442.99 , 481.94 , 38.94 , 4498.06 , 0.19
447.86 , 477.07 , 29.21 , 4502.93 , 0.15
442.99 , 481.94 , 38.94 , 4498.06 , 0.19
442.99 , 486.80 , 43.81 , 4493.20 , 0.22
447.86 , 486.80 , 38.94 , 4493.20 , 0.19
442.99 , 481.94 , 38.94 , 4498.06 , 0.19
447.86 , 491.67 , 43.81 , 4488.33 , 0.22
447.86 , 491.67 , 43.81 , 4488.33 , 0.22
452.73 , 491.67 , 38.94 , 4488.33 , 0.19
447.86 , 491.67 , 43.81 , 4488.33 , 0.22
452.73 , 496.54 , 43.81 , 4483.46 , 0.22
457.60 , 496.54 , 38.94 , 4483.46 , 0.19
452.73 , 501.41 , 48.68 , 4478.59 , 0.24
457.60 , 496.54 , 38.94 , 4483.46 , 0.19
457.60 , 501.41 , 43.81 , 4478.59 , 0.22
452.73 , 506.28 , 53.55 , 4473.72 , 0.27
457.60 , 506.28 , 48.68 , 4473.72 , 0.24
457.60 , 506.28 , 48.68 , 4473.72 , 0.24
457.60 , 511.14 , 53.55 , 4468.86 , 0.27
457.60 , 511.14 , 53.55 , 4468.86 , 0.27
462.46 , 516.01 , 53.55 , 4463.99 , 0.27
462.46 , 520.88 , 58.42 , 4459.12 , 0.29
462.46 , 516.01 , 53.55 , 4463.99 , 0.27
462.46 , 520.88 , 58.42 , 4459.12 , 0.29
467.33 , 525.75 , 58.42 , 4454.25 , 0.29
467.33 , 530.62 , 63.28 , 4449.38 , 0.32
467.33 , 530.62 , 63.28 , 4449.38 , 0.32
467.33 , 530.62 , 63.28 , 4449.38 , 0.32
467.33 , 535.48 , 68.15 , 4444.52 , 0.34
472.20 , 535.48 , 63.28 , 4444.52 , 0.32
472.20 , 540.35 , 68.15 , 4439.65 , 0.34
472.20 , 545.22 , 73.02 , 4434.78 , 0.37
472.20 , 550.09 , 77.89 , 4429.91 , 0.39
477.07 , 550.09 , 73.02 , 4429.91 , 0.37
472.20 , 559.82 , 87.62 , 4420.18 , 0.44
477.07 , 559.82 , 82.76 , 4420.18 , 0.41
481.94 , 569.56 , 87.62 , 4410.44 , 0.44
481.94 , 569.56 , 87.62 , 4410.44 , 0.44
481.94 , 579.30 , 97.36 , 4400.70 , 0.49
481.94 , 579.30 , 97.36 , 4400.70 , 0.49
486.80 , 593.90 , 107.10 , 4386.10 , 0.54
486.80 , 598.77 , 111.96 , 4381.23 , 0.56
491.67 , 603.64 , 111.96 , 4376.36 , 0.56
491.67 , 613.37 , 121.70 , 4366.63 , 0.61
496.54 , 618.24 , 121.70 , 4361.76 , 0.61
496.54 , 632.84 , 136.30 , 4347.16 , 0.68
496.54 , 647.45 , 150.91 , 4332.55 , 0.75
501.41 , 657.18 , 155.78 , 4322.82 , 0.78
501.41 , 666.92 , 165.51 , 4313.08 , 0.83
506.28 , 681.52 , 175.25 , 4298.47 , 0.88
516.01 , 701.00 , 184.99 , 4279.00 , 0.92
516.01 , 720.47 , 204.46 , 4259.53 , 1.02
525.75 , 739.94 , 214.19 , 4240.06 , 1.07
525.75 , 764.28 , 238.53 , 4215.72 , 1.19
530.62 , 803.23 , 272.61 , 4176.77 , 1.36
535.48 , 847.04 , 311.55 , 4132.96 , 1.56
545.22 , 900.59 , 355.37 , 4079.41 , 1.78
554.96 , 968.74 , 413.78 , 4011.26 , 2.07
564.69 , 1066.10 , 501.41 , 3913.90 , 2.51
579.30 , 1217.01 , 637.71 , 3762.99 , 3.19
598.77 , 1475.01 , 876.25 , 3504.99 , 4.38
637.71 , 2020.23 , 1382.52 , 2959.77 , 6.91
715.60 , 4084.28 , 3368.68 , 895.72 , 16.84
715.60 , 4084.28 , 3368.68 , 895.72 , 16.84
