63.28 , 73.02 , 9.74 , 4906.98 , 0.05
107.10 , 107.10 , 0.00 , 4872.90 , 0.00
141.17 , 146.04 , 4.87 , 4833.96 , 0.02
184.99 , 184.99 , 0.00 , 4795.01 , 0.00
228.80 , 223.93 , -4.87 , 4756.07 , -0.02
258.01 , 262.87 , 4.87 , 4717.13 , 0.02
292.08 , 296.95 , 4.87 , 4683.05 , 0.02
345.63 , 326.16 , -19.47 , 4653.84 , -0.10
345.63 , 345.63 , 0.00 , 4634.37 , 0.00
365.10 , 369.97 , 4.87 , 4610.03 , 0.02
379.71 , 379.71 , 0.00 , 4600.29 , 0.00
384.57 , 384.57 , 0.00 , 4595.43 , 0.00
394.31 , 394.31 , 0.00 , 4585.69 , 0.00
394.31 , 399.18 , 4.87 , 4580.82 , 0.02
399.18 , 404.05 , 4.87 , 4575.95 , 0.02
399.18 , 404.05 , 4.87 , 4575.95 , 0.02
404.05 , 408.91 , 4.87 , 4571.08 , 0.02
404.05 , 418.65 , 14.60 , 4561.35 , 0.07
408.91 , 413.78 , 4.87 , 4566.22 , 0.02
408.91 , 423.52 , 14.60 , 4556.48 , 0.07
413.78 , 423.52 , 9.74 , 4556.48 , 0.05
413.78 , 433.26 , 19.47 , 4546.75 , 0.10
413.78 , 428.39 , 14.60 , 4551.61 , 0.07
413.78 , 428.39 , 14.60 , 4551.61 , 0.07
418.65 , 418.65 , 0.00 , 4561.35 , 0.00
418.65 , 438.12 , 19.47 , 4541.88 , 0.10
418.65 , 433.26 , 14.60 , 4546.75 , 0.07
418.65 , 433.26 , 14.60 , 4546.75 , 0.07
418.65 , 442.99 , 24.34 , 4537.01 , 0.12
423.52 , 438.12 , 14.60 , 4541.88 , 0.07
423.52 , 438.12 , 14.60 , 4541.88 , 0.07
423.52 , 438.12 , 14.60 , 4541.88 , 0.07
423.52 , 442.99 , 19.47 , 4537.01 , 0.10
423.52 , 442.99 , 19.47 , 4537.01 , 0.10
428.39 , 442.99 , 14.60 , 4537.01 , 0.07
423.52 , 442.99 , 19.47 , 4537.01 , 0.10
428.39 , 447.86 , 19.47 , 4532.14 , 0.10
428.39 , 447.86 , 19.47 , 4532.14 , 0.10
428.39 , 452.73 , 24.34 , 4527.27 , 0.12
433.26 , 447.86 , 14.60 , 4532.14 , 0.07
433.26 , 452.73 , 19.47 , 4527.27 , 0.10
428.39 , 457.60 , 29.21 , 4522.40 , 0.15
428.39 , 452.73 , 24.34 , 4527.27 , 0.12
433.26 , 457.60 , 24.34 , 4522.40 , 0.12
433.26 , 457.60 , 24.34 , 4522.40 , 0.12
428.39 , 457.60 , 29.21 , 4522.40 , 0.15
433.26 , 452.73 , 19.47 , 4527.27 , 0.10
433.26 , 452.73 , 19.47 , 4527.27 , 0.10
438.12 , 457.60 , 19.47 , 4522.40 , 0.10
433.26 , 462.46 , 29.21 , 4517.54 , 0.15
433.26 , 457.60 , 24.34 , 4522.40 , 0.12
433.26 , 467.33 , 34.08 , 4512.67 , 0.17
438.12 , 462.46 , 24.34 , 4517.54 , 0.12
433.26 , 467.33 , 34.08 , 4512.67 , 0.17
438.12 , 467.33 , 29.21 , 4512.67 , 0.15
442.99 , 467.33 , 24.34 , 4512.67 , 0.12
438.12 , 472.20 , 34.08 , 4507.80 , 0.17
442.99 , 472.20 , 29.21 , 4507.80 , 0.15
438.12 , 467.33 , 29.21 , 4512.67 , 0.15
442.99 , 477.07 , 34.08 , 4502.93 , 0.17
442.99 , 472.20 , 29.21 , 4507.80 , 0.15
442.99 , 472.20 , 29.21 , 4507.80 , 0.15
442.99 , 472.20 , 29.21 , 4507.80 , 0.15
442.99 , 477.07 , 34.08 , 4502.93 , 0.17
442.99 , 481.94 , 38.94 , 4498.06 , 0.19
442.99 , 481.94 , 38.94 , 4498.06 , 0.19
447.86 , 481.94 , 34.08 , 4498.06 , 0.17
447.86 , 481.94 , 34.08 , 4498.06 , 0.17
447.86 , 481.94 , 34.08 , 4498.06 , 0.17
452.73 , 486.80 , 34.08 , 4493.20 , 0.17
447.86 , 491.67 , 43.81 , 4488.33 , 0.22
447.86 , 486.80 , 38.94 , 4493.20 , 0.19
447.86 , 491.67 , 43.81 , 4488.33 , 0.22
447.86 , 491.67 , 43.81 , 4488.33 , 0.22
452.73 , 496.54 , 43.81 , 4483.46 , 0.22
452.73 , 496.54 , 43.81 , 4483.46 , 0.22
447.86 , 501.41 , 53.55 , 4478.59 , 0.27
452.73 , 501.41 , 48.68 , 4478.59 , 0.24
457.60 , 501.41 , 43.81 , 4478.59 , 0.22
452.73 , 501.41 , 48.68 , 4478.59 , 0.24
457.60 , 501.41 , 43.81 , 4478.59 , 0.22
457.60 , 511.14 , 53.55 , 4468.86 , 0.27
457.60 , 511.14 , 53.55 , 4468.86 , 0.27
462.46 , 486.80 , 24.34 , 4493.20 , 0.12
457.60 , 516.01 , 58.42 , 4463.99 , 0.29
457.60 , 516.01 , 58.42 , 4463.99 , 0.29
462.46 , 520.88 , 58.42 , 4459.12 , 0.29
467.33 , 525.75 , 58.42 , 4454.25 , 0.29
467.33 , 525.75 , 58.42 , 4454.25 , 0.29
462.46 , 525.75 , 63.28 , 4454.25 , 0.32
467.33 , 525.75 , 58.42 , 4454.25 , 0.29
467.33 , 535.48 , 68.15 , 4444.52 , 0.34
467.33 , 530.62 , 63.28 , 4449.38 , 0.32
467.33 , 535.48 , 68.15 , 4444.52 , 0.34
472.20 , 540.35 , 68.15 , 4439.65 , 0.34
467.33 , 545.22 , 77.89 , 4434.78 , 0.39
477.07 , 550.09 , 73.02 , 4429.91 , 0.37
477.07 , 550.09 , 73.02 , 4429.91 , 0.37
477.07 , 559.82 , 82.76 , 4420.18 , 0.41
477.07 , 559.82 , 82.76 , 4420.18 , 0.41
477.07 , 564.69 , 87.62 , 4415.31 , 0.44
477.07 , 574.43 , 97.36 , 4405.57 , 0.49
481.94 , 579.30 , 97.36 , 4400.70 , 0.49
481.94 , 584.16 , 102.23 , 4395.84 , 0.51
481.94 , 589.03 , 107.10 , 4390.97 , 0.54
491.67 , 598.77 , 107.10 , 4381.23 , 0.54
486.80 , 608.50 , 121.70 , 4371.50 , 0.61
491.67 , 613.37 , 121.70 , 4366.63 , 0.61
491.67 , 618.24 , 126.57 , 4361.76 , 0.63
501.41 , 627.98 , 126.57 , 4352.02 , 0.63
501.41 , 642.58 , 141.17 , 4337.42 , 0.71
506.28 , 652.32 , 146.04 , 4327.68 , 0.73
506.28 , 666.92 , 160.65 , 4313.08 , 0.80
511.14 , 681.52 , 170.38 , 4298.47 , 0.85
511.14 , 701.00 , 189.85 , 4279.00 , 0.95
516.01 , 720.47 , 204.46 , 4259.53 , 1.02
516.01 , 744.81 , 228.80 , 4235.19 , 1.14
525.75 , 764.28 , 238.53 , 4215.72 , 1.19
530.62 , 803.23 , 272.61 , 4176.77 , 1.36
535.48 , 847.04 , 311.55 , 4132.96 , 1.56
545.22 , 900.59 , 355.37 , 4079.41 , 1.78
554.96 , 968.74 , 413.78 , 4011.26 , 2.07
569.56 , 1066.10 , 496.54 , 3913.90 , 2.48
584.16 , 1217.01 , 632.84 , 3762.99 , 3.16
598.77 , 1479.88 , 881.11 , 3500.12 , 4.41
632.84 , 2029.97 , 1397.13 , 2950.03 , 6.99
720.47 , 4118.36 , 3397.89 , 861.64 , 16.99
720.47 , 4113.49 , 3393.02 , 866.51 , 16.97
