63.28 , 68.15 , 4.87 , 4911.85 , 0.02
111.96 , 111.96 , 0.00 , 4868.04 , 0.00
141.17 , 146.04 , 4.87 , 4833.96 , 0.02
184.99 , 189.85 , 4.87 , 4790.15 , 0.02
267.74 , 219.06 , -48.68 , 4760.94 , -0.24
262.87 , 262.87 , 0.00 , 4717.13 , 0.00
296.95 , 301.82 , 4.87 , 4678.18 , 0.02
326.16 , 355.37 , 29.21 , 4624.63 , 0.15
350.50 , 350.50 , 0.00 , 4629.50 , 0.00
365.10 , 365.10 , 0.00 , 4614.90 , 0.00
374.84 , 374.84 , 0.00 , 4605.16 , 0.00
379.71 , 384.57 , 4.87 , 4595.43 , 0.02
389.44 , 389.44 , 0.00 , 4590.56 , 0.00
394.31 , 399.18 , 4.87 , 4580.82 , 0.02
379.71 , 404.05 , 24.34 , 4575.95 , 0.12
399.18 , 404.05 , 4.87 , 4575.95 , 0.02
399.18 , 408.91 , 9.74 , 4571.08 , 0.05
404.05 , 418.65 , 14.60 , 4561.35 , 0.07
408.91 , 418.65 , 9.74 , 4561.35 , 0.05
404.05 , 423.52 , 19.47 , 4556.48 , 0.10
408.91 , 423.52 , 14.60 , 4556.48 , 0.07
413.78 , 428.39 , 14.60 , 4551.61 , 0.07
413.78 , 423.52 , 9.74 , 4556.48 , 0.05
418.65 , 428.39 , 9.74 , 4551.61 , 0.05
413.78 , 423.52 , 9.74 , 4556.48 , 0.05
413.78 , 433.26 , 19.47 , 4546.75 , 0.10
418.65 , 433.26 , 14.60 , 4546.75 , 0.07
418.65 , 438.12 , 19.47 , 4541.88 , 0.10
423.52 , 438.12 , 14.60 , 4541.88 , 0.07
418.65 , 438.12 , 19.47 , 4541.88 , 0.10
423.52 , 442.99 , 19.47 , 4537.01 , 0.10
423.52 , 442.99 , 19.47 , 4537.01 , 0.10
423.52 , 438.12 , 14.60 , 4541.88 , 0.07
423.52 , 438.12 , 14.60 , 4541.88 , 0.07
423.52 , 447.86 , 24.34 , 4532.14 , 0.12
423.52 , 447.86 , 24.34 , 4532.14 , 0.12
428.39 , 442.99 , 14.60 , 4537.01 , 0.07
428.39 , 447.86 , 19.47 , 4532.14 , 0.10
428.39 , 452.73 , 24.34 , 4527.27 , 0.12
433.26 , 452.73 , 19.47 , 4527.27 , 0.10
428.39 , 452.73 , 24.34 , 4527.27 , 0.12
428.39 , 452.73 , 24.34 , 4527.27 , 0.12
428.39 , 457.60 , 29.21 , 4522.40 , 0.15
433.26 , 457.60 , 24.34 , 4522.40 , 0.12
438.12 , 457.60 , 19.47 , 4522.40 , 0.10
433.26 , 452.73 , 19.47 , 4527.27 , 0.10
438.12 , 462.46 , 24.34 , 4517.54 , 0.12
438.12 , 457.60 , 19.47 , 4522.40 , 0.10
438.12 , 462.46 , 24.34 , 4517.54 , 0.12
433.26 , 462.46 , 29.21 , 4517.54 , 0.15
433.26 , 457.60 , 24.34 , 4522.40 , 0.12
438.12 , 462.46 , 24.34 , 4517.54 , 0.12
438.12 , 467.33 , 29.21 , 4512.67 , 0.15
438.12 , 467.33 , 29.21 , 4512.67 , 0.15
438.12 , 467.33 , 29.21 , 4512.67 , 0.15
438.12 , 467.33 , 29.21 , 4512.67 , 0.15
442.99 , 472.20 , 29.21 , 4507.80 , 0.15
438.12 , 467.33 , 29.21 , 4512.67 , 0.15
438.12 , 472.20 , 34.08 , 4507.80 , 0.17
447.86 , 472.20 , 24.34 , 4507.80 , 0.12
442.99 , 477.07 , 34.08 , 4502.93 , 0.17
442.99 , 472.20 , 29.21 , 4507.80 , 0.15
442.99 , 477.07 , 34.08 , 4502.93 , 0.17
438.12 , 477.07 , 38.94 , 4502.93 , 0.19
447.86 , 481.94 , 34.08 , 4498.06 , 0.17
442.99 , 481.94 , 38.94 , 4498.06 , 0.19
447.86 , 481.94 , 34.08 , 4498.06 , 0.17
442.99 , 486.80 , 43.81 , 4493.20 , 0.22
447.86 , 481.94 , 34.08 , 4498.06 , 0.17
452.73 , 486.80 , 34.08 , 4493.20 , 0.17
442.99 , 486.80 , 43.81 , 4493.20 , 0.22
452.73 , 486.80 , 34.08 , 4493.20 , 0.17
447.86 , 491.67 , 43.81 , 4488.33 , 0.22
452.73 , 496.54 , 43.81 , 4483.46 , 0.22
452.73 , 496.54 , 43.81 , 4483.46 , 0.22
452.73 , 496.54 , 43.81 , 4483.46 , 0.22
452.73 , 496.54 , 43.81 , 4483.46 , 0.22
457.60 , 501.41 , 43.81 , 4478.59 , 0.22
457.60 , 496.54 , 38.94 , 4483.46 , 0.19
452.73 , 501.41 , 48.68 , 4478.59 , 0.24
457.60 , 501.41 , 43.81 , 4478.59 , 0.22
457.60 , 506.28 , 48.68 , 4473.72 , 0.24
457.60 , 511.14 , 53.55 , 4468.86 , 0.27
457.60 , 511.14 , 53.55 , 4468.86 , 0.27
457.60 , 516.01 , 58.42 , 4463.99 , 0.29
457.60 , 516.01 , 58.42 , 4463.99 , 0.29
457.60 , 516.01 , 58.42 , 4463.99 , 0.29
462.46 , 520.88 , 58.42 , 4459.12 , 0.29
462.46 , 525.75 , 63.28 , 4454.25 , 0.32
462.46 , 530.62 , 68.15 , 4449.38 , 0.34
467.33 , 530.62 , 63.28 , 4449.38 , 0.32
467.33 , 530.62 , 63.28 , 4449.38 , 0.32
472.20 , 530.62 , 58.42 , 4449.38 , 0.29
467.33 , 535.48 , 68.15 , 4444.52 , 0.34
472.20 , 545.22 , 73.02 , 4434.78 , 0.37
472.20 , 545.22 , 73.02 , 4434.78 , 0.37
472.20 , 554.96 , 82.76 , 4425.04 , 0.41
477.07 , 550.09 , 73.02 , 4429.91 , 0.37
477.07 , 559.82 , 82.76 , 4420.18 , 0.41
477.07 , 564.69 , 87.62 , 4415.31 , 0.44
481.94 , 569.56 , 87.62 , 4410.44 , 0.44
481.94 , 569.56 , 87.62 , 4410.44 , 0.44
486.80 , 574.43 , 87.62 , 4405.57 , 0.44
486.80 , 579.30 , 92.49 , 4400.70 , 0.46
491.67 , 589.03 , 97.36 , 4390.97 , 0.49
491.67 , 598.77 , 107.10 , 4381.23 , 0.54
491.67 , 608.50 , 116.83 , 4371.50 , 0.58
491.67 , 608.50 , 116.83 , 4371.50 , 0.58
496.54 , 623.11 , 126.57 , 4356.89 , 0.63
501.41 , 632.84 , 131.44 , 4347.16 , 0.66
501.41 , 642.58 , 141.17 , 4337.42 , 0.71
501.41 , 652.32 , 150.91 , 4327.68 , 0.75
511.14 , 666.92 , 155.78 , 4313.08 , 0.78
506.28 , 676.66 , 170.38 , 4303.34 , 0.85
516.01 , 696.13 , 180.12 , 4283.87 , 0.90
516.01 , 715.60 , 199.59 , 4264.40 , 1.00
520.88 , 739.94 , 219.06 , 4240.06 , 1.10
525.75 , 764.28 , 238.53 , 4215.72 , 1.19
530.62 , 803.23 , 272.61 , 4176.77 , 1.36
535.48 , 847.04 , 311.55 , 4132.96 , 1.56
545.22 , 895.72 , 350.50 , 4084.28 , 1.75
554.96 , 968.74 , 413.78 , 4011.26 , 2.07
564.69 , 1066.10 , 501.41 , 3913.90 , 2.51
579.30 , 1217.01 , 637.71 , 3762.99 , 3.19
593.90 , 1475.01 , 881.11 , 3504.99 , 4.41
632.84 , 2020.23 , 1387.39 , 2959.77 , 6.94
720.47 , 4074.55 , 3354.08 , 905.45 , 16.77
715.60 , 4079.41 , 3363.81 , 900.59 , 16.82
