68.15 , 63.28 , -4.87 , 4916.72 , -0.02
111.96 , 107.10 , -4.87 , 4872.90 , -0.02
141.17 , 150.91 , 9.74 , 4829.09 , 0.05
175.25 , 228.80 , 53.55 , 4751.20 , 0.27
223.93 , 219.06 , -4.87 , 4760.94 , -0.02
258.01 , 258.01 , 0.00 , 4721.99 , 0.00
296.95 , 301.82 , 4.87 , 4678.18 , 0.02
326.16 , 311.55 , -14.60 , 4668.45 , -0.07
345.63 , 345.63 , 0.00 , 4634.37 , 0.00
365.10 , 369.97 , 4.87 , 4610.03 , 0.02
374.84 , 374.84 , 0.00 , 4605.16 , 0.00
384.57 , 389.44 , 4.87 , 4590.56 , 0.02
389.44 , 394.31 , 4.87 , 4585.69 , 0.02
394.31 , 399.18 , 4.87 , 4580.82 , 0.02
399.18 , 404.05 , 4.87 , 4575.95 , 0.02
399.18 , 413.78 , 14.60 , 4566.22 , 0.07
404.05 , 408.91 , 4.87 , 4571.08 , 0.02
408.91 , 413.78 , 4.87 , 4566.22 , 0.02
408.91 , 418.65 , 9.74 , 4561.35 , 0.05
408.91 , 423.52 , 14.60 , 4556.48 , 0.07
413.78 , 418.65 , 4.87 , 4561.35 , 0.02
413.78 , 428.39 , 14.60 , 4551.61 , 0.07
408.91 , 423.52 , 14.60 , 4556.48 , 0.07
418.65 , 428.39 , 9.74 , 4551.61 , 0.05
413.78 , 433.26 , 19.47 , 4546.75 , 0.10
418.65 , 433.26 , 14.60 , 4546.75 , 0.07
418.65 , 433.26 , 14.60 , 4546.75 , 0.07
418.65 , 438.12 , 19.47 , 4541.88 , 0.10
418.65 , 438.12 , 19.47 , 4541.88 , 0.10
423.52 , 438.12 , 14.60 , 4541.88 , 0.07
418.65 , 438.12 , 19.47 , 4541.88 , 0.10
428.39 , 433.26 , 4.87 , 4546.75 , 0.02
423.52 , 447.86 , 24.34 , 4532.14 , 0.12
423.52 , 447.86 , 24.34 , 4532.14 , 0.12
428.39 , 447.86 , 19.47 , 4532.14 , 0.10
428.39 , 442.99 , 14.60 , 4537.01 , 0.07
423.52 , 447.86 , 24.34 , 4532.14 , 0.12
428.39 , 447.86 , 19.47 , 4532.14 , 0.10
423.52 , 452.73 , 29.21 , 4527.27 , 0.15
428.39 , 447.86 , 19.47 , 4532.14 , 0.10
428.39 , 452.73 , 24.34 , 4527.27 , 0.12
428.39 , 452.73 , 24.34 , 4527.27 , 0.12
428.39 , 452.73 , 24.34 , 4527.27 , 0.12
428.39 , 457.60 , 29.21 , 4522.40 , 0.15
433.26 , 457.60 , 24.34 , 4522.40 , 0.12
438.12 , 457.60 , 19.47 , 4522.40 , 0.10
438.12 , 457.60 , 19.47 , 4522.40 , 0.10
438.12 , 457.60 , 19.47 , 4522.40 , 0.10
438.12 , 477.07 , 38.94 , 4502.93 , 0.19
438.12 , 462.46 , 24.34 , 4517.54 , 0.12
438.12 , 462.46 , 24.34 , 4517.54 , 0.12
433.26 , 462.46 , 29.21 , 4517.54 , 0.15
438.12 , 467.33 , 29.21 , 4512.67 , 0.15
438.12 , 467.33 , 29.21 , 4512.67 , 0.15
438.12 , 467.33 , 29.21 , 4512.67 , 0.15
438.12 , 467.33 , 29.21 , 4512.67 , 0.15
442.99 , 467.33 , 24.34 , 4512.67 , 0.12
442.99 , 467.33 , 24.34 , 4512.67 , 0.12
442.99 , 472.20 , 29.21 , 4507.80 , 0.15
442.99 , 472.20 , 29.21 , 4507.80 , 0.15
442.99 , 477.07 , 34.08 , 4502.93 , 0.17
438.12 , 472.20 , 34.08 , 4507.80 , 0.17
442.99 , 477.07 , 34.08 , 4502.93 , 0.17
442.99 , 477.07 , 34.08 , 4502.93 , 0.17
447.86 , 481.94 , 34.08 , 4498.06 , 0.17
442.99 , 477.07 , 34.08 , 4502.93 , 0.17
447.86 , 481.94 , 34.08 , 4498.06 , 0.17
442.99 , 481.94 , 38.94 , 4498.06 , 0.19
452.73 , 486.80 , 34.08 , 4493.20 , 0.17
442.99 , 486.80 , 43.81 , 4493.20 , 0.22
447.86 , 486.80 , 38.94 , 4493.20 , 0.19
452.73 , 486.80 , 34.08 , 4493.20 , 0.17
452.73 , 491.67 , 38.94 , 4488.33 , 0.19
452.73 , 491.67 , 38.94 , 4488.33 , 0.19
452.73 , 496.54 , 43.81 , 4483.46 , 0.22
452.73 , 496.54 , 43.81 , 4483.46 , 0.22
452.73 , 496.54 , 43.81 , 4483.46 , 0.22
452.73 , 496.54 , 43.81 , 4483.46 , 0.22
452.73 , 501.41 , 48.68 , 4478.59 , 0.24
457.60 , 501.41 , 43.81 , 4478.59 , 0.22
457.60 , 506.28 , 48.68 , 4473.72 , 0.24
457.60 , 511.14 , 53.55 , 4468.86 , 0.27
457.60 , 511.14 , 53.55 , 4468.86 , 0.27
457.60 , 511.14 , 53.55 , 4468.86 , 0.27
457.60 , 511.14 , 53.55 , 4468.86 , 0.27
462.46 , 516.01 , 53.55 , 4463.99 , 0.27
462.46 , 516.01 , 53.55 , 4463.99 , 0.27
462.46 , 520.88 , 58.42 , 4459.12 , 0.29
462.46 , 525.75 , 63.28 , 4454.25 , 0.32
467.33 , 525.75 , 58.42 , 4454.25 , 0.29
467.33 , 530.62 , 63.28 , 4449.38 , 0.32
467.33 , 535.48 , 68.15 , 4444.52 , 0.34
467.33 , 535.48 , 68.15 , 4444.52 , 0.34
472.20 , 535.48 , 63.28 , 4444.52 , 0.32
472.20 , 550.09 , 77.89 , 4429.91 , 0.39
477.07 , 545.22 , 68.15 , 4434.78 , 0.34
472.20 , 550.09 , 77.89 , 4429.91 , 0.39
477.07 , 554.96 , 77.89 , 4425.04 , 0.39
477.07 , 554.96 , 77.89 , 4425.04 , 0.39
477.07 , 564.69 , 87.62 , 4415.31 , 0.44
481.94 , 569.56 , 87.62 , 4410.44 , 0.44
486.80 , 574.43 , 87.62 , 4405.57 , 0.44
481.94 , 574.43 , 92.49 , 4405.57 , 0.46
481.94 , 584.16 , 102.23 , 4395.84 , 0.51
486.80 , 589.03 , 102.23 , 4390.97 , 0.51
491.67 , 598.77 , 107.10 , 4381.23 , 0.54
491.67 , 598.77 , 107.10 , 4381.23 , 0.54
496.54 , 613.37 , 116.83 , 4366.63 , 0.58
496.54 , 623.11 , 126.57 , 4356.89 , 0.63
501.41 , 632.84 , 131.44 , 4347.16 , 0.66
506.28 , 637.71 , 131.44 , 4342.29 , 0.66
501.41 , 652.32 , 150.91 , 4327.68 , 0.75
506.28 , 662.05 , 155.78 , 4317.95 , 0.78
506.28 , 686.39 , 180.12 , 4293.61 , 0.90
516.01 , 696.13 , 180.12 , 4283.87 , 0.90
516.01 , 715.60 , 199.59 , 4264.40 , 1.00
520.88 , 739.94 , 219.06 , 4240.06 , 1.10
530.62 , 769.15 , 238.53 , 4210.85 , 1.19
530.62 , 803.23 , 272.61 , 4176.77 , 1.36
540.35 , 842.17 , 301.82 , 4137.83 , 1.51
545.22 , 900.59 , 355.37 , 4079.41 , 1.78
554.96 , 968.74 , 413.78 , 4011.26 , 2.07
564.69 , 1066.10 , 501.41 , 3913.90 , 2.51
579.30 , 1221.88 , 642.58 , 3758.12 , 3.21
598.77 , 1475.01 , 876.25 , 3504.99 , 4.38
632.84 , 2020.23 , 1387.39 , 2959.77 , 6.94
720.47 , 4084.28 , 3363.81 , 895.72 , 16.82
715.60 , 4079.41 , 3363.81 , 900.59 , 16.82
