68.15 , 58.42 , -9.74 , 4921.58 , -0.05
107.10 , 107.10 , 0.00 , 4872.90 , 0.00
141.17 , 141.17 , 0.00 , 4838.83 , 0.00
170.38 , 228.80 , 58.42 , 4751.20 , 0.29
223.93 , 219.06 , -4.87 , 4760.94 , -0.02
258.01 , 262.87 , 4.87 , 4717.13 , 0.02
306.69 , 301.82 , -4.87 , 4678.18 , -0.02
326.16 , 321.29 , -4.87 , 4658.71 , -0.02
350.50 , 350.50 , 0.00 , 4629.50 , 0.00
360.23 , 365.10 , 4.87 , 4614.90 , 0.02
374.84 , 379.71 , 4.87 , 4600.29 , 0.02
384.57 , 389.44 , 4.87 , 4590.56 , 0.02
389.44 , 389.44 , 0.00 , 4590.56 , 0.00
389.44 , 399.18 , 9.74 , 4580.82 , 0.05
399.18 , 404.05 , 4.87 , 4575.95 , 0.02
404.05 , 408.91 , 4.87 , 4571.08 , 0.02
404.05 , 413.78 , 9.74 , 4566.22 , 0.05
408.91 , 413.78 , 4.87 , 4566.22 , 0.02
408.91 , 418.65 , 9.74 , 4561.35 , 0.05
408.91 , 423.52 , 14.60 , 4556.48 , 0.07
413.78 , 423.52 , 9.74 , 4556.48 , 0.05
413.78 , 423.52 , 9.74 , 4556.48 , 0.05
413.78 , 428.39 , 14.60 , 4551.61 , 0.07
413.78 , 433.26 , 19.47 , 4546.75 , 0.10
413.78 , 428.39 , 14.60 , 4551.61 , 0.07
418.65 , 433.26 , 14.60 , 4546.75 , 0.07
413.78 , 428.39 , 14.60 , 4551.61 , 0.07
418.65 , 438.12 , 19.47 , 4541.88 , 0.10
418.65 , 438.12 , 19.47 , 4541.88 , 0.10
423.52 , 438.12 , 14.60 , 4541.88 , 0.07
413.78 , 442.99 , 29.21 , 4537.01 , 0.15
423.52 , 442.99 , 19.47 , 4537.01 , 0.10
423.52 , 447.86 , 24.34 , 4532.14 , 0.12
428.39 , 442.99 , 14.60 , 4537.01 , 0.07
423.52 , 442.99 , 19.47 , 4537.01 , 0.10
428.39 , 447.86 , 19.47 , 4532.14 , 0.10
428.39 , 442.99 , 14.60 , 4537.01 , 0.07
428.39 , 452.73 , 24.34 , 4527.27 , 0.12
423.52 , 452.73 , 29.21 , 4527.27 , 0.15
433.26 , 447.86 , 14.60 , 4532.14 , 0.07
428.39 , 452.73 , 24.34 , 4527.27 , 0.12
428.39 , 452.73 , 24.34 , 4527.27 , 0.12
433.26 , 452.73 , 19.47 , 4527.27 , 0.10
433.26 , 452.73 , 19.47 , 4527.27 , 0.10
433.26 , 462.46 , 29.21 , 4517.54 , 0.15
433.26 , 462.46 , 29.21 , 4517.54 , 0.15
433.26 , 462.46 , 29.21 , 4517.54 , 0.15
428.39 , 457.60 , 29.21 , 4522.40 , 0.15
433.26 , 462.46 , 29.21 , 4517.54 , 0.15
433.26 , 462.46 , 29.21 , 4517.54 , 0.15
438.12 , 462.46 , 24.34 , 4517.54 , 0.12
438.12 , 467.33 , 29.21 , 4512.67 , 0.15
433.26 , 467.33 , 34.08 , 4512.67 , 0.17
442.99 , 467.33 , 24.34 , 4512.67 , 0.12
442.99 , 467.33 , 24.34 , 4512.67 , 0.12
442.99 , 467.33 , 24.34 , 4512.67 , 0.12
438.12 , 467.33 , 29.21 , 4512.67 , 0.15
442.99 , 472.20 , 29.21 , 4507.80 , 0.15
442.99 , 472.20 , 29.21 , 4507.80 , 0.15
438.12 , 477.07 , 38.94 , 4502.93 , 0.19
442.99 , 477.07 , 34.08 , 4502.93 , 0.17
442.99 , 472.20 , 29.21 , 4507.80 , 0.15
442.99 , 477.07 , 34.08 , 4502.93 , 0.17
442.99 , 477.07 , 34.08 , 4502.93 , 0.17
447.86 , 481.94 , 34.08 , 4498.06 , 0.17
447.86 , 477.07 , 29.21 , 4502.93 , 0.15
447.86 , 481.94 , 34.08 , 4498.06 , 0.17
447.86 , 481.94 , 34.08 , 4498.06 , 0.17
452.73 , 486.80 , 34.08 , 4493.20 , 0.17
447.86 , 491.67 , 43.81 , 4488.33 , 0.22
447.86 , 486.80 , 38.94 , 4493.20 , 0.19
447.86 , 491.67 , 43.81 , 4488.33 , 0.22
447.86 , 491.67 , 43.81 , 4488.33 , 0.22
452.73 , 491.67 , 38.94 , 4488.33 , 0.19
452.73 , 491.67 , 38.94 , 4488.33 , 0.19
452.73 , 496.54 , 43.81 , 4483.46 , 0.22
452.73 , 501.41 , 48.68 , 4478.59 , 0.24
457.60 , 496.54 , 38.94 , 4483.46 , 0.19
457.60 , 506.28 , 48.68 , 4473.72 , 0.24
452.73 , 501.41 , 48.68 , 4478.59 , 0.24
457.60 , 506.28 , 48.68 , 4473.72 , 0.24
457.60 , 506.28 , 48.68 , 4473.72 , 0.24
462.46 , 506.28 , 43.81 , 4473.72 , 0.22
462.46 , 506.28 , 43.81 , 4473.72 , 0.22
457.60 , 516.01 , 58.42 , 4463.99 , 0.29
462.46 , 516.01 , 53.55 , 4463.99 , 0.27
462.46 , 520.88 , 58.42 , 4459.12 , 0.29
462.46 , 520.88 , 58.42 , 4459.12 , 0.29
467.33 , 525.75 , 58.42 , 4454.25 , 0.29
467.33 , 525.75 , 58.42 , 4454.25 , 0.29
467.33 , 530.62 , 63.28 , 4449.38 , 0.32
467.33 , 530.62 , 63.28 , 4449.38 , 0.32
467.33 , 535.48 , 68.15 , 4444.52 , 0.34
467.33 , 535.48 , 68.15 , 4444.52 , 0.34
472.20 , 540.35 , 68.15 , 4439.65 , 0.34
472.20 , 550.09 , 77.89 , 4429.91 , 0.39
472.20 , 545.22 , 73.02 , 4434.78 , 0.37
472.20 , 550.09 , 77.89 , 4429.91 , 0.39
481.94 , 559.82 , 77.89 , 4420.18 , 0.39
477.07 , 559.82 , 82.76 , 4420.18 , 0.41
477.07 , 564.69 , 87.62 , 4415.31 , 0.44
481.94 , 574.43 , 92.49 , 4405.57 , 0.46
481.94 , 584.16 , 102.23 , 4395.84 , 0.51
481.94 , 579.30 , 97.36 , 4400.70 , 0.49
486.80 , 584.16 , 97.36 , 4395.84 , 0.49
491.67 , 598.77 , 107.10 , 4381.23 , 0.54
491.67 , 603.64 , 111.96 , 4376.36 , 0.56
496.54 , 608.50 , 111.96 , 4371.50 , 0.56
496.54 , 618.24 , 121.70 , 4361.76 , 0.61
496.54 , 632.84 , 136.30 , 4347.16 , 0.68
501.41 , 642.58 , 141.17 , 4337.42 , 0.71
501.41 , 652.32 , 150.91 , 4327.68 , 0.75
506.28 , 666.92 , 160.65 , 4313.08 , 0.80
511.14 , 681.52 , 170.38 , 4298.47 , 0.85
516.01 , 701.00 , 184.99 , 4279.00 , 0.92
511.14 , 720.47 , 209.33 , 4259.53 , 1.05
520.88 , 744.81 , 223.93 , 4235.19 , 1.12
520.88 , 769.15 , 248.27 , 4210.85 , 1.24
530.62 , 798.36 , 267.74 , 4181.64 , 1.34
535.48 , 842.17 , 306.69 , 4137.83 , 1.53
550.09 , 900.59 , 350.50 , 4079.41 , 1.75
554.96 , 968.74 , 413.78 , 4011.26 , 2.07
564.69 , 1070.97 , 506.28 , 3909.03 , 2.53
579.30 , 1217.01 , 637.71 , 3762.99 , 3.19
593.90 , 1479.88 , 885.98 , 3500.12 , 4.43
632.84 , 2025.10 , 1392.26 , 2954.90 , 6.96
720.47 , 4089.15 , 3368.68 , 890.85 , 16.84
715.60 , 4084.28 , 3368.68 , 895.72 , 16.84
