68.15 , 68.15 , 0.00 , 4911.85 , 0.00
107.10 , 107.10 , 0.00 , 4872.90 , 0.00
150.91 , 155.78 , 4.87 , 4824.22 , 0.02
189.85 , 180.12 , -9.74 , 4799.88 , -0.05
223.93 , 223.93 , 0.00 , 4756.07 , 0.00
262.87 , 258.01 , -4.87 , 4721.99 , -0.02
292.08 , 292.08 , 0.00 , 4687.92 , 0.00
331.03 , 335.89 , 4.87 , 4644.11 , 0.02
355.37 , 350.50 , -4.87 , 4629.50 , -0.02
360.23 , 369.97 , 9.74 , 4610.03 , 0.05
379.71 , 374.84 , -4.87 , 4605.16 , -0.02
384.57 , 389.44 , 4.87 , 4590.56 , 0.02
369.97 , 394.31 , 24.34 , 4585.69 , 0.12
399.18 , 404.05 , 4.87 , 4575.95 , 0.02
394.31 , 408.91 , 14.60 , 4571.08 , 0.07
394.31 , 404.05 , 9.74 , 4575.95 , 0.05
399.18 , 408.91 , 9.74 , 4571.08 , 0.05
404.05 , 418.65 , 14.60 , 4561.35 , 0.07
399.18 , 413.78 , 14.60 , 4566.22 , 0.07
404.05 , 418.65 , 14.60 , 4561.35 , 0.07
408.91 , 418.65 , 9.74 , 4561.35 , 0.05
413.78 , 428.39 , 14.60 , 4551.61 , 0.07
413.78 , 428.39 , 14.60 , 4551.61 , 0.07
413.78 , 428.39 , 14.60 , 4551.61 , 0.07
413.78 , 428.39 , 14.60 , 4551.61 , 0.07
418.65 , 433.26 , 14.60 , 4546.75 , 0.07
418.65 , 433.26 , 14.60 , 4546.75 , 0.07
418.65 , 438.12 , 19.47 , 4541.88 , 0.10
418.65 , 438.12 , 19.47 , 4541.88 , 0.10
423.52 , 438.12 , 14.60 , 4541.88 , 0.07
423.52 , 438.12 , 14.60 , 4541.88 , 0.07
423.52 , 438.12 , 14.60 , 4541.88 , 0.07
423.52 , 442.99 , 19.47 , 4537.01 , 0.10
423.52 , 442.99 , 19.47 , 4537.01 , 0.10
423.52 , 442.99 , 19.47 , 4537.01 , 0.10
428.39 , 447.86 , 19.47 , 4532.14 , 0.10
428.39 , 447.86 , 19.47 , 4532.14 , 0.10
428.39 , 452.73 , 24.34 , 4527.27 , 0.12
428.39 , 447.86 , 19.47 , 4532.14 , 0.10
428.39 , 452.73 , 24.34 , 4527.27 , 0.12
433.26 , 457.60 , 24.34 , 4522.40 , 0.12
428.39 , 452.73 , 24.34 , 4527.27 , 0.12
433.26 , 452.73 , 19.47 , 4527.27 , 0.10
433.26 , 452.73 , 19.47 , 4527.27 , 0.10
428.39 , 457.60 , 29.21 , 4522.40 , 0.15
428.39 , 457.60 , 29.21 , 4522.40 , 0.15
438.12 , 452.73 , 14.60 , 4527.27 , 0.07
428.39 , 457.60 , 29.21 , 4522.40 , 0.15
433.26 , 457.60 , 24.34 , 4522.40 , 0.12
438.12 , 462.46 , 24.34 , 4517.54 , 0.12
438.12 , 467.33 , 29.21 , 4512.67 , 0.15
438.12 , 467.33 , 29.21 , 4512.67 , 0.15
433.26 , 472.20 , 38.94 , 4507.80 , 0.19
438.12 , 467.33 , 29.21 , 4512.67 , 0.15
438.12 , 467.33 , 29.21 , 4512.67 , 0.15
438.12 , 472.20 , 34.08 , 4507.80 , 0.17
438.12 , 467.33 , 29.21 , 4512.67 , 0.15
438.12 , 472.20 , 34.08 , 4507.80 , 0.17
442.99 , 472.20 , 29.21 , 4507.80 , 0.15
442.99 , 472.20 , 29.21 , 4507.80 , 0.15
442.99 , 472.20 , 29.21 , 4507.80 , 0.15
442.99 , 477.07 , 34.08 , 4502.93 , 0.17
442.99 , 477.07 , 34.08 , 4502.93 , 0.17
447.86 , 477.07 , 29.21 , 4502.93 , 0.15
447.86 , 481.94 , 34.08 , 4498.06 , 0.17
442.99 , 481.94 , 38.94 , 4498.06 , 0.19
447.86 , 481.94 , 34.08 , 4498.06 , 0.17
442.99 , 486.80 , 43.81 , 4493.20 , 0.22
447.86 , 481.94 , 34.08 , 4498.06 , 0.17
447.86 , 486.80 , 38.94 , 4493.20 , 0.19
447.86 , 486.80 , 38.94 , 4493.20 , 0.19
452.73 , 486.80 , 34.08 , 4493.20 , 0.17
452.73 , 491.67 , 38.94 , 4488.33 , 0.19
452.73 , 496.54 , 43.81 , 4483.46 , 0.22
452.73 , 496.54 , 43.81 , 4483.46 , 0.22
452.73 , 496.54 , 43.81 , 4483.46 , 0.22
452.73 , 496.54 , 43.81 , 4483.46 , 0.22
457.60 , 501.41 , 43.81 , 4478.59 , 0.22
452.73 , 501.41 , 48.68 , 4478.59 , 0.24
452.73 , 506.28 , 53.55 , 4473.72 , 0.27
452.73 , 506.28 , 53.55 , 4473.72 , 0.27
457.60 , 506.28 , 48.68 , 4473.72 , 0.24
457.60 , 511.14 , 53.55 , 4468.86 , 0.27
457.60 , 511.14 , 53.55 , 4468.86 , 0.27
467.33 , 516.01 , 48.68 , 4463.99 , 0.24
457.60 , 516.01 , 58.42 , 4463.99 , 0.29
462.46 , 516.01 , 53.55 , 4463.99 , 0.27
462.46 , 516.01 , 53.55 , 4463.99 , 0.27
467.33 , 520.88 , 53.55 , 4459.12 , 0.27
462.46 , 525.75 , 63.28 , 4454.25 , 0.32
462.46 , 525.75 , 63.28 , 4454.25 , 0.32
467.33 , 530.62 , 63.28 , 4449.38 , 0.32
467.33 , 530.62 , 63.28 , 4449.38 , 0.32
472.20 , 540.35 , 68.15 , 4439.65 , 0.34
472.20 , 545.22 , 73.02 , 4434.78 , 0.37
472.20 , 545.22 , 73.02 , 4434.78 , 0.37
472.20 , 550.09 , 77.89 , 4429.91 , 0.39
472.20 , 554.96 , 82.76 , 4425.04 , 0.41
477.07 , 559.82 , 82.76 , 4420.18 , 0.41
477.07 , 559.82 , 82.76 , 4420.18 , 0.41
477.07 , 564.69 , 87.62 , 4415.31 , 0.44
477.07 , 569.56 , 92.49 , 4410.44 , 0.46
481.94 , 574.43 , 92.49 , 4405.57 , 0.46
486.80 , 584.16 , 97.36 , 4395.84 , 0.49
486.80 , 589.03 , 102.23 , 4390.97 , 0.51
486.80 , 593.90 , 107.10 , 4386.10 , 0.54
486.80 , 603.64 , 116.83 , 4376.36 , 0.58
491.67 , 613.37 , 121.70 , 4366.63 , 0.61
491.67 , 623.11 , 131.44 , 4356.89 , 0.66
496.54 , 632.84 , 136.30 , 4347.16 , 0.68
496.54 , 642.58 , 146.04 , 4337.42 , 0.73
501.41 , 652.32 , 150.91 , 4327.68 , 0.75
506.28 , 666.92 , 160.65 , 4313.08 , 0.80
506.28 , 681.52 , 175.25 , 4298.47 , 0.88
511.14 , 701.00 , 189.85 , 4279.00 , 0.95
516.01 , 715.60 , 199.59 , 4264.40 , 1.00
516.01 , 739.94 , 223.93 , 4240.06 , 1.12
525.75 , 769.15 , 243.40 , 4210.85 , 1.22
530.62 , 803.23 , 272.61 , 4176.77 , 1.36
535.48 , 842.17 , 306.69 , 4137.83 , 1.53
545.22 , 895.72 , 350.50 , 4084.28 , 1.75
550.09 , 968.74 , 418.65 , 4011.26 , 2.09
559.82 , 1066.10 , 506.28 , 3913.90 , 2.53
579.30 , 1221.88 , 642.58 , 3758.12 , 3.21
598.77 , 1475.01 , 876.25 , 3504.99 , 4.38
632.84 , 2025.10 , 1392.26 , 2954.90 , 6.96
715.60 , 4094.02 , 3378.42 , 885.98 , 16.89
720.47 , 4094.02 , 3373.55 , 885.98 , 16.87
