68.15 , 68.15 , 0.00 , 4911.85 , 0.00
107.10 , 107.10 , 0.00 , 4872.90 , 0.00
146.04 , 146.04 , 0.00 , 4833.96 , 0.00
184.99 , 189.85 , 4.87 , 4790.15 , 0.02
223.93 , 223.93 , 0.00 , 4756.07 , 0.00
262.87 , 258.01 , -4.87 , 4721.99 , -0.02
296.95 , 306.69 , 9.74 , 4673.31 , 0.05
331.03 , 326.16 , -4.87 , 4653.84 , -0.02
350.50 , 350.50 , 0.00 , 4629.50 , 0.00
360.23 , 360.23 , 0.00 , 4619.77 , 0.00
374.84 , 374.84 , 0.00 , 4605.16 , 0.00
384.57 , 389.44 , 4.87 , 4590.56 , 0.02
394.31 , 394.31 , 0.00 , 4585.69 , 0.00
394.31 , 399.18 , 4.87 , 4580.82 , 0.02
399.18 , 408.91 , 9.74 , 4571.08 , 0.05
399.18 , 408.91 , 9.74 , 4571.08 , 0.05
404.05 , 413.78 , 9.74 , 4566.22 , 0.05
404.05 , 413.78 , 9.74 , 4566.22 , 0.05
408.91 , 418.65 , 9.74 , 4561.35 , 0.05
408.91 , 418.65 , 9.74 , 4561.35 , 0.05
408.91 , 423.52 , 14.60 , 4556.48 , 0.07
413.78 , 423.52 , 9.74 , 4556.48 , 0.05
413.78 , 423.52 , 9.74 , 4556.48 , 0.05
413.78 , 428.39 , 14.60 , 4551.61 , 0.07
418.65 , 428.39 , 9.74 , 4551.61 , 0.05
418.65 , 433.26 , 14.60 , 4546.75 , 0.07
418.65 , 433.26 , 14.60 , 4546.75 , 0.07
418.65 , 438.12 , 19.47 , 4541.88 , 0.10
423.52 , 438.12 , 14.60 , 4541.88 , 0.07
423.52 , 442.99 , 19.47 , 4537.01 , 0.10
423.52 , 442.99 , 19.47 , 4537.01 , 0.10
423.52 , 442.99 , 19.47 , 4537.01 , 0.10
423.52 , 442.99 , 19.47 , 4537.01 , 0.10
423.52 , 442.99 , 19.47 , 4537.01 , 0.10
423.52 , 447.86 , 24.34 , 4532.14 , 0.12
423.52 , 447.86 , 24.34 , 4532.14 , 0.12
428.39 , 447.86 , 19.47 , 4532.14 , 0.10
428.39 , 447.86 , 19.47 , 4532.14 , 0.10
428.39 , 447.86 , 19.47 , 4532.14 , 0.10
428.39 , 447.86 , 19.47 , 4532.14 , 0.10
428.39 , 452.73 , 24.34 , 4527.27 , 0.12
433.26 , 457.60 , 24.34 , 4522.40 , 0.12
428.39 , 452.73 , 24.34 , 4527.27 , 0.12
428.39 , 457.60 , 29.21 , 4522.40 , 0.15
433.26 , 452.73 , 19.47 , 4527.27 , 0.10
433.26 , 457.60 , 24.34 , 4522.40 , 0.12
433.26 , 462.46 , 29.21 , 4517.54 , 0.15
433.26 , 462.46 , 29.21 , 4517.54 , 0.15
433.26 , 462.46 , 29.21 , 4517.54 , 0.15
433.26 , 462.46 , 29.21 , 4517.54 , 0.15
438.12 , 462.46 , 24.34 , 4517.54 , 0.12
438.12 , 462.46 , 24.34 , 4517.54 , 0.12
438.12 , 467.33 , 29.21 , 4512.67 , 0.15
442.99 , 462.46 , 19.47 , 4517.54 , 0.10
438.12 , 467.33 , 29.21 , 4512.67 , 0.15
438.12 , 467.33 , 29.21 , 4512.67 , 0.15
442.99 , 472.20 , 29.21 , 4507.80 , 0.15
438.12 , 467.33 , 29.21 , 4512.67 , 0.15
447.86 , 472.20 , 24.34 , 4507.80 , 0.12
438.12 , 472.20 , 34.08 , 4507.80 , 0.17
442.99 , 477.07 , 34.08 , 4502.93 , 0.17
442.99 , 477.07 , 34.08 , 4502.93 , 0.17
442.99 , 477.07 , 34.08 , 4502.93 , 0.17
447.86 , 477.07 , 29.21 , 4502.93 , 0.15
442.99 , 477.07 , 34.08 , 4502.93 , 0.17
447.86 , 481.94 , 34.08 , 4498.06 , 0.17
447.86 , 481.94 , 34.08 , 4498.06 , 0.17
447.86 , 486.80 , 38.94 , 4493.20 , 0.19
447.86 , 486.80 , 38.94 , 4493.20 , 0.19
447.86 , 486.80 , 38.94 , 4493.20 , 0.19
452.73 , 486.80 , 34.08 , 4493.20 , 0.17
447.86 , 491.67 , 43.81 , 4488.33 , 0.22
447.86 , 496.54 , 48.68 , 4483.46 , 0.24
452.73 , 496.54 , 43.81 , 4483.46 , 0.22
452.73 , 496.54 , 43.81 , 4483.46 , 0.22
452.73 , 496.54 , 43.81 , 4483.46 , 0.22
452.73 , 496.54 , 43.81 , 4483.46 , 0.22
452.73 , 501.41 , 48.68 , 4478.59 , 0.24
457.60 , 501.41 , 43.81 , 4478.59 , 0.22
457.60 , 501.41 , 43.81 , 4478.59 , 0.22
462.46 , 511.14 , 48.68 , 4468.86 , 0.24
457.60 , 511.14 , 53.55 , 4468.86 , 0.27
457.60 , 511.14 , 53.55 , 4468.86 , 0.27
457.60 , 511.14 , 53.55 , 4468.86 , 0.27
467.33 , 516.01 , 48.68 , 4463.99 , 0.24
457.60 , 516.01 , 58.42 , 4463.99 , 0.29
457.60 , 520.88 , 63.28 , 4459.12 , 0.32
462.46 , 520.88 , 58.42 , 4459.12 , 0.29
462.46 , 525.75 , 63.28 , 4454.25 , 0.32
467.33 , 525.75 , 58.42 , 4454.25 , 0.29
472.20 , 530.62 , 58.42 , 4449.38 , 0.29
462.46 , 530.62 , 68.15 , 4449.38 , 0.34
467.33 , 535.48 , 68.15 , 4444.52 , 0.34
472.20 , 540.35 , 68.15 , 4439.65 , 0.34
472.20 , 540.35 , 68.15 , 4439.65 , 0.34
477.07 , 545.22 , 68.15 , 4434.78 , 0.34
481.94 , 550.09 , 68.15 , 4429.91 , 0.34
472.20 , 550.09 , 77.89 , 4429.91 , 0.39
477.07 , 554.96 , 77.89 , 4425.04 , 0.39
477.07 , 559.82 , 82.76 , 4420.18 , 0.41
477.07 , 569.56 , 92.49 , 4410.44 , 0.46
481.94 , 569.56 , 87.62 , 4410.44 , 0.44
481.94 , 574.43 , 92.49 , 4405.57 , 0.46
481.94 , 579.30 , 97.36 , 4400.70 , 0.49
486.80 , 589.03 , 102.23 , 4390.97 , 0.51
491.67 , 593.90 , 102.23 , 4386.10 , 0.51
491.67 , 603.64 , 111.96 , 4376.36 , 0.56
491.67 , 608.50 , 116.83 , 4371.50 , 0.58
491.67 , 623.11 , 131.44 , 4356.89 , 0.66
496.54 , 632.84 , 136.30 , 4347.16 , 0.68
501.41 , 642.58 , 141.17 , 4337.42 , 0.71
506.28 , 657.18 , 150.91 , 4322.82 , 0.75
506.28 , 666.92 , 160.65 , 4313.08 , 0.80
511.14 , 676.66 , 165.51 , 4303.34 , 0.83
516.01 , 696.13 , 180.12 , 4283.87 , 0.90
516.01 , 720.47 , 204.46 , 4259.53 , 1.02
516.01 , 739.94 , 223.93 , 4240.06 , 1.12
520.88 , 769.15 , 248.27 , 4210.85 , 1.24
530.62 , 798.36 , 267.74 , 4181.64 , 1.34
535.48 , 847.04 , 311.55 , 4132.96 , 1.56
545.22 , 900.59 , 355.37 , 4079.41 , 1.78
550.09 , 968.74 , 418.65 , 4011.26 , 2.09
564.69 , 1070.97 , 506.28 , 3909.03 , 2.53
579.30 , 1217.01 , 637.71 , 3762.99 , 3.19
598.77 , 1475.01 , 876.25 , 3504.99 , 4.38
632.84 , 2020.23 , 1387.39 , 2959.77 , 6.94
720.47 , 4079.41 , 3358.94 , 900.59 , 16.79
715.60 , 4074.55 , 3358.94 , 905.45 , 16.79
