63.28 , 63.28 , 0.00 , 4916.72 , 0.00
102.23 , 107.10 , 4.87 , 4872.90 , 0.02
146.04 , 136.30 , -9.74 , 4843.69 , -0.05
189.85 , 180.12 , -9.74 , 4799.88 , -0.05
219.06 , 219.06 , 0.00 , 4760.94 , 0.00
267.74 , 258.01 , -9.74 , 4721.99 , -0.05
292.08 , 296.95 , 4.87 , 4683.05 , 0.02
326.16 , 331.03 , 4.87 , 4648.97 , 0.02
350.50 , 350.50 , 0.00 , 4629.50 , 0.00
365.10 , 365.10 , 0.00 , 4614.90 , 0.00
369.97 , 379.71 , 9.74 , 4600.29 , 0.05
384.57 , 389.44 , 4.87 , 4590.56 , 0.02
384.57 , 389.44 , 4.87 , 4590.56 , 0.02
389.44 , 399.18 , 9.74 , 4580.82 , 0.05
399.18 , 404.05 , 4.87 , 4575.95 , 0.02
399.18 , 413.78 , 14.60 , 4566.22 , 0.07
404.05 , 413.78 , 9.74 , 4566.22 , 0.05
408.91 , 413.78 , 4.87 , 4566.22 , 0.02
404.05 , 418.65 , 14.60 , 4561.35 , 0.07
413.78 , 423.52 , 9.74 , 4556.48 , 0.05
413.78 , 423.52 , 9.74 , 4556.48 , 0.05
413.78 , 423.52 , 9.74 , 4556.48 , 0.05
413.78 , 428.39 , 14.60 , 4551.61 , 0.07
413.78 , 433.26 , 19.47 , 4546.75 , 0.10
413.78 , 428.39 , 14.60 , 4551.61 , 0.07
423.52 , 433.26 , 9.74 , 4546.75 , 0.05
418.65 , 438.12 , 19.47 , 4541.88 , 0.10
418.65 , 438.12 , 19.47 , 4541.88 , 0.10
418.65 , 433.26 , 14.60 , 4546.75 , 0.07
418.65 , 438.12 , 19.47 , 4541.88 , 0.10
418.65 , 438.12 , 19.47 , 4541.88 , 0.10
423.52 , 438.12 , 14.60 , 4541.88 , 0.07
423.52 , 438.12 , 14.60 , 4541.88 , 0.07
418.65 , 438.12 , 19.47 , 4541.88 , 0.10
423.52 , 442.99 , 19.47 , 4537.01 , 0.10
423.52 , 447.86 , 24.34 , 4532.14 , 0.12
428.39 , 447.86 , 19.47 , 4532.14 , 0.10
428.39 , 447.86 , 19.47 , 4532.14 , 0.10
428.39 , 447.86 , 19.47 , 4532.14 , 0.10
433.26 , 452.73 , 19.47 , 4527.27 , 0.10
428.39 , 452.73 , 24.34 , 4527.27 , 0.12
433.26 , 457.60 , 24.34 , 4522.40 , 0.12
433.26 , 457.60 , 24.34 , 4522.40 , 0.12
428.39 , 457.60 , 29.21 , 4522.40 , 0.15
433.26 , 457.60 , 24.34 , 4522.40 , 0.12
433.26 , 457.60 , 24.34 , 4522.40 , 0.12
438.12 , 457.60 , 19.47 , 4522.40 , 0.10
433.26 , 457.60 , 24.34 , 4522.40 , 0.12
433.26 , 457.60 , 24.34 , 4522.40 , 0.12
438.12 , 462.46 , 24.34 , 4517.54 , 0.12
433.26 , 467.33 , 34.08 , 4512.67 , 0.17
433.26 , 467.33 , 34.08 , 4512.67 , 0.17
438.12 , 467.33 , 29.21 , 4512.67 , 0.15
438.12 , 467.33 , 29.21 , 4512.67 , 0.15
438.12 , 467.33 , 29.21 , 4512.67 , 0.15
442.99 , 472.20 , 29.21 , 4507.80 , 0.15
442.99 , 467.33 , 24.34 , 4512.67 , 0.12
442.99 , 467.33 , 24.34 , 4512.67 , 0.12
438.12 , 472.20 , 34.08 , 4507.80 , 0.17
442.99 , 477.07 , 34.08 , 4502.93 , 0.17
442.99 , 472.20 , 29.21 , 4507.80 , 0.15
438.12 , 472.20 , 34.08 , 4507.80 , 0.17
447.86 , 477.07 , 29.21 , 4502.93 , 0.15
442.99 , 477.07 , 34.08 , 4502.93 , 0.17
447.86 , 481.94 , 34.08 , 4498.06 , 0.17
447.86 , 477.07 , 29.21 , 4502.93 , 0.15
447.86 , 481.94 , 34.08 , 4498.06 , 0.17
447.86 , 481.94 , 34.08 , 4498.06 , 0.17
447.86 , 486.80 , 38.94 , 4493.20 , 0.19
447.86 , 486.80 , 38.94 , 4493.20 , 0.19
447.86 , 486.80 , 38.94 , 4493.20 , 0.19
452.73 , 486.80 , 34.08 , 4493.20 , 0.17
452.73 , 491.67 , 38.94 , 4488.33 , 0.19
447.86 , 491.67 , 43.81 , 4488.33 , 0.22
452.73 , 491.67 , 38.94 , 4488.33 , 0.19
452.73 , 491.67 , 38.94 , 4488.33 , 0.19
452.73 , 496.54 , 43.81 , 4483.46 , 0.22
457.60 , 496.54 , 38.94 , 4483.46 , 0.19
452.73 , 501.41 , 48.68 , 4478.59 , 0.24
457.60 , 506.28 , 48.68 , 4473.72 , 0.24
457.60 , 506.28 , 48.68 , 4473.72 , 0.24
452.73 , 506.28 , 53.55 , 4473.72 , 0.27
457.60 , 506.28 , 48.68 , 4473.72 , 0.24
457.60 , 511.14 , 53.55 , 4468.86 , 0.27
457.60 , 516.01 , 58.42 , 4463.99 , 0.29
457.60 , 516.01 , 58.42 , 4463.99 , 0.29
462.46 , 516.01 , 53.55 , 4463.99 , 0.27
467.33 , 520.88 , 53.55 , 4459.12 , 0.27
467.33 , 525.75 , 58.42 , 4454.25 , 0.29
467.33 , 525.75 , 58.42 , 4454.25 , 0.29
462.46 , 520.88 , 58.42 , 4459.12 , 0.29
467.33 , 530.62 , 63.28 , 4449.38 , 0.32
467.33 , 535.48 , 68.15 , 4444.52 , 0.34
472.20 , 535.48 , 63.28 , 4444.52 , 0.32
472.20 , 545.22 , 73.02 , 4434.78 , 0.37
472.20 , 545.22 , 73.02 , 4434.78 , 0.37
467.33 , 554.96 , 87.62 , 4425.04 , 0.44
477.07 , 550.09 , 73.02 , 4429.91 , 0.37
477.07 , 559.82 , 82.76 , 4420.18 , 0.41
477.07 , 559.82 , 82.76 , 4420.18 , 0.41
477.07 , 569.56 , 92.49 , 4410.44 , 0.46
486.80 , 569.56 , 82.76 , 4410.44 , 0.41
481.94 , 579.30 , 97.36 , 4400.70 , 0.49
481.94 , 584.16 , 102.23 , 4395.84 , 0.51
486.80 , 589.03 , 102.23 , 4390.97 , 0.51
491.67 , 598.77 , 107.10 , 4381.23 , 0.54
486.80 , 603.64 , 116.83 , 4376.36 , 0.58
486.80 , 613.37 , 126.57 , 4366.63 , 0.63
491.67 , 623.11 , 131.44 , 4356.89 , 0.66
496.54 , 632.84 , 136.30 , 4347.16 , 0.68
501.41 , 637.71 , 136.30 , 4342.29 , 0.68
501.41 , 657.18 , 155.78 , 4322.82 , 0.78
506.28 , 671.79 , 165.51 , 4308.21 , 0.83
511.14 , 681.52 , 170.38 , 4298.47 , 0.85
511.14 , 701.00 , 189.85 , 4279.00 , 0.95
516.01 , 715.60 , 199.59 , 4264.40 , 1.00
516.01 , 739.94 , 223.93 , 4240.06 , 1.12
525.75 , 764.28 , 238.53 , 4215.72 , 1.19
530.62 , 803.23 , 272.61 , 4176.77 , 1.36
535.48 , 847.04 , 311.55 , 4132.96 , 1.56
540.35 , 895.72 , 355.37 , 4084.28 , 1.78
554.96 , 973.61 , 418.65 , 4006.39 , 2.09
569.56 , 1066.10 , 496.54 , 3913.90 , 2.48
579.30 , 1221.88 , 642.58 , 3758.12 , 3.21
598.77 , 1479.88 , 881.11 , 3500.12 , 4.41
627.98 , 2029.97 , 1401.99 , 2950.03 , 7.01
715.60 , 4118.36 , 3402.76 , 861.64 , 17.01
715.60 , 4118.36 , 3402.76 , 861.64 , 17.01
