73.02 , 68.15 , -4.87 , 4911.85 , -0.02
111.96 , 111.96 , 0.00 , 4868.04 , 0.00
146.04 , 136.30 , -9.74 , 4843.69 , -0.05
180.12 , 189.85 , 9.74 , 4790.15 , 0.05
223.93 , 223.93 , 0.00 , 4756.07 , 0.00
258.01 , 262.87 , 4.87 , 4717.13 , 0.02
296.95 , 296.95 , 0.00 , 4683.05 , 0.00
331.03 , 326.16 , -4.87 , 4653.84 , -0.02
350.50 , 350.50 , 0.00 , 4629.50 , 0.00
365.10 , 355.37 , -9.74 , 4624.63 , -0.05
374.84 , 374.84 , 0.00 , 4605.16 , 0.00
379.71 , 389.44 , 9.74 , 4590.56 , 0.05
389.44 , 389.44 , 0.00 , 4590.56 , 0.00
389.44 , 399.18 , 9.74 , 4580.82 , 0.05
394.31 , 404.05 , 9.74 , 4575.95 , 0.05
399.18 , 408.91 , 9.74 , 4571.08 , 0.05
404.05 , 408.91 , 4.87 , 4571.08 , 0.02
404.05 , 413.78 , 9.74 , 4566.22 , 0.05
408.91 , 418.65 , 9.74 , 4561.35 , 0.05
413.78 , 423.52 , 9.74 , 4556.48 , 0.05
408.91 , 428.39 , 19.47 , 4551.61 , 0.10
408.91 , 423.52 , 14.60 , 4556.48 , 0.07
413.78 , 423.52 , 9.74 , 4556.48 , 0.05
413.78 , 428.39 , 14.60 , 4551.61 , 0.07
413.78 , 428.39 , 14.60 , 4551.61 , 0.07
413.78 , 433.26 , 19.47 , 4546.75 , 0.10
418.65 , 433.26 , 14.60 , 4546.75 , 0.07
418.65 , 433.26 , 14.60 , 4546.75 , 0.07
423.52 , 433.26 , 9.74 , 4546.75 , 0.05
423.52 , 442.99 , 19.47 , 4537.01 , 0.10
423.52 , 438.12 , 14.60 , 4541.88 , 0.07
423.52 , 442.99 , 19.47 , 4537.01 , 0.10
423.52 , 442.99 , 19.47 , 4537.01 , 0.10
423.52 , 442.99 , 19.47 , 4537.01 , 0.10
428.39 , 447.86 , 19.47 , 4532.14 , 0.10
428.39 , 447.86 , 19.47 , 4532.14 , 0.10
428.39 , 447.86 , 19.47 , 4532.14 , 0.10
428.39 , 447.86 , 19.47 , 4532.14 , 0.10
428.39 , 447.86 , 19.47 , 4532.14 , 0.10
428.39 , 447.86 , 19.47 , 4532.14 , 0.10
428.39 , 447.86 , 19.47 , 4532.14 , 0.10
428.39 , 457.60 , 29.21 , 4522.40 , 0.15
433.26 , 452.73 , 19.47 , 4527.27 , 0.10
428.39 , 457.60 , 29.21 , 4522.40 , 0.15
433.26 , 457.60 , 24.34 , 4522.40 , 0.12
433.26 , 457.60 , 24.34 , 4522.40 , 0.12
433.26 , 457.60 , 24.34 , 4522.40 , 0.12
433.26 , 462.46 , 29.21 , 4517.54 , 0.15
433.26 , 457.60 , 24.34 , 4522.40 , 0.12
438.12 , 462.46 , 24.34 , 4517.54 , 0.12
433.26 , 462.46 , 29.21 , 4517.54 , 0.15
438.12 , 462.46 , 24.34 , 4517.54 , 0.12
438.12 , 467.33 , 29.21 , 4512.67 , 0.15
438.12 , 462.46 , 24.34 , 4517.54 , 0.12
442.99 , 467.33 , 24.34 , 4512.67 , 0.12
442.99 , 472.20 , 29.21 , 4507.80 , 0.15
442.99 , 467.33 , 24.34 , 4512.67 , 0.12
438.12 , 467.33 , 29.21 , 4512.67 , 0.15
442.99 , 472.20 , 29.21 , 4507.80 , 0.15
442.99 , 477.07 , 34.08 , 4502.93 , 0.17
442.99 , 472.20 , 29.21 , 4507.80 , 0.15
442.99 , 477.07 , 34.08 , 4502.93 , 0.17
442.99 , 477.07 , 34.08 , 4502.93 , 0.17
442.99 , 477.07 , 34.08 , 4502.93 , 0.17
447.86 , 486.80 , 38.94 , 4493.20 , 0.19
447.86 , 481.94 , 34.08 , 4498.06 , 0.17
442.99 , 477.07 , 34.08 , 4502.93 , 0.17
447.86 , 486.80 , 38.94 , 4493.20 , 0.19
452.73 , 486.80 , 34.08 , 4493.20 , 0.17
452.73 , 486.80 , 34.08 , 4493.20 , 0.17
452.73 , 467.33 , 14.60 , 4512.67 , 0.07
452.73 , 491.67 , 38.94 , 4488.33 , 0.19
452.73 , 491.67 , 38.94 , 4488.33 , 0.19
452.73 , 491.67 , 38.94 , 4488.33 , 0.19
452.73 , 491.67 , 38.94 , 4488.33 , 0.19
452.73 , 496.54 , 43.81 , 4483.46 , 0.22
452.73 , 496.54 , 43.81 , 4483.46 , 0.22
452.73 , 501.41 , 48.68 , 4478.59 , 0.24
452.73 , 501.41 , 48.68 , 4478.59 , 0.24
457.60 , 501.41 , 43.81 , 4478.59 , 0.22
457.60 , 501.41 , 43.81 , 4478.59 , 0.22
457.60 , 511.14 , 53.55 , 4468.86 , 0.27
462.46 , 511.14 , 48.68 , 4468.86 , 0.24
457.60 , 516.01 , 58.42 , 4463.99 , 0.29
457.60 , 511.14 , 53.55 , 4468.86 , 0.27
467.33 , 516.01 , 48.68 , 4463.99 , 0.24
457.60 , 520.88 , 63.28 , 4459.12 , 0.32
467.33 , 520.88 , 53.55 , 4459.12 , 0.27
462.46 , 525.75 , 63.28 , 4454.25 , 0.32
467.33 , 530.62 , 63.28 , 4449.38 , 0.32
467.33 , 525.75 , 58.42 , 4454.25 , 0.29
467.33 , 530.62 , 63.28 , 4449.38 , 0.32
467.33 , 535.48 , 68.15 , 4444.52 , 0.34
467.33 , 535.48 , 68.15 , 4444.52 , 0.34
477.07 , 545.22 , 68.15 , 4434.78 , 0.34
472.20 , 545.22 , 73.02 , 4434.78 , 0.37
472.20 , 550.09 , 77.89 , 4429.91 , 0.39
477.07 , 550.09 , 73.02 , 4429.91 , 0.37
472.20 , 554.96 , 82.76 , 4425.04 , 0.41
472.20 , 564.69 , 92.49 , 4415.31 , 0.46
477.07 , 564.69 , 87.62 , 4415.31 , 0.44
481.94 , 574.43 , 92.49 , 4405.57 , 0.46
486.80 , 574.43 , 87.62 , 4405.57 , 0.44
481.94 , 584.16 , 102.23 , 4395.84 , 0.51
486.80 , 589.03 , 102.23 , 4390.97 , 0.51
481.94 , 593.90 , 111.96 , 4386.10 , 0.56
491.67 , 603.64 , 111.96 , 4376.36 , 0.56
491.67 , 613.37 , 121.70 , 4366.63 , 0.61
496.54 , 618.24 , 121.70 , 4361.76 , 0.61
496.54 , 632.84 , 136.30 , 4347.16 , 0.68
501.41 , 642.58 , 141.17 , 4337.42 , 0.71
501.41 , 652.32 , 150.91 , 4327.68 , 0.75
511.14 , 666.92 , 155.78 , 4313.08 , 0.78
511.14 , 676.66 , 165.51 , 4303.34 , 0.83
511.14 , 701.00 , 189.85 , 4279.00 , 0.95
520.88 , 715.60 , 194.72 , 4264.40 , 0.97
520.88 , 739.94 , 219.06 , 4240.06 , 1.10
520.88 , 769.15 , 248.27 , 4210.85 , 1.24
530.62 , 808.09 , 277.48 , 4171.91 , 1.39
535.48 , 847.04 , 311.55 , 4132.96 , 1.56
545.22 , 895.72 , 350.50 , 4084.28 , 1.75
554.96 , 968.74 , 413.78 , 4011.26 , 2.07
564.69 , 1066.10 , 501.41 , 3913.90 , 2.51
574.43 , 1217.01 , 642.58 , 3762.99 , 3.21
598.77 , 1475.01 , 876.25 , 3504.99 , 4.38
632.84 , 2020.23 , 1387.39 , 2959.77 , 6.94
715.60 , 4079.41 , 3363.81 , 900.59 , 16.82
715.60 , 4084.28 , 3368.68 , 895.72 , 16.84
