68.15 , 63.28 , -4.87 , 4916.72 , -0.02
111.96 , 107.10 , -4.87 , 4872.90 , -0.02
141.17 , 146.04 , 4.87 , 4833.96 , 0.02
189.85 , 184.99 , -4.87 , 4795.01 , -0.02
219.06 , 219.06 , 0.00 , 4760.94 , 0.00
267.74 , 262.87 , -4.87 , 4717.13 , -0.02
301.82 , 296.95 , -4.87 , 4683.05 , -0.02
326.16 , 331.03 , 4.87 , 4648.97 , 0.02
345.63 , 340.76 , -4.87 , 4639.24 , -0.02
365.10 , 360.23 , -4.87 , 4619.77 , -0.02
369.97 , 374.84 , 4.87 , 4605.16 , 0.02
384.57 , 384.57 , 0.00 , 4595.43 , 0.00
389.44 , 389.44 , 0.00 , 4590.56 , 0.00
394.31 , 399.18 , 4.87 , 4580.82 , 0.02
399.18 , 404.05 , 4.87 , 4575.95 , 0.02
394.31 , 404.05 , 9.74 , 4575.95 , 0.05
404.05 , 413.78 , 9.74 , 4566.22 , 0.05
408.91 , 413.78 , 4.87 , 4566.22 , 0.02
404.05 , 413.78 , 9.74 , 4566.22 , 0.05
408.91 , 418.65 , 9.74 , 4561.35 , 0.05
408.91 , 418.65 , 9.74 , 4561.35 , 0.05
408.91 , 423.52 , 14.60 , 4556.48 , 0.07
418.65 , 423.52 , 4.87 , 4556.48 , 0.02
413.78 , 428.39 , 14.60 , 4551.61 , 0.07
413.78 , 433.26 , 19.47 , 4546.75 , 0.10
418.65 , 438.12 , 19.47 , 4541.88 , 0.10
423.52 , 433.26 , 9.74 , 4546.75 , 0.05
418.65 , 433.26 , 14.60 , 4546.75 , 0.07
418.65 , 442.99 , 24.34 , 4537.01 , 0.12
423.52 , 438.12 , 14.60 , 4541.88 , 0.07
418.65 , 438.12 , 19.47 , 4541.88 , 0.10
423.52 , 442.99 , 19.47 , 4537.01 , 0.10
423.52 , 438.12 , 14.60 , 4541.88 , 0.07
423.52 , 442.99 , 19.47 , 4537.01 , 0.10
423.52 , 442.99 , 19.47 , 4537.01 , 0.10
428.39 , 442.99 , 14.60 , 4537.01 , 0.07
428.39 , 447.86 , 19.47 , 4532.14 , 0.10
428.39 , 447.86 , 19.47 , 4532.14 , 0.10
428.39 , 447.86 , 19.47 , 4532.14 , 0.10
428.39 , 447.86 , 19.47 , 4532.14 , 0.10
428.39 , 452.73 , 24.34 , 4527.27 , 0.12
428.39 , 447.86 , 19.47 , 4532.14 , 0.10
428.39 , 442.99 , 14.60 , 4537.01 , 0.07
433.26 , 457.60 , 24.34 , 4522.40 , 0.12
433.26 , 452.73 , 19.47 , 4527.27 , 0.10
433.26 , 457.60 , 24.34 , 4522.40 , 0.12
433.26 , 457.60 , 24.34 , 4522.40 , 0.12
428.39 , 457.60 , 29.21 , 4522.40 , 0.15
438.12 , 457.60 , 19.47 , 4522.40 , 0.10
433.26 , 462.46 , 29.21 , 4517.54 , 0.15
433.26 , 462.46 , 29.21 , 4517.54 , 0.15
438.12 , 467.33 , 29.21 , 4512.67 , 0.15
438.12 , 467.33 , 29.21 , 4512.67 , 0.15
438.12 , 462.46 , 24.34 , 4517.54 , 0.12
433.26 , 467.33 , 34.08 , 4512.67 , 0.17
438.12 , 467.33 , 29.21 , 4512.67 , 0.15
438.12 , 467.33 , 29.21 , 4512.67 , 0.15
438.12 , 467.33 , 29.21 , 4512.67 , 0.15
438.12 , 472.20 , 34.08 , 4507.80 , 0.17
442.99 , 467.33 , 24.34 , 4512.67 , 0.12
442.99 , 477.07 , 34.08 , 4502.93 , 0.17
442.99 , 472.20 , 29.21 , 4507.80 , 0.15
447.86 , 477.07 , 29.21 , 4502.93 , 0.15
447.86 , 477.07 , 29.21 , 4502.93 , 0.15
442.99 , 481.94 , 38.94 , 4498.06 , 0.19
442.99 , 481.94 , 38.94 , 4498.06 , 0.19
447.86 , 481.94 , 34.08 , 4498.06 , 0.17
442.99 , 486.80 , 43.81 , 4493.20 , 0.22
452.73 , 481.94 , 29.21 , 4498.06 , 0.15
447.86 , 486.80 , 38.94 , 4493.20 , 0.19
447.86 , 486.80 , 38.94 , 4493.20 , 0.19
452.73 , 491.67 , 38.94 , 4488.33 , 0.19
447.86 , 491.67 , 43.81 , 4488.33 , 0.22
452.73 , 491.67 , 38.94 , 4488.33 , 0.19
452.73 , 491.67 , 38.94 , 4488.33 , 0.19
452.73 , 496.54 , 43.81 , 4483.46 , 0.22
447.86 , 496.54 , 48.68 , 4483.46 , 0.24
452.73 , 496.54 , 43.81 , 4483.46 , 0.22
452.73 , 501.41 , 48.68 , 4478.59 , 0.24
452.73 , 506.28 , 53.55 , 4473.72 , 0.27
452.73 , 506.28 , 53.55 , 4473.72 , 0.27
457.60 , 506.28 , 48.68 , 4473.72 , 0.24
457.60 , 506.28 , 48.68 , 4473.72 , 0.24
462.46 , 516.01 , 53.55 , 4463.99 , 0.27
457.60 , 516.01 , 58.42 , 4463.99 , 0.29
462.46 , 516.01 , 53.55 , 4463.99 , 0.27
457.60 , 516.01 , 58.42 , 4463.99 , 0.29
457.60 , 516.01 , 58.42 , 4463.99 , 0.29
462.46 , 520.88 , 58.42 , 4459.12 , 0.29
457.60 , 530.62 , 73.02 , 4449.38 , 0.37
467.33 , 530.62 , 63.28 , 4449.38 , 0.32
462.46 , 535.48 , 73.02 , 4444.52 , 0.37
467.33 , 530.62 , 63.28 , 4449.38 , 0.32
472.20 , 535.48 , 63.28 , 4444.52 , 0.32
472.20 , 535.48 , 63.28 , 4444.52 , 0.32
472.20 , 545.22 , 73.02 , 4434.78 , 0.37
472.20 , 554.96 , 82.76 , 4425.04 , 0.41
472.20 , 554.96 , 82.76 , 4425.04 , 0.41
477.07 , 554.96 , 77.89 , 4425.04 , 0.39
477.07 , 559.82 , 82.76 , 4420.18 , 0.41
472.20 , 564.69 , 92.49 , 4415.31 , 0.46
481.94 , 569.56 , 87.62 , 4410.44 , 0.44
481.94 , 579.30 , 97.36 , 4400.70 , 0.49
481.94 , 584.16 , 102.23 , 4395.84 , 0.51
486.80 , 589.03 , 102.23 , 4390.97 , 0.51
486.80 , 593.90 , 107.10 , 4386.10 , 0.54
486.80 , 603.64 , 116.83 , 4376.36 , 0.58
491.67 , 608.50 , 116.83 , 4371.50 , 0.58
491.67 , 623.11 , 131.44 , 4356.89 , 0.66
496.54 , 632.84 , 136.30 , 4347.16 , 0.68
501.41 , 642.58 , 141.17 , 4337.42 , 0.71
501.41 , 652.32 , 150.91 , 4327.68 , 0.75
506.28 , 662.05 , 155.78 , 4317.95 , 0.78
506.28 , 681.52 , 175.25 , 4298.47 , 0.88
511.14 , 696.13 , 184.99 , 4283.87 , 0.92
511.14 , 720.47 , 209.33 , 4259.53 , 1.05
516.01 , 739.94 , 223.93 , 4240.06 , 1.12
525.75 , 769.15 , 243.40 , 4210.85 , 1.22
530.62 , 803.23 , 272.61 , 4176.77 , 1.36
540.35 , 847.04 , 306.69 , 4132.96 , 1.53
540.35 , 900.59 , 360.23 , 4079.41 , 1.80
554.96 , 973.61 , 418.65 , 4006.39 , 2.09
564.69 , 1066.10 , 501.41 , 3913.90 , 2.51
579.30 , 1221.88 , 642.58 , 3758.12 , 3.21
598.77 , 1479.88 , 881.11 , 3500.12 , 4.41
632.84 , 2029.97 , 1397.13 , 2950.03 , 6.99
715.60 , 4123.23 , 3407.62 , 856.77 , 17.04
715.60 , 4128.09 , 3412.49 , 851.91 , 17.06
