68.15 , 63.28 , -4.87 , 4916.72 , -0.02
107.10 , 102.23 , -4.87 , 4877.77 , -0.02
146.04 , 146.04 , 0.00 , 4833.96 , 0.00
180.12 , 184.99 , 4.87 , 4795.01 , 0.02
223.93 , 219.06 , -4.87 , 4760.94 , -0.02
258.01 , 253.14 , -4.87 , 4726.86 , -0.02
292.08 , 296.95 , 4.87 , 4683.05 , 0.02
331.03 , 326.16 , -4.87 , 4653.84 , -0.02
350.50 , 355.37 , 4.87 , 4624.63 , 0.02
365.10 , 369.97 , 4.87 , 4610.03 , 0.02
374.84 , 374.84 , 0.00 , 4605.16 , 0.00
379.71 , 384.57 , 4.87 , 4595.43 , 0.02
389.44 , 394.31 , 4.87 , 4585.69 , 0.02
394.31 , 399.18 , 4.87 , 4580.82 , 0.02
399.18 , 404.05 , 4.87 , 4575.95 , 0.02
404.05 , 408.91 , 4.87 , 4571.08 , 0.02
408.91 , 408.91 , 0.00 , 4571.08 , 0.00
404.05 , 413.78 , 9.74 , 4566.22 , 0.05
404.05 , 413.78 , 9.74 , 4566.22 , 0.05
408.91 , 418.65 , 9.74 , 4561.35 , 0.05
413.78 , 423.52 , 9.74 , 4556.48 , 0.05
418.65 , 423.52 , 4.87 , 4556.48 , 0.02
413.78 , 423.52 , 9.74 , 4556.48 , 0.05
413.78 , 428.39 , 14.60 , 4551.61 , 0.07
413.78 , 428.39 , 14.60 , 4551.61 , 0.07
413.78 , 438.12 , 24.34 , 4541.88 , 0.12
418.65 , 428.39 , 9.74 , 4551.61 , 0.05
418.65 , 438.12 , 19.47 , 4541.88 , 0.10
418.65 , 438.12 , 19.47 , 4541.88 , 0.10
418.65 , 438.12 , 19.47 , 4541.88 , 0.10
418.65 , 438.12 , 19.47 , 4541.88 , 0.10
418.65 , 438.12 , 19.47 , 4541.88 , 0.10
423.52 , 442.99 , 19.47 , 4537.01 , 0.10
428.39 , 442.99 , 14.60 , 4537.01 , 0.07
423.52 , 447.86 , 24.34 , 4532.14 , 0.12
428.39 , 447.86 , 19.47 , 4532.14 , 0.10
428.39 , 447.86 , 19.47 , 4532.14 , 0.10
428.39 , 447.86 , 19.47 , 4532.14 , 0.10
423.52 , 447.86 , 24.34 , 4532.14 , 0.12
423.52 , 447.86 , 24.34 , 4532.14 , 0.12
423.52 , 452.73 , 29.21 , 4527.27 , 0.15
433.26 , 452.73 , 19.47 , 4527.27 , 0.10
433.26 , 438.12 , 4.87 , 4541.88 , 0.02
423.52 , 457.60 , 34.08 , 4522.40 , 0.17
433.26 , 452.73 , 19.47 , 4527.27 , 0.10
433.26 , 457.60 , 24.34 , 4522.40 , 0.12
433.26 , 452.73 , 19.47 , 4527.27 , 0.10
433.26 , 462.46 , 29.21 , 4517.54 , 0.15
438.12 , 457.60 , 19.47 , 4522.40 , 0.10
433.26 , 462.46 , 29.21 , 4517.54 , 0.15
438.12 , 457.60 , 19.47 , 4522.40 , 0.10
442.99 , 467.33 , 24.34 , 4512.67 , 0.12
438.12 , 452.73 , 14.60 , 4527.27 , 0.07
438.12 , 467.33 , 29.21 , 4512.67 , 0.15
438.12 , 467.33 , 29.21 , 4512.67 , 0.15
438.12 , 467.33 , 29.21 , 4512.67 , 0.15
442.99 , 472.20 , 29.21 , 4507.80 , 0.15
438.12 , 472.20 , 34.08 , 4507.80 , 0.17
442.99 , 467.33 , 24.34 , 4512.67 , 0.12
442.99 , 472.20 , 29.21 , 4507.80 , 0.15
442.99 , 472.20 , 29.21 , 4507.80 , 0.15
442.99 , 477.07 , 34.08 , 4502.93 , 0.17
442.99 , 477.07 , 34.08 , 4502.93 , 0.17
447.86 , 477.07 , 29.21 , 4502.93 , 0.15
442.99 , 477.07 , 34.08 , 4502.93 , 0.17
447.86 , 477.07 , 29.21 , 4502.93 , 0.15
447.86 , 477.07 , 29.21 , 4502.93 , 0.15
447.86 , 481.94 , 34.08 , 4498.06 , 0.17
452.73 , 486.80 , 34.08 , 4493.20 , 0.17
447.86 , 486.80 , 38.94 , 4493.20 , 0.19
447.86 , 486.80 , 38.94 , 4493.20 , 0.19
447.86 , 491.67 , 43.81 , 4488.33 , 0.22
452.73 , 491.67 , 38.94 , 4488.33 , 0.19
447.86 , 491.67 , 43.81 , 4488.33 , 0.22
452.73 , 491.67 , 38.94 , 4488.33 , 0.19
452.73 , 496.54 , 43.81 , 4483.46 , 0.22
452.73 , 496.54 , 43.81 , 4483.46 , 0.22
452.73 , 496.54 , 43.81 , 4483.46 , 0.22
452.73 , 506.28 , 53.55 , 4473.72 , 0.27
452.73 , 506.28 , 53.55 , 4473.72 , 0.27
457.60 , 501.41 , 43.81 , 4478.59 , 0.22
457.60 , 506.28 , 48.68 , 4473.72 , 0.24
457.60 , 506.28 , 48.68 , 4473.72 , 0.24
462.46 , 511.14 , 48.68 , 4468.86 , 0.24
462.46 , 516.01 , 53.55 , 4463.99 , 0.27
462.46 , 516.01 , 53.55 , 4463.99 , 0.27
462.46 , 516.01 , 53.55 , 4463.99 , 0.27
462.46 , 520.88 , 58.42 , 4459.12 , 0.29
462.46 , 525.75 , 63.28 , 4454.25 , 0.32
462.46 , 525.75 , 63.28 , 4454.25 , 0.32
467.33 , 525.75 , 58.42 , 4454.25 , 0.29
472.20 , 535.48 , 63.28 , 4444.52 , 0.32
472.20 , 530.62 , 58.42 , 4449.38 , 0.29
467.33 , 540.35 , 73.02 , 4439.65 , 0.37
477.07 , 540.35 , 63.28 , 4439.65 , 0.32
477.07 , 540.35 , 63.28 , 4439.65 , 0.32
477.07 , 545.22 , 68.15 , 4434.78 , 0.34
472.20 , 554.96 , 82.76 , 4425.04 , 0.41
477.07 , 554.96 , 77.89 , 4425.04 , 0.39
477.07 , 564.69 , 87.62 , 4415.31 , 0.44
477.07 , 569.56 , 92.49 , 4410.44 , 0.46
481.94 , 574.43 , 92.49 , 4405.57 , 0.46
481.94 , 579.30 , 97.36 , 4400.70 , 0.49
481.94 , 579.30 , 97.36 , 4400.70 , 0.49
486.80 , 589.03 , 102.23 , 4390.97 , 0.51
486.80 , 593.90 , 107.10 , 4386.10 , 0.54
486.80 , 608.50 , 121.70 , 4371.50 , 0.61
486.80 , 608.50 , 121.70 , 4371.50 , 0.61
491.67 , 618.24 , 126.57 , 4361.76 , 0.63
496.54 , 632.84 , 136.30 , 4347.16 , 0.68
501.41 , 642.58 , 141.17 , 4337.42 , 0.71
501.41 , 652.32 , 150.91 , 4327.68 , 0.75
506.28 , 666.92 , 160.65 , 4313.08 , 0.80
511.14 , 681.52 , 170.38 , 4298.47 , 0.85
506.28 , 701.00 , 194.72 , 4279.00 , 0.97
516.01 , 720.47 , 204.46 , 4259.53 , 1.02
520.88 , 744.81 , 223.93 , 4235.19 , 1.12
525.75 , 769.15 , 243.40 , 4210.85 , 1.22
530.62 , 803.23 , 272.61 , 4176.77 , 1.36
535.48 , 847.04 , 311.55 , 4132.96 , 1.56
545.22 , 900.59 , 355.37 , 4079.41 , 1.78
550.09 , 968.74 , 418.65 , 4011.26 , 2.09
559.82 , 1070.97 , 511.14 , 3909.03 , 2.56
579.30 , 1217.01 , 637.71 , 3762.99 , 3.19
598.77 , 1475.01 , 876.25 , 3504.99 , 4.38
627.98 , 2025.10 , 1397.13 , 2954.90 , 6.99
715.60 , 4098.89 , 3383.28 , 881.11 , 16.92
715.60 , 4094.02 , 3378.42 , 885.98 , 16.89
