68.15 , 63.28 , -4.87 , 4916.72 , -0.02
107.10 , 102.23 , -4.87 , 4877.77 , -0.02
146.04 , 150.91 , 4.87 , 4829.09 , 0.02
184.99 , 170.38 , -14.60 , 4809.62 , -0.07
223.93 , 228.80 , 4.87 , 4751.20 , 0.02
258.01 , 262.87 , 4.87 , 4717.13 , 0.02
292.08 , 316.42 , 24.34 , 4663.58 , 0.12
316.42 , 331.03 , 14.60 , 4648.97 , 0.07
350.50 , 350.50 , 0.00 , 4629.50 , 0.00
369.97 , 369.97 , 0.00 , 4610.03 , 0.00
374.84 , 379.71 , 4.87 , 4600.29 , 0.02
379.71 , 384.57 , 4.87 , 4595.43 , 0.02
389.44 , 389.44 , 0.00 , 4590.56 , 0.00
384.57 , 404.05 , 19.47 , 4575.95 , 0.10
399.18 , 408.91 , 9.74 , 4571.08 , 0.05
404.05 , 413.78 , 9.74 , 4566.22 , 0.05
404.05 , 413.78 , 9.74 , 4566.22 , 0.05
408.91 , 418.65 , 9.74 , 4561.35 , 0.05
408.91 , 418.65 , 9.74 , 4561.35 , 0.05
408.91 , 418.65 , 9.74 , 4561.35 , 0.05
413.78 , 423.52 , 9.74 , 4556.48 , 0.05
408.91 , 428.39 , 19.47 , 4551.61 , 0.10
413.78 , 428.39 , 14.60 , 4551.61 , 0.07
413.78 , 428.39 , 14.60 , 4551.61 , 0.07
418.65 , 433.26 , 14.60 , 4546.75 , 0.07
418.65 , 433.26 , 14.60 , 4546.75 , 0.07
418.65 , 433.26 , 14.60 , 4546.75 , 0.07
423.52 , 438.12 , 14.60 , 4541.88 , 0.07
423.52 , 438.12 , 14.60 , 4541.88 , 0.07
423.52 , 442.99 , 19.47 , 4537.01 , 0.10
423.52 , 442.99 , 19.47 , 4537.01 , 0.10
423.52 , 442.99 , 19.47 , 4537.01 , 0.10
423.52 , 442.99 , 19.47 , 4537.01 , 0.10
428.39 , 442.99 , 14.60 , 4537.01 , 0.07
423.52 , 442.99 , 19.47 , 4537.01 , 0.10
428.39 , 447.86 , 19.47 , 4532.14 , 0.10
428.39 , 447.86 , 19.47 , 4532.14 , 0.10
428.39 , 447.86 , 19.47 , 4532.14 , 0.10
428.39 , 452.73 , 24.34 , 4527.27 , 0.12
428.39 , 447.86 , 19.47 , 4532.14 , 0.10
428.39 , 447.86 , 19.47 , 4532.14 , 0.10
433.26 , 452.73 , 19.47 , 4527.27 , 0.10
428.39 , 452.73 , 24.34 , 4527.27 , 0.12
423.52 , 457.60 , 34.08 , 4522.40 , 0.17
433.26 , 457.60 , 24.34 , 4522.40 , 0.12
438.12 , 462.46 , 24.34 , 4517.54 , 0.12
433.26 , 462.46 , 29.21 , 4517.54 , 0.15
438.12 , 462.46 , 24.34 , 4517.54 , 0.12
438.12 , 462.46 , 24.34 , 4517.54 , 0.12
438.12 , 457.60 , 19.47 , 4522.40 , 0.10
433.26 , 462.46 , 29.21 , 4517.54 , 0.15
438.12 , 462.46 , 24.34 , 4517.54 , 0.12
442.99 , 467.33 , 24.34 , 4512.67 , 0.12
438.12 , 467.33 , 29.21 , 4512.67 , 0.15
433.26 , 467.33 , 34.08 , 4512.67 , 0.17
438.12 , 467.33 , 29.21 , 4512.67 , 0.15
438.12 , 472.20 , 34.08 , 4507.80 , 0.17
442.99 , 477.07 , 34.08 , 4502.93 , 0.17
442.99 , 477.07 , 34.08 , 4502.93 , 0.17
442.99 , 477.07 , 34.08 , 4502.93 , 0.17
447.86 , 477.07 , 29.21 , 4502.93 , 0.15
442.99 , 477.07 , 34.08 , 4502.93 , 0.17
447.86 , 477.07 , 29.21 , 4502.93 , 0.15
442.99 , 477.07 , 34.08 , 4502.93 , 0.17
447.86 , 481.94 , 34.08 , 4498.06 , 0.17
442.99 , 481.94 , 38.94 , 4498.06 , 0.19
447.86 , 481.94 , 34.08 , 4498.06 , 0.17
447.86 , 481.94 , 34.08 , 4498.06 , 0.17
452.73 , 486.80 , 34.08 , 4493.20 , 0.17
447.86 , 491.67 , 43.81 , 4488.33 , 0.22
447.86 , 491.67 , 43.81 , 4488.33 , 0.22
447.86 , 491.67 , 43.81 , 4488.33 , 0.22
452.73 , 486.80 , 34.08 , 4493.20 , 0.17
452.73 , 486.80 , 34.08 , 4493.20 , 0.17
452.73 , 491.67 , 38.94 , 4488.33 , 0.19
452.73 , 496.54 , 43.81 , 4483.46 , 0.22
452.73 , 496.54 , 43.81 , 4483.46 , 0.22
457.60 , 496.54 , 38.94 , 4483.46 , 0.19
457.60 , 501.41 , 43.81 , 4478.59 , 0.22
452.73 , 501.41 , 48.68 , 4478.59 , 0.24
452.73 , 506.28 , 53.55 , 4473.72 , 0.27
457.60 , 511.14 , 53.55 , 4468.86 , 0.27
457.60 , 506.28 , 48.68 , 4473.72 , 0.24
457.60 , 511.14 , 53.55 , 4468.86 , 0.27
462.46 , 511.14 , 48.68 , 4468.86 , 0.24
462.46 , 516.01 , 53.55 , 4463.99 , 0.27
467.33 , 516.01 , 48.68 , 4463.99 , 0.24
467.33 , 520.88 , 53.55 , 4459.12 , 0.27
462.46 , 525.75 , 63.28 , 4454.25 , 0.32
467.33 , 525.75 , 58.42 , 4454.25 , 0.29
467.33 , 530.62 , 63.28 , 4449.38 , 0.32
467.33 , 530.62 , 63.28 , 4449.38 , 0.32
472.20 , 535.48 , 63.28 , 4444.52 , 0.32
472.20 , 540.35 , 68.15 , 4439.65 , 0.34
472.20 , 545.22 , 73.02 , 4434.78 , 0.37
472.20 , 545.22 , 73.02 , 4434.78 , 0.37
472.20 , 545.22 , 73.02 , 4434.78 , 0.37
472.20 , 554.96 , 82.76 , 4425.04 , 0.41
472.20 , 559.82 , 87.62 , 4420.18 , 0.44
477.07 , 559.82 , 82.76 , 4420.18 , 0.41
481.94 , 569.56 , 87.62 , 4410.44 , 0.44
481.94 , 569.56 , 87.62 , 4410.44 , 0.44
481.94 , 574.43 , 92.49 , 4405.57 , 0.46
481.94 , 579.30 , 97.36 , 4400.70 , 0.49
486.80 , 589.03 , 102.23 , 4390.97 , 0.51
486.80 , 598.77 , 111.96 , 4381.23 , 0.56
491.67 , 603.64 , 111.96 , 4376.36 , 0.56
496.54 , 608.50 , 111.96 , 4371.50 , 0.56
491.67 , 618.24 , 126.57 , 4361.76 , 0.63
501.41 , 632.84 , 131.44 , 4347.16 , 0.66
501.41 , 642.58 , 141.17 , 4337.42 , 0.71
506.28 , 652.32 , 146.04 , 4327.68 , 0.73
501.41 , 671.79 , 170.38 , 4308.21 , 0.85
506.28 , 681.52 , 175.25 , 4298.47 , 0.88
511.14 , 696.13 , 184.99 , 4283.87 , 0.92
516.01 , 720.47 , 204.46 , 4259.53 , 1.02
520.88 , 739.94 , 219.06 , 4240.06 , 1.10
525.75 , 764.28 , 238.53 , 4215.72 , 1.19
530.62 , 798.36 , 267.74 , 4181.64 , 1.34
540.35 , 847.04 , 306.69 , 4132.96 , 1.53
545.22 , 895.72 , 350.50 , 4084.28 , 1.75
550.09 , 968.74 , 418.65 , 4011.26 , 2.09
564.69 , 1066.10 , 501.41 , 3913.90 , 2.51
579.30 , 1217.01 , 637.71 , 3762.99 , 3.19
598.77 , 1479.88 , 881.11 , 3500.12 , 4.41
632.84 , 2025.10 , 1392.26 , 2954.90 , 6.96
715.60 , 4089.15 , 3373.55 , 890.85 , 16.87
715.60 , 4084.28 , 3368.68 , 895.72 , 16.84
