68.15 , 63.28 , -4.87 , 4916.72 , -0.02
111.96 , 107.10 , -4.87 , 4872.90 , -0.02
150.91 , 141.17 , -9.74 , 4838.83 , -0.05
184.99 , 189.85 , 4.87 , 4790.15 , 0.02
209.33 , 223.93 , 14.60 , 4756.07 , 0.07
262.87 , 267.74 , 4.87 , 4712.26 , 0.02
296.95 , 296.95 , 0.00 , 4683.05 , 0.00
326.16 , 326.16 , 0.00 , 4653.84 , 0.00
350.50 , 350.50 , 0.00 , 4629.50 , 0.00
369.97 , 365.10 , -4.87 , 4614.90 , -0.02
374.84 , 379.71 , 4.87 , 4600.29 , 0.02
379.71 , 384.57 , 4.87 , 4595.43 , 0.02
389.44 , 394.31 , 4.87 , 4585.69 , 0.02
394.31 , 399.18 , 4.87 , 4580.82 , 0.02
399.18 , 404.05 , 4.87 , 4575.95 , 0.02
399.18 , 413.78 , 14.60 , 4566.22 , 0.07
404.05 , 413.78 , 9.74 , 4566.22 , 0.05
404.05 , 413.78 , 9.74 , 4566.22 , 0.05
408.91 , 418.65 , 9.74 , 4561.35 , 0.05
408.91 , 418.65 , 9.74 , 4561.35 , 0.05
413.78 , 423.52 , 9.74 , 4556.48 , 0.05
408.91 , 428.39 , 19.47 , 4551.61 , 0.10
413.78 , 423.52 , 9.74 , 4556.48 , 0.05
413.78 , 423.52 , 9.74 , 4556.48 , 0.05
418.65 , 433.26 , 14.60 , 4546.75 , 0.07
418.65 , 433.26 , 14.60 , 4546.75 , 0.07
413.78 , 433.26 , 19.47 , 4546.75 , 0.10
418.65 , 438.12 , 19.47 , 4541.88 , 0.10
423.52 , 438.12 , 14.60 , 4541.88 , 0.07
418.65 , 438.12 , 19.47 , 4541.88 , 0.10
418.65 , 442.99 , 24.34 , 4537.01 , 0.12
423.52 , 442.99 , 19.47 , 4537.01 , 0.10
423.52 , 442.99 , 19.47 , 4537.01 , 0.10
428.39 , 447.86 , 19.47 , 4532.14 , 0.10
423.52 , 447.86 , 24.34 , 4532.14 , 0.12
428.39 , 447.86 , 19.47 , 4532.14 , 0.10
423.52 , 442.99 , 19.47 , 4537.01 , 0.10
428.39 , 452.73 , 24.34 , 4527.27 , 0.12
428.39 , 452.73 , 24.34 , 4527.27 , 0.12
428.39 , 452.73 , 24.34 , 4527.27 , 0.12
433.26 , 447.86 , 14.60 , 4532.14 , 0.07
428.39 , 452.73 , 24.34 , 4527.27 , 0.12
438.12 , 457.60 , 19.47 , 4522.40 , 0.10
433.26 , 457.60 , 24.34 , 4522.40 , 0.12
433.26 , 457.60 , 24.34 , 4522.40 , 0.12
433.26 , 457.60 , 24.34 , 4522.40 , 0.12
433.26 , 457.60 , 24.34 , 4522.40 , 0.12
438.12 , 462.46 , 24.34 , 4517.54 , 0.12
433.26 , 462.46 , 29.21 , 4517.54 , 0.15
433.26 , 462.46 , 29.21 , 4517.54 , 0.15
438.12 , 462.46 , 24.34 , 4517.54 , 0.12
438.12 , 462.46 , 24.34 , 4517.54 , 0.12
438.12 , 462.46 , 24.34 , 4517.54 , 0.12
442.99 , 467.33 , 24.34 , 4512.67 , 0.12
438.12 , 467.33 , 29.21 , 4512.67 , 0.15
438.12 , 472.20 , 34.08 , 4507.80 , 0.17
438.12 , 472.20 , 34.08 , 4507.80 , 0.17
442.99 , 477.07 , 34.08 , 4502.93 , 0.17
438.12 , 472.20 , 34.08 , 4507.80 , 0.17
442.99 , 477.07 , 34.08 , 4502.93 , 0.17
442.99 , 472.20 , 29.21 , 4507.80 , 0.15
442.99 , 477.07 , 34.08 , 4502.93 , 0.17
442.99 , 481.94 , 38.94 , 4498.06 , 0.19
442.99 , 481.94 , 38.94 , 4498.06 , 0.19
447.86 , 477.07 , 29.21 , 4502.93 , 0.15
442.99 , 481.94 , 38.94 , 4498.06 , 0.19
447.86 , 481.94 , 34.08 , 4498.06 , 0.17
447.86 , 486.80 , 38.94 , 4493.20 , 0.19
447.86 , 481.94 , 34.08 , 4498.06 , 0.17
452.73 , 486.80 , 34.08 , 4493.20 , 0.17
447.86 , 486.80 , 38.94 , 4493.20 , 0.19
447.86 , 486.80 , 38.94 , 4493.20 , 0.19
447.86 , 491.67 , 43.81 , 4488.33 , 0.22
452.73 , 496.54 , 43.81 , 4483.46 , 0.22
447.86 , 496.54 , 48.68 , 4483.46 , 0.24
457.60 , 491.67 , 34.08 , 4488.33 , 0.17
457.60 , 501.41 , 43.81 , 4478.59 , 0.22
452.73 , 501.41 , 48.68 , 4478.59 , 0.24
457.60 , 501.41 , 43.81 , 4478.59 , 0.22
462.46 , 501.41 , 38.94 , 4478.59 , 0.19
457.60 , 501.41 , 43.81 , 4478.59 , 0.22
462.46 , 511.14 , 48.68 , 4468.86 , 0.24
457.60 , 511.14 , 53.55 , 4468.86 , 0.27
457.60 , 511.14 , 53.55 , 4468.86 , 0.27
462.46 , 516.01 , 53.55 , 4463.99 , 0.27
462.46 , 516.01 , 53.55 , 4463.99 , 0.27
462.46 , 520.88 , 58.42 , 4459.12 , 0.29
462.46 , 516.01 , 53.55 , 4463.99 , 0.27
467.33 , 520.88 , 53.55 , 4459.12 , 0.27
467.33 , 525.75 , 58.42 , 4454.25 , 0.29
467.33 , 530.62 , 63.28 , 4449.38 , 0.32
467.33 , 535.48 , 68.15 , 4444.52 , 0.34
472.20 , 540.35 , 68.15 , 4439.65 , 0.34
472.20 , 540.35 , 68.15 , 4439.65 , 0.34
472.20 , 545.22 , 73.02 , 4434.78 , 0.37
477.07 , 550.09 , 73.02 , 4429.91 , 0.37
472.20 , 545.22 , 73.02 , 4434.78 , 0.37
477.07 , 550.09 , 73.02 , 4429.91 , 0.37
472.20 , 559.82 , 87.62 , 4420.18 , 0.44
477.07 , 559.82 , 82.76 , 4420.18 , 0.41
486.80 , 564.69 , 77.89 , 4415.31 , 0.39
477.07 , 574.43 , 97.36 , 4405.57 , 0.49
481.94 , 579.30 , 97.36 , 4400.70 , 0.49
486.80 , 584.16 , 97.36 , 4395.84 , 0.49
486.80 , 579.30 , 92.49 , 4400.70 , 0.46
486.80 , 598.77 , 111.96 , 4381.23 , 0.56
496.54 , 608.50 , 111.96 , 4371.50 , 0.56
496.54 , 608.50 , 111.96 , 4371.50 , 0.56
496.54 , 623.11 , 126.57 , 4356.89 , 0.63
501.41 , 632.84 , 131.44 , 4347.16 , 0.66
496.54 , 637.71 , 141.17 , 4342.29 , 0.71
501.41 , 652.32 , 150.91 , 4327.68 , 0.75
506.28 , 666.92 , 160.65 , 4313.08 , 0.80
506.28 , 681.52 , 175.25 , 4298.47 , 0.88
511.14 , 701.00 , 189.85 , 4279.00 , 0.95
516.01 , 715.60 , 199.59 , 4264.40 , 1.00
520.88 , 739.94 , 219.06 , 4240.06 , 1.10
520.88 , 769.15 , 248.27 , 4210.85 , 1.24
525.75 , 803.23 , 277.48 , 4176.77 , 1.39
535.48 , 847.04 , 311.55 , 4132.96 , 1.56
550.09 , 895.72 , 345.63 , 4084.28 , 1.73
550.09 , 963.87 , 413.78 , 4016.13 , 2.07
564.69 , 1070.97 , 506.28 , 3909.03 , 2.53
574.43 , 1217.01 , 642.58 , 3762.99 , 3.21
598.77 , 1475.01 , 876.25 , 3504.99 , 4.38
632.84 , 2020.23 , 1387.39 , 2959.77 , 6.94
720.47 , 4074.55 , 3354.08 , 905.45 , 16.77
715.60 , 4079.41 , 3363.81 , 900.59 , 16.82
