68.15 , 68.15 , 0.00 , 4911.85 , 0.00
102.23 , 102.23 , 0.00 , 4877.77 , 0.00
131.44 , 136.30 , 4.87 , 4843.69 , 0.02
155.78 , 155.78 , 0.00 , 4824.22 , 0.00
165.51 , 170.38 , 4.87 , 4809.62 , 0.02
175.25 , 180.12 , 4.87 , 4799.88 , 0.02
175.25 , 189.85 , 14.60 , 4790.15 , 0.07
126.57 , 189.85 , 63.28 , 4790.15 , 0.32
180.12 , 194.72 , 14.60 , 4785.28 , 0.07
189.85 , 204.46 , 14.60 , 4775.54 , 0.07
194.72 , 199.59 , 4.87 , 4780.41 , 0.02
189.85 , 209.33 , 19.47 , 4770.67 , 0.10
189.85 , 204.46 , 14.60 , 4775.54 , 0.07
194.72 , 209.33 , 14.60 , 4770.67 , 0.07
194.72 , 209.33 , 14.60 , 4770.67 , 0.07
194.72 , 209.33 , 14.60 , 4770.67 , 0.07
199.59 , 219.06 , 19.47 , 4760.94 , 0.10
199.59 , 214.19 , 14.60 , 4765.81 , 0.07
199.59 , 214.19 , 14.60 , 4765.81 , 0.07
204.46 , 214.19 , 9.74 , 4765.81 , 0.05
194.72 , 219.06 , 24.34 , 4760.94 , 0.12
199.59 , 219.06 , 19.47 , 4760.94 , 0.10
199.59 , 219.06 , 19.47 , 4760.94 , 0.10
204.46 , 219.06 , 14.60 , 4760.94 , 0.07
199.59 , 223.93 , 24.34 , 4756.07 , 0.12
204.46 , 223.93 , 19.47 , 4756.07 , 0.10
199.59 , 223.93 , 24.34 , 4756.07 , 0.12
204.46 , 228.80 , 24.34 , 4751.20 , 0.12
204.46 , 223.93 , 19.47 , 4756.07 , 0.10
204.46 , 228.80 , 24.34 , 4751.20 , 0.12
204.46 , 223.93 , 19.47 , 4756.07 , 0.10
204.46 , 228.80 , 24.34 , 4751.20 , 0.12
204.46 , 223.93 , 19.47 , 4756.07 , 0.10
204.46 , 228.80 , 24.34 , 4751.20 , 0.12
204.46 , 233.67 , 29.21 , 4746.33 , 0.15
204.46 , 233.67 , 29.21 , 4746.33 , 0.15
204.46 , 228.80 , 24.34 , 4751.20 , 0.12
209.33 , 238.53 , 29.21 , 4741.47 , 0.15
204.46 , 233.67 , 29.21 , 4746.33 , 0.15
209.33 , 233.67 , 24.34 , 4746.33 , 0.12
209.33 , 233.67 , 24.34 , 4746.33 , 0.12
214.19 , 238.53 , 24.34 , 4741.47 , 0.12
214.19 , 238.53 , 24.34 , 4741.47 , 0.12
214.19 , 238.53 , 24.34 , 4741.47 , 0.12
209.33 , 243.40 , 34.08 , 4736.60 , 0.17
209.33 , 243.40 , 34.08 , 4736.60 , 0.17
209.33 , 238.53 , 29.21 , 4741.47 , 0.15
209.33 , 238.53 , 29.21 , 4741.47 , 0.15
209.33 , 238.53 , 29.21 , 4741.47 , 0.15
214.19 , 243.40 , 29.21 , 4736.60 , 0.15
214.19 , 243.40 , 29.21 , 4736.60 , 0.15
219.06 , 243.40 , 24.34 , 4736.60 , 0.12
214.19 , 248.27 , 34.08 , 4731.73 , 0.17
214.19 , 248.27 , 34.08 , 4731.73 , 0.17
214.19 , 248.27 , 34.08 , 4731.73 , 0.17
219.06 , 253.14 , 34.08 , 4726.86 , 0.17
219.06 , 248.27 , 29.21 , 4731.73 , 0.15
219.06 , 248.27 , 29.21 , 4731.73 , 0.15
219.06 , 253.14 , 34.08 , 4726.86 , 0.17
223.93 , 253.14 , 29.21 , 4726.86 , 0.15
214.19 , 253.14 , 38.94 , 4726.86 , 0.19
214.19 , 258.01 , 43.81 , 4721.99 , 0.22
214.19 , 258.01 , 43.81 , 4721.99 , 0.22
219.06 , 258.01 , 38.94 , 4721.99 , 0.19
223.93 , 262.87 , 38.94 , 4717.13 , 0.19
223.93 , 258.01 , 34.08 , 4721.99 , 0.17
219.06 , 258.01 , 38.94 , 4721.99 , 0.19
223.93 , 267.74 , 43.81 , 4712.26 , 0.22
223.93 , 258.01 , 34.08 , 4721.99 , 0.17
228.80 , 267.74 , 38.94 , 4712.26 , 0.19
223.93 , 267.74 , 43.81 , 4712.26 , 0.22
223.93 , 267.74 , 43.81 , 4712.26 , 0.22
223.93 , 267.74 , 43.81 , 4712.26 , 0.22
219.06 , 267.74 , 48.68 , 4712.26 , 0.24
228.80 , 272.61 , 43.81 , 4707.39 , 0.22
223.93 , 272.61 , 48.68 , 4707.39 , 0.24
223.93 , 277.48 , 53.55 , 4702.52 , 0.27
228.80 , 277.48 , 48.68 , 4702.52 , 0.24
228.80 , 282.35 , 53.55 , 4697.65 , 0.27
223.93 , 277.48 , 53.55 , 4702.52 , 0.27
228.80 , 282.35 , 53.55 , 4697.65 , 0.27
228.80 , 282.35 , 53.55 , 4697.65 , 0.27
228.80 , 292.08 , 63.28 , 4687.92 , 0.32
233.67 , 282.35 , 48.68 , 4697.65 , 0.24
233.67 , 287.21 , 53.55 , 4692.79 , 0.27
233.67 , 292.08 , 58.42 , 4687.92 , 0.29
233.67 , 296.95 , 63.28 , 4683.05 , 0.32
233.67 , 296.95 , 63.28 , 4683.05 , 0.32
233.67 , 296.95 , 63.28 , 4683.05 , 0.32
233.67 , 301.82 , 68.15 , 4678.18 , 0.34
233.67 , 306.69 , 73.02 , 4673.31 , 0.37
238.53 , 311.55 , 73.02 , 4668.45 , 0.37
238.53 , 311.55 , 73.02 , 4668.45 , 0.37
243.40 , 311.55 , 68.15 , 4668.45 , 0.34
238.53 , 321.29 , 82.76 , 4658.71 , 0.41
243.40 , 316.42 , 73.02 , 4663.58 , 0.37
238.53 , 321.29 , 82.76 , 4658.71 , 0.41
243.40 , 326.16 , 82.76 , 4653.84 , 0.41
243.40 , 331.03 , 87.62 , 4648.97 , 0.44
243.40 , 335.89 , 92.49 , 4644.11 , 0.46
248.27 , 340.76 , 92.49 , 4639.24 , 0.46
243.40 , 340.76 , 97.36 , 4639.24 , 0.49
243.40 , 355.37 , 111.96 , 4624.63 , 0.56
243.40 , 355.37 , 111.96 , 4624.63 , 0.56
253.14 , 360.23 , 107.10 , 4619.77 , 0.54
253.14 , 369.97 , 116.83 , 4610.03 , 0.58
258.01 , 374.84 , 116.83 , 4605.16 , 0.58
258.01 , 384.57 , 126.57 , 4595.43 , 0.63
253.14 , 389.44 , 136.30 , 4590.56 , 0.68
262.87 , 399.18 , 136.30 , 4580.82 , 0.68
262.87 , 408.91 , 146.04 , 4571.08 , 0.73
262.87 , 423.52 , 160.65 , 4556.48 , 0.80
262.87 , 433.26 , 170.38 , 4546.75 , 0.85
262.87 , 452.73 , 189.85 , 4527.27 , 0.95
267.74 , 467.33 , 199.59 , 4512.67 , 1.00
272.61 , 491.67 , 219.06 , 4488.33 , 1.10
277.48 , 511.14 , 233.67 , 4468.86 , 1.17
277.48 , 540.35 , 262.87 , 4439.65 , 1.31
282.35 , 574.43 , 292.08 , 4405.57 , 1.46
287.21 , 618.24 , 331.03 , 4361.76 , 1.66
296.95 , 671.79 , 374.84 , 4308.21 , 1.87
301.82 , 744.81 , 442.99 , 4235.19 , 2.21
316.42 , 847.04 , 530.62 , 4132.96 , 2.65
321.29 , 1007.68 , 686.39 , 3972.32 , 3.43
340.76 , 1280.29 , 939.53 , 3699.71 , 4.70
379.71 , 1883.93 , 1504.22 , 3096.07 , 7.52
486.80 , 4274.13 , 3787.33 , 705.87 , 18.94
486.80 , 4279.00 , 3792.20 , 701.00 , 18.96
