68.15 , 68.15 , 0.00 , 4911.85 , 0.00
107.10 , 102.23 , -4.87 , 4877.77 , -0.02
136.30 , 131.44 , -4.87 , 4848.56 , -0.02
150.91 , 150.91 , 0.00 , 4829.09 , 0.00
165.51 , 170.38 , 4.87 , 4809.62 , 0.02
165.51 , 180.12 , 14.60 , 4799.88 , 0.07
175.25 , 184.99 , 9.74 , 4795.01 , 0.05
180.12 , 189.85 , 9.74 , 4790.15 , 0.05
180.12 , 194.72 , 14.60 , 4785.28 , 0.07
184.99 , 199.59 , 14.60 , 4780.41 , 0.07
189.85 , 199.59 , 9.74 , 4780.41 , 0.05
189.85 , 204.46 , 14.60 , 4775.54 , 0.07
189.85 , 204.46 , 14.60 , 4775.54 , 0.07
194.72 , 209.33 , 14.60 , 4770.67 , 0.07
194.72 , 209.33 , 14.60 , 4770.67 , 0.07
194.72 , 214.19 , 19.47 , 4765.81 , 0.10
189.85 , 209.33 , 19.47 , 4770.67 , 0.10
194.72 , 214.19 , 19.47 , 4765.81 , 0.10
194.72 , 214.19 , 19.47 , 4765.81 , 0.10
199.59 , 214.19 , 14.60 , 4765.81 , 0.07
199.59 , 219.06 , 19.47 , 4760.94 , 0.10
199.59 , 219.06 , 19.47 , 4760.94 , 0.10
199.59 , 219.06 , 19.47 , 4760.94 , 0.10
199.59 , 219.06 , 19.47 , 4760.94 , 0.10
199.59 , 219.06 , 19.47 , 4760.94 , 0.10
194.72 , 228.80 , 34.08 , 4751.20 , 0.17
204.46 , 233.67 , 29.21 , 4746.33 , 0.15
209.33 , 223.93 , 14.60 , 4756.07 , 0.07
199.59 , 223.93 , 24.34 , 4756.07 , 0.12
204.46 , 219.06 , 14.60 , 4760.94 , 0.07
204.46 , 228.80 , 24.34 , 4751.20 , 0.12
204.46 , 228.80 , 24.34 , 4751.20 , 0.12
204.46 , 233.67 , 29.21 , 4746.33 , 0.15
209.33 , 223.93 , 14.60 , 4756.07 , 0.07
204.46 , 228.80 , 24.34 , 4751.20 , 0.12
204.46 , 233.67 , 29.21 , 4746.33 , 0.15
209.33 , 233.67 , 24.34 , 4746.33 , 0.12
209.33 , 233.67 , 24.34 , 4746.33 , 0.12
209.33 , 233.67 , 24.34 , 4746.33 , 0.12
209.33 , 233.67 , 24.34 , 4746.33 , 0.12
209.33 , 238.53 , 29.21 , 4741.47 , 0.15
209.33 , 233.67 , 24.34 , 4746.33 , 0.12
209.33 , 238.53 , 29.21 , 4741.47 , 0.15
204.46 , 238.53 , 34.08 , 4741.47 , 0.17
209.33 , 238.53 , 29.21 , 4741.47 , 0.15
204.46 , 243.40 , 38.94 , 4736.60 , 0.19
209.33 , 243.40 , 34.08 , 4736.60 , 0.17
209.33 , 238.53 , 29.21 , 4741.47 , 0.15
209.33 , 243.40 , 34.08 , 4736.60 , 0.17
214.19 , 243.40 , 29.21 , 4736.60 , 0.15
214.19 , 243.40 , 29.21 , 4736.60 , 0.15
214.19 , 243.40 , 29.21 , 4736.60 , 0.15
209.33 , 248.27 , 38.94 , 4731.73 , 0.19
214.19 , 253.14 , 38.94 , 4726.86 , 0.19
214.19 , 248.27 , 34.08 , 4731.73 , 0.17
219.06 , 248.27 , 29.21 , 4731.73 , 0.15
214.19 , 253.14 , 38.94 , 4726.86 , 0.19
214.19 , 248.27 , 34.08 , 4731.73 , 0.17
214.19 , 253.14 , 38.94 , 4726.86 , 0.19
219.06 , 248.27 , 29.21 , 4731.73 , 0.15
214.19 , 253.14 , 38.94 , 4726.86 , 0.19
219.06 , 253.14 , 34.08 , 4726.86 , 0.17
219.06 , 258.01 , 38.94 , 4721.99 , 0.19
219.06 , 258.01 , 38.94 , 4721.99 , 0.19
219.06 , 258.01 , 38.94 , 4721.99 , 0.19
219.06 , 262.87 , 43.81 , 4717.13 , 0.22
219.06 , 258.01 , 38.94 , 4721.99 , 0.19
219.06 , 258.01 , 38.94 , 4721.99 , 0.19
219.06 , 262.87 , 43.81 , 4717.13 , 0.22
223.93 , 262.87 , 38.94 , 4717.13 , 0.19
223.93 , 267.74 , 43.81 , 4712.26 , 0.22
223.93 , 262.87 , 38.94 , 4717.13 , 0.19
219.06 , 267.74 , 48.68 , 4712.26 , 0.24
223.93 , 272.61 , 48.68 , 4707.39 , 0.24
228.80 , 272.61 , 43.81 , 4707.39 , 0.22
223.93 , 272.61 , 48.68 , 4707.39 , 0.24
228.80 , 272.61 , 43.81 , 4707.39 , 0.22
228.80 , 272.61 , 43.81 , 4707.39 , 0.22
228.80 , 277.48 , 48.68 , 4702.52 , 0.24
228.80 , 277.48 , 48.68 , 4702.52 , 0.24
228.80 , 282.35 , 53.55 , 4697.65 , 0.27
223.93 , 282.35 , 58.42 , 4697.65 , 0.29
228.80 , 287.21 , 58.42 , 4692.79 , 0.29
233.67 , 287.21 , 53.55 , 4692.79 , 0.27
233.67 , 292.08 , 58.42 , 4687.92 , 0.29
233.67 , 287.21 , 53.55 , 4692.79 , 0.27
233.67 , 296.95 , 63.28 , 4683.05 , 0.32
233.67 , 296.95 , 63.28 , 4683.05 , 0.32
228.80 , 301.82 , 73.02 , 4678.18 , 0.37
238.53 , 301.82 , 63.28 , 4678.18 , 0.32
233.67 , 301.82 , 68.15 , 4678.18 , 0.34
238.53 , 306.69 , 68.15 , 4673.31 , 0.34
233.67 , 311.55 , 77.89 , 4668.45 , 0.39
238.53 , 311.55 , 73.02 , 4668.45 , 0.37
238.53 , 316.42 , 77.89 , 4663.58 , 0.39
243.40 , 321.29 , 77.89 , 4658.71 , 0.39
243.40 , 321.29 , 77.89 , 4658.71 , 0.39
243.40 , 326.16 , 82.76 , 4653.84 , 0.41
243.40 , 331.03 , 87.62 , 4648.97 , 0.44
248.27 , 335.89 , 87.62 , 4644.11 , 0.44
243.40 , 340.76 , 97.36 , 4639.24 , 0.49
248.27 , 340.76 , 92.49 , 4639.24 , 0.46
248.27 , 345.63 , 97.36 , 4634.37 , 0.49
243.40 , 355.37 , 111.96 , 4624.63 , 0.56
248.27 , 360.23 , 111.96 , 4619.77 , 0.56
253.14 , 365.10 , 111.96 , 4614.90 , 0.56
253.14 , 374.84 , 121.70 , 4605.16 , 0.61
253.14 , 384.57 , 131.44 , 4595.43 , 0.66
258.01 , 389.44 , 131.44 , 4590.56 , 0.66
262.87 , 404.05 , 141.17 , 4575.95 , 0.71
262.87 , 408.91 , 146.04 , 4571.08 , 0.73
258.01 , 423.52 , 165.51 , 4556.48 , 0.83
267.74 , 433.26 , 165.51 , 4546.75 , 0.83
267.74 , 452.73 , 184.99 , 4527.27 , 0.92
272.61 , 467.33 , 194.72 , 4512.67 , 0.97
272.61 , 486.80 , 214.19 , 4493.20 , 1.07
277.48 , 511.14 , 233.67 , 4468.86 , 1.17
282.35 , 535.48 , 253.14 , 4444.52 , 1.27
282.35 , 574.43 , 292.08 , 4405.57 , 1.46
287.21 , 613.37 , 326.16 , 4366.63 , 1.63
292.08 , 666.92 , 374.84 , 4313.08 , 1.87
306.69 , 739.94 , 433.26 , 4240.06 , 2.17
311.55 , 851.91 , 540.35 , 4128.09 , 2.70
321.29 , 1007.68 , 686.39 , 3972.32 , 3.43
335.89 , 1285.16 , 949.27 , 3694.84 , 4.75
374.84 , 1883.93 , 1509.09 , 3096.07 , 7.55
481.94 , 4279.00 , 3797.07 , 701.00 , 18.99
486.80 , 4279.00 , 3792.20 , 701.00 , 18.96
