68.15 , 68.15 , 0.00 , 4911.85 , 0.00
102.23 , 102.23 , 0.00 , 4877.77 , 0.00
136.30 , 126.57 , -9.74 , 4853.43 , -0.05
150.91 , 160.65 , 9.74 , 4819.35 , 0.05
160.65 , 175.25 , 14.60 , 4804.75 , 0.07
175.25 , 180.12 , 4.87 , 4799.88 , 0.02
180.12 , 189.85 , 9.74 , 4790.15 , 0.05
180.12 , 194.72 , 14.60 , 4785.28 , 0.07
189.85 , 194.72 , 4.87 , 4785.28 , 0.02
189.85 , 199.59 , 9.74 , 4780.41 , 0.05
189.85 , 204.46 , 14.60 , 4775.54 , 0.07
194.72 , 204.46 , 9.74 , 4775.54 , 0.05
194.72 , 204.46 , 9.74 , 4775.54 , 0.05
194.72 , 209.33 , 14.60 , 4770.67 , 0.07
194.72 , 209.33 , 14.60 , 4770.67 , 0.07
194.72 , 214.19 , 19.47 , 4765.81 , 0.10
199.59 , 209.33 , 9.74 , 4770.67 , 0.05
204.46 , 209.33 , 4.87 , 4770.67 , 0.02
194.72 , 214.19 , 19.47 , 4765.81 , 0.10
199.59 , 219.06 , 19.47 , 4760.94 , 0.10
199.59 , 219.06 , 19.47 , 4760.94 , 0.10
199.59 , 223.93 , 24.34 , 4756.07 , 0.12
199.59 , 223.93 , 24.34 , 4756.07 , 0.12
199.59 , 219.06 , 19.47 , 4760.94 , 0.10
199.59 , 223.93 , 24.34 , 4756.07 , 0.12
204.46 , 223.93 , 19.47 , 4756.07 , 0.10
204.46 , 219.06 , 14.60 , 4760.94 , 0.07
209.33 , 223.93 , 14.60 , 4756.07 , 0.07
204.46 , 223.93 , 19.47 , 4756.07 , 0.10
209.33 , 223.93 , 14.60 , 4756.07 , 0.07
204.46 , 228.80 , 24.34 , 4751.20 , 0.12
204.46 , 228.80 , 24.34 , 4751.20 , 0.12
204.46 , 228.80 , 24.34 , 4751.20 , 0.12
204.46 , 228.80 , 24.34 , 4751.20 , 0.12
204.46 , 233.67 , 29.21 , 4746.33 , 0.15
204.46 , 233.67 , 29.21 , 4746.33 , 0.15
209.33 , 238.53 , 29.21 , 4741.47 , 0.15
209.33 , 233.67 , 24.34 , 4746.33 , 0.12
209.33 , 233.67 , 24.34 , 4746.33 , 0.12
209.33 , 228.80 , 19.47 , 4751.20 , 0.10
209.33 , 238.53 , 29.21 , 4741.47 , 0.15
209.33 , 238.53 , 29.21 , 4741.47 , 0.15
209.33 , 233.67 , 24.34 , 4746.33 , 0.12
209.33 , 233.67 , 24.34 , 4746.33 , 0.12
209.33 , 243.40 , 34.08 , 4736.60 , 0.17
209.33 , 238.53 , 29.21 , 4741.47 , 0.15
214.19 , 238.53 , 24.34 , 4741.47 , 0.12
209.33 , 238.53 , 29.21 , 4741.47 , 0.15
209.33 , 243.40 , 34.08 , 4736.60 , 0.17
214.19 , 243.40 , 29.21 , 4736.60 , 0.15
214.19 , 243.40 , 29.21 , 4736.60 , 0.15
214.19 , 243.40 , 29.21 , 4736.60 , 0.15
214.19 , 243.40 , 29.21 , 4736.60 , 0.15
219.06 , 253.14 , 34.08 , 4726.86 , 0.17
214.19 , 248.27 , 34.08 , 4731.73 , 0.17
214.19 , 253.14 , 38.94 , 4726.86 , 0.19
214.19 , 253.14 , 38.94 , 4726.86 , 0.19
219.06 , 253.14 , 34.08 , 4726.86 , 0.17
223.93 , 253.14 , 29.21 , 4726.86 , 0.15
214.19 , 253.14 , 38.94 , 4726.86 , 0.19
223.93 , 258.01 , 34.08 , 4721.99 , 0.17
223.93 , 258.01 , 34.08 , 4721.99 , 0.17
223.93 , 253.14 , 29.21 , 4726.86 , 0.15
219.06 , 258.01 , 38.94 , 4721.99 , 0.19
214.19 , 258.01 , 43.81 , 4721.99 , 0.22
223.93 , 258.01 , 34.08 , 4721.99 , 0.17
223.93 , 258.01 , 34.08 , 4721.99 , 0.17
219.06 , 267.74 , 48.68 , 4712.26 , 0.24
219.06 , 267.74 , 48.68 , 4712.26 , 0.24
223.93 , 267.74 , 43.81 , 4712.26 , 0.22
223.93 , 262.87 , 38.94 , 4717.13 , 0.19
223.93 , 272.61 , 48.68 , 4707.39 , 0.24
223.93 , 272.61 , 48.68 , 4707.39 , 0.24
228.80 , 267.74 , 38.94 , 4712.26 , 0.19
228.80 , 272.61 , 43.81 , 4707.39 , 0.22
228.80 , 272.61 , 43.81 , 4707.39 , 0.22
228.80 , 272.61 , 43.81 , 4707.39 , 0.22
223.93 , 272.61 , 48.68 , 4707.39 , 0.24
228.80 , 277.48 , 48.68 , 4702.52 , 0.24
228.80 , 282.35 , 53.55 , 4697.65 , 0.27
228.80 , 282.35 , 53.55 , 4697.65 , 0.27
228.80 , 287.21 , 58.42 , 4692.79 , 0.29
228.80 , 287.21 , 58.42 , 4692.79 , 0.29
233.67 , 287.21 , 53.55 , 4692.79 , 0.27
228.80 , 292.08 , 63.28 , 4687.92 , 0.32
233.67 , 296.95 , 63.28 , 4683.05 , 0.32
228.80 , 296.95 , 68.15 , 4683.05 , 0.34
233.67 , 296.95 , 63.28 , 4683.05 , 0.32
238.53 , 301.82 , 63.28 , 4678.18 , 0.32
238.53 , 301.82 , 63.28 , 4678.18 , 0.32
238.53 , 301.82 , 63.28 , 4678.18 , 0.32
238.53 , 311.55 , 73.02 , 4668.45 , 0.37
233.67 , 311.55 , 77.89 , 4668.45 , 0.39
233.67 , 311.55 , 77.89 , 4668.45 , 0.39
238.53 , 311.55 , 73.02 , 4668.45 , 0.37
243.40 , 321.29 , 77.89 , 4658.71 , 0.39
243.40 , 326.16 , 82.76 , 4653.84 , 0.41
248.27 , 331.03 , 82.76 , 4648.97 , 0.41
243.40 , 331.03 , 87.62 , 4648.97 , 0.44
248.27 , 335.89 , 87.62 , 4644.11 , 0.44
243.40 , 335.89 , 92.49 , 4644.11 , 0.46
248.27 , 345.63 , 97.36 , 4634.37 , 0.49
248.27 , 355.37 , 107.10 , 4624.63 , 0.54
253.14 , 355.37 , 102.23 , 4624.63 , 0.51
253.14 , 360.23 , 107.10 , 4619.77 , 0.54
253.14 , 369.97 , 116.83 , 4610.03 , 0.58
248.27 , 374.84 , 126.57 , 4605.16 , 0.63
258.01 , 379.71 , 121.70 , 4600.29 , 0.61
262.87 , 389.44 , 126.57 , 4590.56 , 0.63
262.87 , 399.18 , 136.30 , 4580.82 , 0.68
262.87 , 413.78 , 150.91 , 4566.22 , 0.75
262.87 , 423.52 , 160.65 , 4556.48 , 0.80
262.87 , 433.26 , 170.38 , 4546.75 , 0.85
267.74 , 447.86 , 180.12 , 4532.14 , 0.90
267.74 , 467.33 , 199.59 , 4512.67 , 1.00
272.61 , 491.67 , 219.06 , 4488.33 , 1.10
277.48 , 516.01 , 238.53 , 4463.99 , 1.19
277.48 , 540.35 , 262.87 , 4439.65 , 1.31
287.21 , 574.43 , 287.21 , 4405.57 , 1.44
287.21 , 613.37 , 326.16 , 4366.63 , 1.63
292.08 , 671.79 , 379.71 , 4308.21 , 1.90
301.82 , 744.81 , 442.99 , 4235.19 , 2.21
311.55 , 851.91 , 540.35 , 4128.09 , 2.70
326.16 , 1007.68 , 681.52 , 3972.32 , 3.41
345.63 , 1285.16 , 939.53 , 3694.84 , 4.70
374.84 , 1888.80 , 1513.96 , 3091.20 , 7.57
486.80 , 4274.13 , 3787.33 , 705.87 , 18.94
486.80 , 4274.13 , 3787.33 , 705.87 , 18.94
