68.15 , 63.28 , -4.87 , 4916.72 , -0.02
107.10 , 107.10 , 0.00 , 4872.90 , 0.00
141.17 , 126.57 , -14.60 , 4853.43 , -0.07
155.78 , 155.78 , 0.00 , 4824.22 , 0.00
165.51 , 170.38 , 4.87 , 4809.62 , 0.02
170.38 , 175.25 , 4.87 , 4804.75 , 0.02
175.25 , 180.12 , 4.87 , 4799.88 , 0.02
184.99 , 184.99 , 0.00 , 4795.01 , 0.00
180.12 , 199.59 , 19.47 , 4780.41 , 0.10
194.72 , 199.59 , 4.87 , 4780.41 , 0.02
184.99 , 204.46 , 19.47 , 4775.54 , 0.10
189.85 , 204.46 , 14.60 , 4775.54 , 0.07
189.85 , 204.46 , 14.60 , 4775.54 , 0.07
189.85 , 209.33 , 19.47 , 4770.67 , 0.10
194.72 , 209.33 , 14.60 , 4770.67 , 0.07
199.59 , 214.19 , 14.60 , 4765.81 , 0.07
199.59 , 209.33 , 9.74 , 4770.67 , 0.05
199.59 , 214.19 , 14.60 , 4765.81 , 0.07
194.72 , 219.06 , 24.34 , 4760.94 , 0.12
199.59 , 219.06 , 19.47 , 4760.94 , 0.10
194.72 , 219.06 , 24.34 , 4760.94 , 0.12
199.59 , 219.06 , 19.47 , 4760.94 , 0.10
199.59 , 219.06 , 19.47 , 4760.94 , 0.10
204.46 , 219.06 , 14.60 , 4760.94 , 0.07
199.59 , 223.93 , 24.34 , 4756.07 , 0.12
199.59 , 223.93 , 24.34 , 4756.07 , 0.12
204.46 , 228.80 , 24.34 , 4751.20 , 0.12
199.59 , 223.93 , 24.34 , 4756.07 , 0.12
204.46 , 228.80 , 24.34 , 4751.20 , 0.12
199.59 , 223.93 , 24.34 , 4756.07 , 0.12
204.46 , 228.80 , 24.34 , 4751.20 , 0.12
209.33 , 228.80 , 19.47 , 4751.20 , 0.10
209.33 , 228.80 , 19.47 , 4751.20 , 0.10
209.33 , 233.67 , 24.34 , 4746.33 , 0.12
204.46 , 233.67 , 29.21 , 4746.33 , 0.15
209.33 , 233.67 , 24.34 , 4746.33 , 0.12
209.33 , 238.53 , 29.21 , 4741.47 , 0.15
209.33 , 233.67 , 24.34 , 4746.33 , 0.12
214.19 , 233.67 , 19.47 , 4746.33 , 0.10
209.33 , 233.67 , 24.34 , 4746.33 , 0.12
214.19 , 233.67 , 19.47 , 4746.33 , 0.10
214.19 , 233.67 , 19.47 , 4746.33 , 0.10
209.33 , 238.53 , 29.21 , 4741.47 , 0.15
214.19 , 238.53 , 24.34 , 4741.47 , 0.12
209.33 , 238.53 , 29.21 , 4741.47 , 0.15
209.33 , 238.53 , 29.21 , 4741.47 , 0.15
214.19 , 243.40 , 29.21 , 4736.60 , 0.15
209.33 , 238.53 , 29.21 , 4741.47 , 0.15
214.19 , 243.40 , 29.21 , 4736.60 , 0.15
214.19 , 243.40 , 29.21 , 4736.60 , 0.15
214.19 , 243.40 , 29.21 , 4736.60 , 0.15
214.19 , 243.40 , 29.21 , 4736.60 , 0.15
219.06 , 248.27 , 29.21 , 4731.73 , 0.15
214.19 , 248.27 , 34.08 , 4731.73 , 0.17
214.19 , 248.27 , 34.08 , 4731.73 , 0.17
214.19 , 248.27 , 34.08 , 4731.73 , 0.17
214.19 , 253.14 , 38.94 , 4726.86 , 0.19
219.06 , 253.14 , 34.08 , 4726.86 , 0.17
219.06 , 253.14 , 34.08 , 4726.86 , 0.17
214.19 , 253.14 , 38.94 , 4726.86 , 0.19
219.06 , 253.14 , 34.08 , 4726.86 , 0.17
219.06 , 258.01 , 38.94 , 4721.99 , 0.19
223.93 , 258.01 , 34.08 , 4721.99 , 0.17
223.93 , 258.01 , 34.08 , 4721.99 , 0.17
219.06 , 258.01 , 38.94 , 4721.99 , 0.19
219.06 , 253.14 , 34.08 , 4726.86 , 0.17
223.93 , 262.87 , 38.94 , 4717.13 , 0.19
223.93 , 267.74 , 43.81 , 4712.26 , 0.22
223.93 , 262.87 , 38.94 , 4717.13 , 0.19
223.93 , 267.74 , 43.81 , 4712.26 , 0.22
223.93 , 262.87 , 38.94 , 4717.13 , 0.19
223.93 , 267.74 , 43.81 , 4712.26 , 0.22
223.93 , 267.74 , 43.81 , 4712.26 , 0.22
223.93 , 267.74 , 43.81 , 4712.26 , 0.22
223.93 , 272.61 , 48.68 , 4707.39 , 0.24
223.93 , 272.61 , 48.68 , 4707.39 , 0.24
228.80 , 277.48 , 48.68 , 4702.52 , 0.24
228.80 , 277.48 , 48.68 , 4702.52 , 0.24
228.80 , 272.61 , 43.81 , 4707.39 , 0.22
228.80 , 282.35 , 53.55 , 4697.65 , 0.27
228.80 , 282.35 , 53.55 , 4697.65 , 0.27
228.80 , 282.35 , 53.55 , 4697.65 , 0.27
233.67 , 287.21 , 53.55 , 4692.79 , 0.27
228.80 , 292.08 , 63.28 , 4687.92 , 0.32
228.80 , 287.21 , 58.42 , 4692.79 , 0.29
233.67 , 292.08 , 58.42 , 4687.92 , 0.29
233.67 , 292.08 , 58.42 , 4687.92 , 0.29
228.80 , 296.95 , 68.15 , 4683.05 , 0.34
233.67 , 301.82 , 68.15 , 4678.18 , 0.34
238.53 , 301.82 , 63.28 , 4678.18 , 0.32
238.53 , 306.69 , 68.15 , 4673.31 , 0.34
238.53 , 311.55 , 73.02 , 4668.45 , 0.37
238.53 , 316.42 , 77.89 , 4663.58 , 0.39
243.40 , 311.55 , 68.15 , 4668.45 , 0.34
243.40 , 316.42 , 73.02 , 4663.58 , 0.37
243.40 , 316.42 , 73.02 , 4663.58 , 0.37
238.53 , 326.16 , 87.62 , 4653.84 , 0.44
243.40 , 326.16 , 82.76 , 4653.84 , 0.41
243.40 , 331.03 , 87.62 , 4648.97 , 0.44
243.40 , 340.76 , 97.36 , 4639.24 , 0.49
253.14 , 340.76 , 87.62 , 4639.24 , 0.44
248.27 , 345.63 , 97.36 , 4634.37 , 0.49
248.27 , 345.63 , 97.36 , 4634.37 , 0.49
248.27 , 360.23 , 111.96 , 4619.77 , 0.56
248.27 , 360.23 , 111.96 , 4619.77 , 0.56
253.14 , 369.97 , 116.83 , 4610.03 , 0.58
253.14 , 379.71 , 126.57 , 4600.29 , 0.63
253.14 , 384.57 , 131.44 , 4595.43 , 0.66
258.01 , 394.31 , 136.30 , 4585.69 , 0.68
258.01 , 404.05 , 146.04 , 4575.95 , 0.73
262.87 , 408.91 , 146.04 , 4571.08 , 0.73
262.87 , 423.52 , 160.65 , 4556.48 , 0.80
262.87 , 433.26 , 170.38 , 4546.75 , 0.85
267.74 , 447.86 , 180.12 , 4532.14 , 0.90
272.61 , 472.20 , 199.59 , 4507.80 , 1.00
267.74 , 491.67 , 223.93 , 4488.33 , 1.12
277.48 , 511.14 , 233.67 , 4468.86 , 1.17
282.35 , 540.35 , 258.01 , 4439.65 , 1.29
282.35 , 574.43 , 292.08 , 4405.57 , 1.46
287.21 , 613.37 , 326.16 , 4366.63 , 1.63
296.95 , 671.79 , 374.84 , 4308.21 , 1.87
301.82 , 744.81 , 442.99 , 4235.19 , 2.21
306.69 , 847.04 , 540.35 , 4132.96 , 2.70
321.29 , 1007.68 , 686.39 , 3972.32 , 3.43
345.63 , 1285.16 , 939.53 , 3694.84 , 4.70
379.71 , 1883.93 , 1504.22 , 3096.07 , 7.52
486.80 , 4279.00 , 3792.20 , 701.00 , 18.96
486.80 , 4279.00 , 3792.20 , 701.00 , 18.96
