68.15 , 68.15 , 0.00 , 4911.85 , 0.00
107.10 , 102.23 , -4.87 , 4877.77 , -0.02
131.44 , 136.30 , 4.87 , 4843.69 , 0.02
155.78 , 160.65 , 4.87 , 4819.35 , 0.02
165.51 , 170.38 , 4.87 , 4809.62 , 0.02
175.25 , 180.12 , 4.87 , 4799.88 , 0.02
180.12 , 184.99 , 4.87 , 4795.01 , 0.02
184.99 , 189.85 , 4.87 , 4790.15 , 0.02
184.99 , 189.85 , 4.87 , 4790.15 , 0.02
189.85 , 194.72 , 4.87 , 4785.28 , 0.02
189.85 , 199.59 , 9.74 , 4780.41 , 0.05
189.85 , 204.46 , 14.60 , 4775.54 , 0.07
199.59 , 204.46 , 4.87 , 4775.54 , 0.02
194.72 , 209.33 , 14.60 , 4770.67 , 0.07
199.59 , 209.33 , 9.74 , 4770.67 , 0.05
189.85 , 214.19 , 24.34 , 4765.81 , 0.12
199.59 , 214.19 , 14.60 , 4765.81 , 0.07
194.72 , 214.19 , 19.47 , 4765.81 , 0.10
199.59 , 219.06 , 19.47 , 4760.94 , 0.10
204.46 , 219.06 , 14.60 , 4760.94 , 0.07
194.72 , 219.06 , 24.34 , 4760.94 , 0.12
199.59 , 219.06 , 19.47 , 4760.94 , 0.10
199.59 , 223.93 , 24.34 , 4756.07 , 0.12
199.59 , 223.93 , 24.34 , 4756.07 , 0.12
199.59 , 223.93 , 24.34 , 4756.07 , 0.12
204.46 , 223.93 , 19.47 , 4756.07 , 0.10
199.59 , 223.93 , 24.34 , 4756.07 , 0.12
204.46 , 223.93 , 19.47 , 4756.07 , 0.10
204.46 , 219.06 , 14.60 , 4760.94 , 0.07
204.46 , 228.80 , 24.34 , 4751.20 , 0.12
204.46 , 223.93 , 19.47 , 4756.07 , 0.10
209.33 , 228.80 , 19.47 , 4751.20 , 0.10
204.46 , 228.80 , 24.34 , 4751.20 , 0.12
209.33 , 233.67 , 24.34 , 4746.33 , 0.12
204.46 , 233.67 , 29.21 , 4746.33 , 0.15
204.46 , 233.67 , 29.21 , 4746.33 , 0.15
209.33 , 233.67 , 24.34 , 4746.33 , 0.12
209.33 , 233.67 , 24.34 , 4746.33 , 0.12
209.33 , 233.67 , 24.34 , 4746.33 , 0.12
214.19 , 233.67 , 19.47 , 4746.33 , 0.10
214.19 , 233.67 , 19.47 , 4746.33 , 0.10
209.33 , 233.67 , 24.34 , 4746.33 , 0.12
209.33 , 238.53 , 29.21 , 4741.47 , 0.15
209.33 , 233.67 , 24.34 , 4746.33 , 0.12
209.33 , 238.53 , 29.21 , 4741.47 , 0.15
214.19 , 238.53 , 24.34 , 4741.47 , 0.12
209.33 , 243.40 , 34.08 , 4736.60 , 0.17
209.33 , 243.40 , 34.08 , 4736.60 , 0.17
209.33 , 243.40 , 34.08 , 4736.60 , 0.17
209.33 , 238.53 , 29.21 , 4741.47 , 0.15
214.19 , 243.40 , 29.21 , 4736.60 , 0.15
214.19 , 248.27 , 34.08 , 4731.73 , 0.17
214.19 , 248.27 , 34.08 , 4731.73 , 0.17
214.19 , 248.27 , 34.08 , 4731.73 , 0.17
214.19 , 253.14 , 38.94 , 4726.86 , 0.19
219.06 , 248.27 , 29.21 , 4731.73 , 0.15
214.19 , 248.27 , 34.08 , 4731.73 , 0.17
219.06 , 248.27 , 29.21 , 4731.73 , 0.15
219.06 , 248.27 , 29.21 , 4731.73 , 0.15
223.93 , 258.01 , 34.08 , 4721.99 , 0.17
223.93 , 253.14 , 29.21 , 4726.86 , 0.15
214.19 , 253.14 , 38.94 , 4726.86 , 0.19
219.06 , 258.01 , 38.94 , 4721.99 , 0.19
219.06 , 258.01 , 38.94 , 4721.99 , 0.19
223.93 , 258.01 , 34.08 , 4721.99 , 0.17
223.93 , 258.01 , 34.08 , 4721.99 , 0.17
219.06 , 262.87 , 43.81 , 4717.13 , 0.22
219.06 , 262.87 , 43.81 , 4717.13 , 0.22
223.93 , 262.87 , 38.94 , 4717.13 , 0.19
223.93 , 267.74 , 43.81 , 4712.26 , 0.22
228.80 , 262.87 , 34.08 , 4717.13 , 0.17
223.93 , 267.74 , 43.81 , 4712.26 , 0.22
223.93 , 267.74 , 43.81 , 4712.26 , 0.22
223.93 , 272.61 , 48.68 , 4707.39 , 0.24
228.80 , 272.61 , 43.81 , 4707.39 , 0.22
228.80 , 272.61 , 43.81 , 4707.39 , 0.22
228.80 , 277.48 , 48.68 , 4702.52 , 0.24
223.93 , 277.48 , 53.55 , 4702.52 , 0.27
228.80 , 277.48 , 48.68 , 4702.52 , 0.24
228.80 , 277.48 , 48.68 , 4702.52 , 0.24
228.80 , 282.35 , 53.55 , 4697.65 , 0.27
228.80 , 282.35 , 53.55 , 4697.65 , 0.27
233.67 , 282.35 , 48.68 , 4697.65 , 0.24
233.67 , 287.21 , 53.55 , 4692.79 , 0.27
233.67 , 292.08 , 58.42 , 4687.92 , 0.29
228.80 , 292.08 , 63.28 , 4687.92 , 0.32
233.67 , 292.08 , 58.42 , 4687.92 , 0.29
233.67 , 296.95 , 63.28 , 4683.05 , 0.32
233.67 , 301.82 , 68.15 , 4678.18 , 0.34
238.53 , 301.82 , 63.28 , 4678.18 , 0.32
238.53 , 301.82 , 63.28 , 4678.18 , 0.32
233.67 , 306.69 , 73.02 , 4673.31 , 0.37
238.53 , 311.55 , 73.02 , 4668.45 , 0.37
238.53 , 316.42 , 77.89 , 4663.58 , 0.39
243.40 , 321.29 , 77.89 , 4658.71 , 0.39
243.40 , 316.42 , 73.02 , 4663.58 , 0.37
238.53 , 326.16 , 87.62 , 4653.84 , 0.44
243.40 , 326.16 , 82.76 , 4653.84 , 0.41
248.27 , 331.03 , 82.76 , 4648.97 , 0.41
243.40 , 331.03 , 87.62 , 4648.97 , 0.44
248.27 , 335.89 , 87.62 , 4644.11 , 0.44
243.40 , 340.76 , 97.36 , 4639.24 , 0.49
248.27 , 350.50 , 102.23 , 4629.50 , 0.51
248.27 , 355.37 , 107.10 , 4624.63 , 0.54
253.14 , 365.10 , 111.96 , 4614.90 , 0.56
248.27 , 369.97 , 121.70 , 4610.03 , 0.61
253.14 , 374.84 , 121.70 , 4605.16 , 0.61
253.14 , 384.57 , 131.44 , 4595.43 , 0.66
253.14 , 394.31 , 141.17 , 4585.69 , 0.71
262.87 , 404.05 , 141.17 , 4575.95 , 0.71
262.87 , 413.78 , 150.91 , 4566.22 , 0.75
262.87 , 418.65 , 155.78 , 4561.35 , 0.78
262.87 , 438.12 , 175.25 , 4541.88 , 0.88
267.74 , 452.73 , 184.99 , 4527.27 , 0.92
272.61 , 467.33 , 194.72 , 4512.67 , 0.97
272.61 , 486.80 , 214.19 , 4493.20 , 1.07
272.61 , 511.14 , 238.53 , 4468.86 , 1.19
282.35 , 545.22 , 262.87 , 4434.78 , 1.31
282.35 , 574.43 , 292.08 , 4405.57 , 1.46
287.21 , 618.24 , 331.03 , 4361.76 , 1.66
292.08 , 671.79 , 379.71 , 4308.21 , 1.90
301.82 , 744.81 , 442.99 , 4235.19 , 2.21
311.55 , 851.91 , 540.35 , 4128.09 , 2.70
321.29 , 1002.82 , 681.52 , 3977.18 , 3.41
345.63 , 1285.16 , 939.53 , 3694.84 , 4.70
374.84 , 1883.93 , 1509.09 , 3096.07 , 7.55
486.80 , 4279.00 , 3792.20 , 701.00 , 18.96
486.80 , 4279.00 , 3792.20 , 701.00 , 18.96
