63.28 , 68.15 , 4.87 , 4911.85 , 0.02
102.23 , 107.10 , 4.87 , 4872.90 , 0.02
131.44 , 136.30 , 4.87 , 4843.69 , 0.02
150.91 , 150.91 , 0.00 , 4829.09 , 0.00
165.51 , 165.51 , 0.00 , 4814.49 , 0.00
175.25 , 180.12 , 4.87 , 4799.88 , 0.02
180.12 , 184.99 , 4.87 , 4795.01 , 0.02
175.25 , 189.85 , 14.60 , 4790.15 , 0.07
184.99 , 199.59 , 14.60 , 4780.41 , 0.07
189.85 , 194.72 , 4.87 , 4785.28 , 0.02
189.85 , 199.59 , 9.74 , 4780.41 , 0.05
189.85 , 204.46 , 14.60 , 4775.54 , 0.07
194.72 , 209.33 , 14.60 , 4770.67 , 0.07
194.72 , 204.46 , 9.74 , 4775.54 , 0.05
194.72 , 209.33 , 14.60 , 4770.67 , 0.07
194.72 , 209.33 , 14.60 , 4770.67 , 0.07
194.72 , 214.19 , 19.47 , 4765.81 , 0.10
194.72 , 219.06 , 24.34 , 4760.94 , 0.12
199.59 , 219.06 , 19.47 , 4760.94 , 0.10
194.72 , 214.19 , 19.47 , 4765.81 , 0.10
194.72 , 219.06 , 24.34 , 4760.94 , 0.12
204.46 , 214.19 , 9.74 , 4765.81 , 0.05
204.46 , 223.93 , 19.47 , 4756.07 , 0.10
204.46 , 219.06 , 14.60 , 4760.94 , 0.07
204.46 , 219.06 , 14.60 , 4760.94 , 0.07
204.46 , 219.06 , 14.60 , 4760.94 , 0.07
204.46 , 219.06 , 14.60 , 4760.94 , 0.07
209.33 , 223.93 , 14.60 , 4756.07 , 0.07
204.46 , 228.80 , 24.34 , 4751.20 , 0.12
199.59 , 223.93 , 24.34 , 4756.07 , 0.12
204.46 , 228.80 , 24.34 , 4751.20 , 0.12
209.33 , 219.06 , 9.74 , 4760.94 , 0.05
209.33 , 233.67 , 24.34 , 4746.33 , 0.12
209.33 , 228.80 , 19.47 , 4751.20 , 0.10
209.33 , 228.80 , 19.47 , 4751.20 , 0.10
209.33 , 228.80 , 19.47 , 4751.20 , 0.10
209.33 , 228.80 , 19.47 , 4751.20 , 0.10
209.33 , 233.67 , 24.34 , 4746.33 , 0.12
209.33 , 233.67 , 24.34 , 4746.33 , 0.12
209.33 , 238.53 , 29.21 , 4741.47 , 0.15
214.19 , 238.53 , 24.34 , 4741.47 , 0.12
209.33 , 233.67 , 24.34 , 4746.33 , 0.12
209.33 , 243.40 , 34.08 , 4736.60 , 0.17
209.33 , 243.40 , 34.08 , 4736.60 , 0.17
214.19 , 238.53 , 24.34 , 4741.47 , 0.12
214.19 , 243.40 , 29.21 , 4736.60 , 0.15
209.33 , 238.53 , 29.21 , 4741.47 , 0.15
214.19 , 243.40 , 29.21 , 4736.60 , 0.15
214.19 , 243.40 , 29.21 , 4736.60 , 0.15
209.33 , 243.40 , 34.08 , 4736.60 , 0.17
219.06 , 243.40 , 24.34 , 4736.60 , 0.12
214.19 , 248.27 , 34.08 , 4731.73 , 0.17
214.19 , 248.27 , 34.08 , 4731.73 , 0.17
214.19 , 248.27 , 34.08 , 4731.73 , 0.17
219.06 , 253.14 , 34.08 , 4726.86 , 0.17
219.06 , 248.27 , 29.21 , 4731.73 , 0.15
223.93 , 253.14 , 29.21 , 4726.86 , 0.15
219.06 , 258.01 , 38.94 , 4721.99 , 0.19
219.06 , 253.14 , 34.08 , 4726.86 , 0.17
223.93 , 248.27 , 24.34 , 4731.73 , 0.12
219.06 , 253.14 , 34.08 , 4726.86 , 0.17
219.06 , 253.14 , 34.08 , 4726.86 , 0.17
223.93 , 253.14 , 29.21 , 4726.86 , 0.15
219.06 , 253.14 , 34.08 , 4726.86 , 0.17
214.19 , 258.01 , 43.81 , 4721.99 , 0.22
223.93 , 262.87 , 38.94 , 4717.13 , 0.19
223.93 , 262.87 , 38.94 , 4717.13 , 0.19
223.93 , 258.01 , 34.08 , 4721.99 , 0.17
223.93 , 262.87 , 38.94 , 4717.13 , 0.19
219.06 , 267.74 , 48.68 , 4712.26 , 0.24
223.93 , 267.74 , 43.81 , 4712.26 , 0.22
223.93 , 272.61 , 48.68 , 4707.39 , 0.24
223.93 , 272.61 , 48.68 , 4707.39 , 0.24
219.06 , 267.74 , 48.68 , 4712.26 , 0.24
223.93 , 272.61 , 48.68 , 4707.39 , 0.24
223.93 , 272.61 , 48.68 , 4707.39 , 0.24
228.80 , 272.61 , 43.81 , 4707.39 , 0.22
228.80 , 277.48 , 48.68 , 4702.52 , 0.24
228.80 , 282.35 , 53.55 , 4697.65 , 0.27
228.80 , 282.35 , 53.55 , 4697.65 , 0.27
228.80 , 287.21 , 58.42 , 4692.79 , 0.29
228.80 , 282.35 , 53.55 , 4697.65 , 0.27
228.80 , 287.21 , 58.42 , 4692.79 , 0.29
233.67 , 292.08 , 58.42 , 4687.92 , 0.29
233.67 , 292.08 , 58.42 , 4687.92 , 0.29
233.67 , 296.95 , 63.28 , 4683.05 , 0.32
233.67 , 292.08 , 58.42 , 4687.92 , 0.29
233.67 , 301.82 , 68.15 , 4678.18 , 0.34
228.80 , 296.95 , 68.15 , 4683.05 , 0.34
233.67 , 301.82 , 68.15 , 4678.18 , 0.34
238.53 , 306.69 , 68.15 , 4673.31 , 0.34
243.40 , 306.69 , 63.28 , 4673.31 , 0.32
238.53 , 296.95 , 58.42 , 4683.05 , 0.29
243.40 , 316.42 , 73.02 , 4663.58 , 0.37
243.40 , 316.42 , 73.02 , 4663.58 , 0.37
238.53 , 321.29 , 82.76 , 4658.71 , 0.41
243.40 , 321.29 , 77.89 , 4658.71 , 0.39
243.40 , 326.16 , 82.76 , 4653.84 , 0.41
238.53 , 331.03 , 92.49 , 4648.97 , 0.46
243.40 , 335.89 , 92.49 , 4644.11 , 0.46
243.40 , 335.89 , 92.49 , 4644.11 , 0.46
248.27 , 345.63 , 97.36 , 4634.37 , 0.49
248.27 , 350.50 , 102.23 , 4629.50 , 0.51
248.27 , 355.37 , 107.10 , 4624.63 , 0.54
253.14 , 365.10 , 111.96 , 4614.90 , 0.56
253.14 , 365.10 , 111.96 , 4614.90 , 0.56
253.14 , 379.71 , 126.57 , 4600.29 , 0.63
258.01 , 384.57 , 126.57 , 4595.43 , 0.63
253.14 , 394.31 , 141.17 , 4585.69 , 0.71
258.01 , 404.05 , 146.04 , 4575.95 , 0.73
262.87 , 413.78 , 150.91 , 4566.22 , 0.75
262.87 , 423.52 , 160.65 , 4556.48 , 0.80
267.74 , 433.26 , 165.51 , 4546.75 , 0.83
267.74 , 452.73 , 184.99 , 4527.27 , 0.92
272.61 , 467.33 , 194.72 , 4512.67 , 0.97
272.61 , 486.80 , 214.19 , 4493.20 , 1.07
277.48 , 511.14 , 233.67 , 4468.86 , 1.17
282.35 , 545.22 , 262.87 , 4434.78 , 1.31
282.35 , 579.30 , 296.95 , 4400.70 , 1.48
287.21 , 623.11 , 335.89 , 4356.89 , 1.68
292.08 , 671.79 , 379.71 , 4308.21 , 1.90
301.82 , 744.81 , 442.99 , 4235.19 , 2.21
306.69 , 851.91 , 545.22 , 4128.09 , 2.73
321.29 , 1012.55 , 691.26 , 3967.45 , 3.46
340.76 , 1285.16 , 944.40 , 3694.84 , 4.72
374.84 , 1883.93 , 1509.09 , 3096.07 , 7.55
486.80 , 4279.00 , 3792.20 , 701.00 , 18.96
486.80 , 4279.00 , 3792.20 , 701.00 , 18.96
