68.15 , 68.15 , 0.00 , 4911.85 , 0.00
102.23 , 102.23 , 0.00 , 4877.77 , 0.00
131.44 , 131.44 , 0.00 , 4848.56 , 0.00
155.78 , 155.78 , 0.00 , 4824.22 , 0.00
165.51 , 170.38 , 4.87 , 4809.62 , 0.02
170.38 , 175.25 , 4.87 , 4804.75 , 0.02
180.12 , 184.99 , 4.87 , 4795.01 , 0.02
180.12 , 189.85 , 9.74 , 4790.15 , 0.05
184.99 , 194.72 , 9.74 , 4785.28 , 0.05
180.12 , 199.59 , 19.47 , 4780.41 , 0.10
189.85 , 199.59 , 9.74 , 4780.41 , 0.05
189.85 , 199.59 , 9.74 , 4780.41 , 0.05
189.85 , 204.46 , 14.60 , 4775.54 , 0.07
194.72 , 209.33 , 14.60 , 4770.67 , 0.07
189.85 , 209.33 , 19.47 , 4770.67 , 0.10
194.72 , 209.33 , 14.60 , 4770.67 , 0.07
194.72 , 214.19 , 19.47 , 4765.81 , 0.10
199.59 , 209.33 , 9.74 , 4770.67 , 0.05
194.72 , 214.19 , 19.47 , 4765.81 , 0.10
199.59 , 214.19 , 14.60 , 4765.81 , 0.07
199.59 , 214.19 , 14.60 , 4765.81 , 0.07
199.59 , 219.06 , 19.47 , 4760.94 , 0.10
204.46 , 219.06 , 14.60 , 4760.94 , 0.07
199.59 , 219.06 , 19.47 , 4760.94 , 0.10
199.59 , 223.93 , 24.34 , 4756.07 , 0.12
204.46 , 219.06 , 14.60 , 4760.94 , 0.07
204.46 , 223.93 , 19.47 , 4756.07 , 0.10
204.46 , 219.06 , 14.60 , 4760.94 , 0.07
199.59 , 223.93 , 24.34 , 4756.07 , 0.12
204.46 , 223.93 , 19.47 , 4756.07 , 0.10
204.46 , 223.93 , 19.47 , 4756.07 , 0.10
204.46 , 228.80 , 24.34 , 4751.20 , 0.12
204.46 , 228.80 , 24.34 , 4751.20 , 0.12
199.59 , 228.80 , 29.21 , 4751.20 , 0.15
204.46 , 233.67 , 29.21 , 4746.33 , 0.15
204.46 , 233.67 , 29.21 , 4746.33 , 0.15
209.33 , 228.80 , 19.47 , 4751.20 , 0.10
204.46 , 233.67 , 29.21 , 4746.33 , 0.15
209.33 , 233.67 , 24.34 , 4746.33 , 0.12
209.33 , 228.80 , 19.47 , 4751.20 , 0.10
209.33 , 238.53 , 29.21 , 4741.47 , 0.15
204.46 , 238.53 , 34.08 , 4741.47 , 0.17
209.33 , 238.53 , 29.21 , 4741.47 , 0.15
209.33 , 238.53 , 29.21 , 4741.47 , 0.15
209.33 , 238.53 , 29.21 , 4741.47 , 0.15
209.33 , 238.53 , 29.21 , 4741.47 , 0.15
204.46 , 243.40 , 38.94 , 4736.60 , 0.19
209.33 , 238.53 , 29.21 , 4741.47 , 0.15
204.46 , 238.53 , 34.08 , 4741.47 , 0.17
209.33 , 243.40 , 34.08 , 4736.60 , 0.17
214.19 , 243.40 , 29.21 , 4736.60 , 0.15
214.19 , 243.40 , 29.21 , 4736.60 , 0.15
219.06 , 248.27 , 29.21 , 4731.73 , 0.15
214.19 , 248.27 , 34.08 , 4731.73 , 0.17
219.06 , 248.27 , 29.21 , 4731.73 , 0.15
214.19 , 248.27 , 34.08 , 4731.73 , 0.17
214.19 , 253.14 , 38.94 , 4726.86 , 0.19
214.19 , 248.27 , 34.08 , 4731.73 , 0.17
214.19 , 248.27 , 34.08 , 4731.73 , 0.17
214.19 , 253.14 , 38.94 , 4726.86 , 0.19
219.06 , 253.14 , 34.08 , 4726.86 , 0.17
219.06 , 258.01 , 38.94 , 4721.99 , 0.19
214.19 , 253.14 , 38.94 , 4726.86 , 0.19
214.19 , 253.14 , 38.94 , 4726.86 , 0.19
219.06 , 258.01 , 38.94 , 4721.99 , 0.19
219.06 , 258.01 , 38.94 , 4721.99 , 0.19
219.06 , 262.87 , 43.81 , 4717.13 , 0.22
219.06 , 258.01 , 38.94 , 4721.99 , 0.19
223.93 , 262.87 , 38.94 , 4717.13 , 0.19
223.93 , 262.87 , 38.94 , 4717.13 , 0.19
223.93 , 262.87 , 38.94 , 4717.13 , 0.19
223.93 , 262.87 , 38.94 , 4717.13 , 0.19
223.93 , 267.74 , 43.81 , 4712.26 , 0.22
223.93 , 267.74 , 43.81 , 4712.26 , 0.22
223.93 , 272.61 , 48.68 , 4707.39 , 0.24
228.80 , 272.61 , 43.81 , 4707.39 , 0.22
223.93 , 277.48 , 53.55 , 4702.52 , 0.27
228.80 , 277.48 , 48.68 , 4702.52 , 0.24
223.93 , 272.61 , 48.68 , 4707.39 , 0.24
228.80 , 277.48 , 48.68 , 4702.52 , 0.24
223.93 , 277.48 , 53.55 , 4702.52 , 0.27
228.80 , 282.35 , 53.55 , 4697.65 , 0.27
233.67 , 287.21 , 53.55 , 4692.79 , 0.27
233.67 , 287.21 , 53.55 , 4692.79 , 0.27
228.80 , 287.21 , 58.42 , 4692.79 , 0.29
233.67 , 292.08 , 58.42 , 4687.92 , 0.29
233.67 , 292.08 , 58.42 , 4687.92 , 0.29
233.67 , 296.95 , 63.28 , 4683.05 , 0.32
228.80 , 301.82 , 73.02 , 4678.18 , 0.37
233.67 , 301.82 , 68.15 , 4678.18 , 0.34
233.67 , 301.82 , 68.15 , 4678.18 , 0.34
233.67 , 301.82 , 68.15 , 4678.18 , 0.34
238.53 , 311.55 , 73.02 , 4668.45 , 0.37
233.67 , 311.55 , 77.89 , 4668.45 , 0.39
238.53 , 316.42 , 77.89 , 4663.58 , 0.39
238.53 , 321.29 , 82.76 , 4658.71 , 0.41
238.53 , 321.29 , 82.76 , 4658.71 , 0.41
238.53 , 326.16 , 87.62 , 4653.84 , 0.44
243.40 , 331.03 , 87.62 , 4648.97 , 0.44
238.53 , 335.89 , 97.36 , 4644.11 , 0.49
243.40 , 340.76 , 97.36 , 4639.24 , 0.49
248.27 , 345.63 , 97.36 , 4634.37 , 0.49
243.40 , 350.50 , 107.10 , 4629.50 , 0.54
248.27 , 350.50 , 102.23 , 4629.50 , 0.51
248.27 , 360.23 , 111.96 , 4619.77 , 0.56
248.27 , 365.10 , 116.83 , 4614.90 , 0.58
253.14 , 374.84 , 121.70 , 4605.16 , 0.61
258.01 , 384.57 , 126.57 , 4595.43 , 0.63
258.01 , 389.44 , 131.44 , 4590.56 , 0.66
253.14 , 399.18 , 146.04 , 4580.82 , 0.73
258.01 , 408.91 , 150.91 , 4571.08 , 0.75
262.87 , 423.52 , 160.65 , 4556.48 , 0.80
262.87 , 433.26 , 170.38 , 4546.75 , 0.85
262.87 , 447.86 , 184.99 , 4532.14 , 0.92
272.61 , 467.33 , 194.72 , 4512.67 , 0.97
277.48 , 486.80 , 209.33 , 4493.20 , 1.05
272.61 , 511.14 , 238.53 , 4468.86 , 1.19
282.35 , 540.35 , 258.01 , 4439.65 , 1.29
282.35 , 574.43 , 292.08 , 4405.57 , 1.46
287.21 , 613.37 , 326.16 , 4366.63 , 1.63
292.08 , 671.79 , 379.71 , 4308.21 , 1.90
301.82 , 744.81 , 442.99 , 4235.19 , 2.21
311.55 , 847.04 , 535.48 , 4132.96 , 2.68
321.29 , 1007.68 , 686.39 , 3972.32 , 3.43
335.89 , 1285.16 , 949.27 , 3694.84 , 4.75
369.97 , 1888.80 , 1518.83 , 3091.20 , 7.59
486.80 , 4313.08 , 3826.28 , 666.92 , 19.13
491.67 , 4313.08 , 3821.41 , 666.92 , 19.11
