63.28 , 68.15 , 4.87 , 4911.85 , 0.02
97.36 , 97.36 , 0.00 , 4882.64 , 0.00
131.44 , 131.44 , 0.00 , 4848.56 , 0.00
155.78 , 155.78 , 0.00 , 4824.22 , 0.00
165.51 , 170.38 , 4.87 , 4809.62 , 0.02
170.38 , 180.12 , 9.74 , 4799.88 , 0.05
175.25 , 184.99 , 9.74 , 4795.01 , 0.05
184.99 , 189.85 , 4.87 , 4790.15 , 0.02
184.99 , 194.72 , 9.74 , 4785.28 , 0.05
184.99 , 199.59 , 14.60 , 4780.41 , 0.07
189.85 , 204.46 , 14.60 , 4775.54 , 0.07
189.85 , 204.46 , 14.60 , 4775.54 , 0.07
194.72 , 204.46 , 9.74 , 4775.54 , 0.05
194.72 , 209.33 , 14.60 , 4770.67 , 0.07
194.72 , 209.33 , 14.60 , 4770.67 , 0.07
194.72 , 209.33 , 14.60 , 4770.67 , 0.07
199.59 , 214.19 , 14.60 , 4765.81 , 0.07
199.59 , 219.06 , 19.47 , 4760.94 , 0.10
194.72 , 214.19 , 19.47 , 4765.81 , 0.10
199.59 , 219.06 , 19.47 , 4760.94 , 0.10
194.72 , 219.06 , 24.34 , 4760.94 , 0.12
204.46 , 223.93 , 19.47 , 4756.07 , 0.10
204.46 , 219.06 , 14.60 , 4760.94 , 0.07
199.59 , 223.93 , 24.34 , 4756.07 , 0.12
199.59 , 219.06 , 19.47 , 4760.94 , 0.10
199.59 , 219.06 , 19.47 , 4760.94 , 0.10
204.46 , 223.93 , 19.47 , 4756.07 , 0.10
204.46 , 223.93 , 19.47 , 4756.07 , 0.10
204.46 , 228.80 , 24.34 , 4751.20 , 0.12
204.46 , 228.80 , 24.34 , 4751.20 , 0.12
204.46 , 223.93 , 19.47 , 4756.07 , 0.10
204.46 , 228.80 , 24.34 , 4751.20 , 0.12
204.46 , 228.80 , 24.34 , 4751.20 , 0.12
209.33 , 233.67 , 24.34 , 4746.33 , 0.12
209.33 , 228.80 , 19.47 , 4751.20 , 0.10
209.33 , 228.80 , 19.47 , 4751.20 , 0.10
209.33 , 228.80 , 19.47 , 4751.20 , 0.10
209.33 , 233.67 , 24.34 , 4746.33 , 0.12
204.46 , 238.53 , 34.08 , 4741.47 , 0.17
209.33 , 228.80 , 19.47 , 4751.20 , 0.10
209.33 , 238.53 , 29.21 , 4741.47 , 0.15
209.33 , 238.53 , 29.21 , 4741.47 , 0.15
209.33 , 238.53 , 29.21 , 4741.47 , 0.15
209.33 , 233.67 , 24.34 , 4746.33 , 0.12
209.33 , 238.53 , 29.21 , 4741.47 , 0.15
204.46 , 238.53 , 34.08 , 4741.47 , 0.17
209.33 , 238.53 , 29.21 , 4741.47 , 0.15
214.19 , 238.53 , 24.34 , 4741.47 , 0.12
214.19 , 243.40 , 29.21 , 4736.60 , 0.15
214.19 , 238.53 , 24.34 , 4741.47 , 0.12
214.19 , 248.27 , 34.08 , 4731.73 , 0.17
214.19 , 248.27 , 34.08 , 4731.73 , 0.17
214.19 , 243.40 , 29.21 , 4736.60 , 0.15
214.19 , 248.27 , 34.08 , 4731.73 , 0.17
214.19 , 248.27 , 34.08 , 4731.73 , 0.17
214.19 , 253.14 , 38.94 , 4726.86 , 0.19
214.19 , 253.14 , 38.94 , 4726.86 , 0.19
219.06 , 248.27 , 29.21 , 4731.73 , 0.15
219.06 , 248.27 , 29.21 , 4731.73 , 0.15
219.06 , 253.14 , 34.08 , 4726.86 , 0.17
219.06 , 258.01 , 38.94 , 4721.99 , 0.19
214.19 , 253.14 , 38.94 , 4726.86 , 0.19
219.06 , 258.01 , 38.94 , 4721.99 , 0.19
199.59 , 258.01 , 58.42 , 4721.99 , 0.29
219.06 , 258.01 , 38.94 , 4721.99 , 0.19
219.06 , 258.01 , 38.94 , 4721.99 , 0.19
219.06 , 262.87 , 43.81 , 4717.13 , 0.22
223.93 , 262.87 , 38.94 , 4717.13 , 0.19
219.06 , 262.87 , 43.81 , 4717.13 , 0.22
223.93 , 262.87 , 38.94 , 4717.13 , 0.19
219.06 , 267.74 , 48.68 , 4712.26 , 0.24
223.93 , 267.74 , 43.81 , 4712.26 , 0.22
223.93 , 267.74 , 43.81 , 4712.26 , 0.22
219.06 , 267.74 , 48.68 , 4712.26 , 0.24
228.80 , 272.61 , 43.81 , 4707.39 , 0.22
223.93 , 272.61 , 48.68 , 4707.39 , 0.24
228.80 , 272.61 , 43.81 , 4707.39 , 0.22
228.80 , 277.48 , 48.68 , 4702.52 , 0.24
223.93 , 277.48 , 53.55 , 4702.52 , 0.27
228.80 , 282.35 , 53.55 , 4697.65 , 0.27
233.67 , 282.35 , 48.68 , 4697.65 , 0.24
228.80 , 282.35 , 53.55 , 4697.65 , 0.27
233.67 , 287.21 , 53.55 , 4692.79 , 0.27
233.67 , 287.21 , 53.55 , 4692.79 , 0.27
233.67 , 287.21 , 53.55 , 4692.79 , 0.27
233.67 , 292.08 , 58.42 , 4687.92 , 0.29
233.67 , 296.95 , 63.28 , 4683.05 , 0.32
233.67 , 296.95 , 63.28 , 4683.05 , 0.32
238.53 , 301.82 , 63.28 , 4678.18 , 0.32
233.67 , 301.82 , 68.15 , 4678.18 , 0.34
233.67 , 306.69 , 73.02 , 4673.31 , 0.37
238.53 , 306.69 , 68.15 , 4673.31 , 0.34
233.67 , 306.69 , 73.02 , 4673.31 , 0.37
238.53 , 311.55 , 73.02 , 4668.45 , 0.37
238.53 , 321.29 , 82.76 , 4658.71 , 0.41
238.53 , 321.29 , 82.76 , 4658.71 , 0.41
238.53 , 321.29 , 82.76 , 4658.71 , 0.41
238.53 , 326.16 , 87.62 , 4653.84 , 0.44
243.40 , 331.03 , 87.62 , 4648.97 , 0.44
238.53 , 335.89 , 97.36 , 4644.11 , 0.49
248.27 , 340.76 , 92.49 , 4639.24 , 0.46
248.27 , 345.63 , 97.36 , 4634.37 , 0.49
248.27 , 350.50 , 102.23 , 4629.50 , 0.51
248.27 , 360.23 , 111.96 , 4619.77 , 0.56
248.27 , 365.10 , 116.83 , 4614.90 , 0.58
253.14 , 369.97 , 116.83 , 4610.03 , 0.58
253.14 , 374.84 , 121.70 , 4605.16 , 0.61
253.14 , 379.71 , 126.57 , 4600.29 , 0.63
258.01 , 394.31 , 136.30 , 4585.69 , 0.68
258.01 , 404.05 , 146.04 , 4575.95 , 0.73
258.01 , 408.91 , 150.91 , 4571.08 , 0.75
258.01 , 418.65 , 160.65 , 4561.35 , 0.80
262.87 , 438.12 , 175.25 , 4541.88 , 0.88
272.61 , 452.73 , 180.12 , 4527.27 , 0.90
272.61 , 472.20 , 199.59 , 4507.80 , 1.00
272.61 , 486.80 , 214.19 , 4493.20 , 1.07
277.48 , 511.14 , 233.67 , 4468.86 , 1.17
277.48 , 540.35 , 262.87 , 4439.65 , 1.31
282.35 , 569.56 , 287.21 , 4410.44 , 1.44
287.21 , 613.37 , 326.16 , 4366.63 , 1.63
292.08 , 671.79 , 379.71 , 4308.21 , 1.90
301.82 , 749.68 , 447.86 , 4230.32 , 2.24
311.55 , 847.04 , 535.48 , 4132.96 , 2.68
331.03 , 1007.68 , 676.66 , 3972.32 , 3.38
340.76 , 1285.16 , 944.40 , 3694.84 , 4.72
374.84 , 1883.93 , 1509.09 , 3096.07 , 7.55
486.80 , 4279.00 , 3792.20 , 701.00 , 18.96
486.80 , 4279.00 , 3792.20 , 701.00 , 18.96
