68.15 , 68.15 , 0.00 , 4911.85 , 0.00
102.23 , 102.23 , 0.00 , 4877.77 , 0.00
131.44 , 136.30 , 4.87 , 4843.69 , 0.02
141.17 , 155.78 , 14.60 , 4824.22 , 0.07
160.65 , 170.38 , 9.74 , 4809.62 , 0.05
170.38 , 175.25 , 4.87 , 4804.75 , 0.02
184.99 , 184.99 , 0.00 , 4795.01 , 0.00
184.99 , 194.72 , 9.74 , 4785.28 , 0.05
184.99 , 194.72 , 9.74 , 4785.28 , 0.05
189.85 , 194.72 , 4.87 , 4785.28 , 0.02
189.85 , 189.85 , 0.00 , 4790.15 , 0.00
189.85 , 204.46 , 14.60 , 4775.54 , 0.07
194.72 , 204.46 , 9.74 , 4775.54 , 0.05
194.72 , 214.19 , 19.47 , 4765.81 , 0.10
194.72 , 209.33 , 14.60 , 4770.67 , 0.07
194.72 , 214.19 , 19.47 , 4765.81 , 0.10
194.72 , 214.19 , 19.47 , 4765.81 , 0.10
194.72 , 214.19 , 19.47 , 4765.81 , 0.10
194.72 , 219.06 , 24.34 , 4760.94 , 0.12
194.72 , 214.19 , 19.47 , 4765.81 , 0.10
199.59 , 214.19 , 14.60 , 4765.81 , 0.07
204.46 , 219.06 , 14.60 , 4760.94 , 0.07
199.59 , 219.06 , 19.47 , 4760.94 , 0.10
199.59 , 223.93 , 24.34 , 4756.07 , 0.12
204.46 , 223.93 , 19.47 , 4756.07 , 0.10
204.46 , 223.93 , 19.47 , 4756.07 , 0.10
209.33 , 223.93 , 14.60 , 4756.07 , 0.07
199.59 , 223.93 , 24.34 , 4756.07 , 0.12
199.59 , 223.93 , 24.34 , 4756.07 , 0.12
209.33 , 228.80 , 19.47 , 4751.20 , 0.10
204.46 , 223.93 , 19.47 , 4756.07 , 0.10
204.46 , 228.80 , 24.34 , 4751.20 , 0.12
194.72 , 228.80 , 34.08 , 4751.20 , 0.17
204.46 , 228.80 , 24.34 , 4751.20 , 0.12
204.46 , 233.67 , 29.21 , 4746.33 , 0.15
209.33 , 228.80 , 19.47 , 4751.20 , 0.10
204.46 , 228.80 , 24.34 , 4751.20 , 0.12
209.33 , 233.67 , 24.34 , 4746.33 , 0.12
204.46 , 228.80 , 24.34 , 4751.20 , 0.12
209.33 , 233.67 , 24.34 , 4746.33 , 0.12
209.33 , 233.67 , 24.34 , 4746.33 , 0.12
214.19 , 233.67 , 19.47 , 4746.33 , 0.10
209.33 , 233.67 , 24.34 , 4746.33 , 0.12
209.33 , 243.40 , 34.08 , 4736.60 , 0.17
209.33 , 238.53 , 29.21 , 4741.47 , 0.15
219.06 , 243.40 , 24.34 , 4736.60 , 0.12
209.33 , 238.53 , 29.21 , 4741.47 , 0.15
214.19 , 243.40 , 29.21 , 4736.60 , 0.15
209.33 , 238.53 , 29.21 , 4741.47 , 0.15
214.19 , 238.53 , 24.34 , 4741.47 , 0.12
219.06 , 243.40 , 24.34 , 4736.60 , 0.12
219.06 , 243.40 , 24.34 , 4736.60 , 0.12
214.19 , 248.27 , 34.08 , 4731.73 , 0.17
214.19 , 248.27 , 34.08 , 4731.73 , 0.17
209.33 , 248.27 , 38.94 , 4731.73 , 0.19
214.19 , 248.27 , 34.08 , 4731.73 , 0.17
214.19 , 253.14 , 38.94 , 4726.86 , 0.19
214.19 , 253.14 , 38.94 , 4726.86 , 0.19
214.19 , 248.27 , 34.08 , 4731.73 , 0.17
219.06 , 258.01 , 38.94 , 4721.99 , 0.19
219.06 , 253.14 , 34.08 , 4726.86 , 0.17
219.06 , 258.01 , 38.94 , 4721.99 , 0.19
223.93 , 253.14 , 29.21 , 4726.86 , 0.15
219.06 , 258.01 , 38.94 , 4721.99 , 0.19
219.06 , 258.01 , 38.94 , 4721.99 , 0.19
223.93 , 262.87 , 38.94 , 4717.13 , 0.19
219.06 , 258.01 , 38.94 , 4721.99 , 0.19
214.19 , 262.87 , 48.68 , 4717.13 , 0.24
223.93 , 258.01 , 34.08 , 4721.99 , 0.17
219.06 , 267.74 , 48.68 , 4712.26 , 0.24
223.93 , 262.87 , 38.94 , 4717.13 , 0.19
228.80 , 267.74 , 38.94 , 4712.26 , 0.19
223.93 , 267.74 , 43.81 , 4712.26 , 0.22
223.93 , 267.74 , 43.81 , 4712.26 , 0.22
228.80 , 272.61 , 43.81 , 4707.39 , 0.22
223.93 , 277.48 , 53.55 , 4702.52 , 0.27
223.93 , 277.48 , 53.55 , 4702.52 , 0.27
228.80 , 272.61 , 43.81 , 4707.39 , 0.22
228.80 , 277.48 , 48.68 , 4702.52 , 0.24
223.93 , 282.35 , 58.42 , 4697.65 , 0.29
228.80 , 282.35 , 53.55 , 4697.65 , 0.27
228.80 , 282.35 , 53.55 , 4697.65 , 0.27
233.67 , 282.35 , 48.68 , 4697.65 , 0.24
228.80 , 287.21 , 58.42 , 4692.79 , 0.29
233.67 , 287.21 , 53.55 , 4692.79 , 0.27
228.80 , 292.08 , 63.28 , 4687.92 , 0.32
233.67 , 296.95 , 63.28 , 4683.05 , 0.32
233.67 , 292.08 , 58.42 , 4687.92 , 0.29
233.67 , 296.95 , 63.28 , 4683.05 , 0.32
233.67 , 296.95 , 63.28 , 4683.05 , 0.32
233.67 , 306.69 , 73.02 , 4673.31 , 0.37
238.53 , 306.69 , 68.15 , 4673.31 , 0.34
238.53 , 311.55 , 73.02 , 4668.45 , 0.37
243.40 , 311.55 , 68.15 , 4668.45 , 0.34
238.53 , 311.55 , 73.02 , 4668.45 , 0.37
243.40 , 316.42 , 73.02 , 4663.58 , 0.37
243.40 , 321.29 , 77.89 , 4658.71 , 0.39
243.40 , 331.03 , 87.62 , 4648.97 , 0.44
243.40 , 331.03 , 87.62 , 4648.97 , 0.44
243.40 , 335.89 , 92.49 , 4644.11 , 0.46
243.40 , 340.76 , 97.36 , 4639.24 , 0.49
243.40 , 345.63 , 102.23 , 4634.37 , 0.51
253.14 , 345.63 , 92.49 , 4634.37 , 0.46
253.14 , 355.37 , 102.23 , 4624.63 , 0.51
253.14 , 360.23 , 107.10 , 4619.77 , 0.54
253.14 , 369.97 , 116.83 , 4610.03 , 0.58
253.14 , 374.84 , 121.70 , 4605.16 , 0.61
253.14 , 384.57 , 131.44 , 4595.43 , 0.66
258.01 , 389.44 , 131.44 , 4590.56 , 0.66
258.01 , 399.18 , 141.17 , 4580.82 , 0.71
258.01 , 413.78 , 155.78 , 4566.22 , 0.78
267.74 , 423.52 , 155.78 , 4556.48 , 0.78
267.74 , 433.26 , 165.51 , 4546.75 , 0.83
267.74 , 452.73 , 184.99 , 4527.27 , 0.92
267.74 , 467.33 , 199.59 , 4512.67 , 1.00
272.61 , 491.67 , 219.06 , 4488.33 , 1.10
272.61 , 511.14 , 238.53 , 4468.86 , 1.19
282.35 , 540.35 , 258.01 , 4439.65 , 1.29
287.21 , 574.43 , 287.21 , 4405.57 , 1.44
287.21 , 613.37 , 326.16 , 4366.63 , 1.63
292.08 , 671.79 , 379.71 , 4308.21 , 1.90
296.95 , 744.81 , 447.86 , 4235.19 , 2.24
306.69 , 847.04 , 540.35 , 4132.96 , 2.70
321.29 , 1007.68 , 686.39 , 3972.32 , 3.43
340.76 , 1285.16 , 944.40 , 3694.84 , 4.72
374.84 , 1883.93 , 1509.09 , 3096.07 , 7.55
486.80 , 4283.87 , 3797.07 , 696.13 , 18.99
486.80 , 4283.87 , 3797.07 , 696.13 , 18.99
