68.15 , 63.28 , -4.87 , 4916.72 , -0.02
102.23 , 102.23 , 0.00 , 4877.77 , 0.00
136.30 , 131.44 , -4.87 , 4848.56 , -0.02
155.78 , 160.65 , 4.87 , 4819.35 , 0.02
165.51 , 170.38 , 4.87 , 4809.62 , 0.02
170.38 , 180.12 , 9.74 , 4799.88 , 0.05
175.25 , 189.85 , 14.60 , 4790.15 , 0.07
180.12 , 189.85 , 9.74 , 4790.15 , 0.05
184.99 , 194.72 , 9.74 , 4785.28 , 0.05
189.85 , 170.38 , -19.47 , 4809.62 , -0.10
189.85 , 194.72 , 4.87 , 4785.28 , 0.02
189.85 , 204.46 , 14.60 , 4775.54 , 0.07
194.72 , 204.46 , 9.74 , 4775.54 , 0.05
194.72 , 204.46 , 9.74 , 4775.54 , 0.05
194.72 , 209.33 , 14.60 , 4770.67 , 0.07
194.72 , 214.19 , 19.47 , 4765.81 , 0.10
194.72 , 214.19 , 19.47 , 4765.81 , 0.10
199.59 , 214.19 , 14.60 , 4765.81 , 0.07
194.72 , 214.19 , 19.47 , 4765.81 , 0.10
194.72 , 219.06 , 24.34 , 4760.94 , 0.12
199.59 , 214.19 , 14.60 , 4765.81 , 0.07
199.59 , 219.06 , 19.47 , 4760.94 , 0.10
199.59 , 223.93 , 24.34 , 4756.07 , 0.12
199.59 , 223.93 , 24.34 , 4756.07 , 0.12
204.46 , 223.93 , 19.47 , 4756.07 , 0.10
204.46 , 223.93 , 19.47 , 4756.07 , 0.10
204.46 , 223.93 , 19.47 , 4756.07 , 0.10
204.46 , 228.80 , 24.34 , 4751.20 , 0.12
204.46 , 228.80 , 24.34 , 4751.20 , 0.12
204.46 , 228.80 , 24.34 , 4751.20 , 0.12
204.46 , 223.93 , 19.47 , 4756.07 , 0.10
204.46 , 228.80 , 24.34 , 4751.20 , 0.12
209.33 , 233.67 , 24.34 , 4746.33 , 0.12
209.33 , 228.80 , 19.47 , 4751.20 , 0.10
209.33 , 233.67 , 24.34 , 4746.33 , 0.12
209.33 , 228.80 , 19.47 , 4751.20 , 0.10
209.33 , 238.53 , 29.21 , 4741.47 , 0.15
204.46 , 233.67 , 29.21 , 4746.33 , 0.15
209.33 , 233.67 , 24.34 , 4746.33 , 0.12
209.33 , 238.53 , 29.21 , 4741.47 , 0.15
209.33 , 238.53 , 29.21 , 4741.47 , 0.15
209.33 , 238.53 , 29.21 , 4741.47 , 0.15
214.19 , 238.53 , 24.34 , 4741.47 , 0.12
214.19 , 238.53 , 24.34 , 4741.47 , 0.12
209.33 , 238.53 , 29.21 , 4741.47 , 0.15
209.33 , 243.40 , 34.08 , 4736.60 , 0.17
204.46 , 243.40 , 38.94 , 4736.60 , 0.19
209.33 , 238.53 , 29.21 , 4741.47 , 0.15
214.19 , 243.40 , 29.21 , 4736.60 , 0.15
209.33 , 243.40 , 34.08 , 4736.60 , 0.17
214.19 , 243.40 , 29.21 , 4736.60 , 0.15
214.19 , 243.40 , 29.21 , 4736.60 , 0.15
214.19 , 248.27 , 34.08 , 4731.73 , 0.17
219.06 , 248.27 , 29.21 , 4731.73 , 0.15
219.06 , 248.27 , 29.21 , 4731.73 , 0.15
214.19 , 253.14 , 38.94 , 4726.86 , 0.19
219.06 , 248.27 , 29.21 , 4731.73 , 0.15
219.06 , 253.14 , 34.08 , 4726.86 , 0.17
219.06 , 253.14 , 34.08 , 4726.86 , 0.17
219.06 , 258.01 , 38.94 , 4721.99 , 0.19
219.06 , 253.14 , 34.08 , 4726.86 , 0.17
214.19 , 253.14 , 38.94 , 4726.86 , 0.19
219.06 , 258.01 , 38.94 , 4721.99 , 0.19
214.19 , 258.01 , 43.81 , 4721.99 , 0.22
223.93 , 262.87 , 38.94 , 4717.13 , 0.19
219.06 , 262.87 , 43.81 , 4717.13 , 0.22
219.06 , 258.01 , 38.94 , 4721.99 , 0.19
219.06 , 262.87 , 43.81 , 4717.13 , 0.22
223.93 , 262.87 , 38.94 , 4717.13 , 0.19
223.93 , 267.74 , 43.81 , 4712.26 , 0.22
223.93 , 267.74 , 43.81 , 4712.26 , 0.22
223.93 , 267.74 , 43.81 , 4712.26 , 0.22
223.93 , 272.61 , 48.68 , 4707.39 , 0.24
219.06 , 267.74 , 48.68 , 4712.26 , 0.24
228.80 , 272.61 , 43.81 , 4707.39 , 0.22
228.80 , 272.61 , 43.81 , 4707.39 , 0.22
223.93 , 282.35 , 58.42 , 4697.65 , 0.29
228.80 , 277.48 , 48.68 , 4702.52 , 0.24
228.80 , 282.35 , 53.55 , 4697.65 , 0.27
228.80 , 282.35 , 53.55 , 4697.65 , 0.27
228.80 , 282.35 , 53.55 , 4697.65 , 0.27
233.67 , 282.35 , 48.68 , 4697.65 , 0.24
228.80 , 287.21 , 58.42 , 4692.79 , 0.29
233.67 , 292.08 , 58.42 , 4687.92 , 0.29
233.67 , 287.21 , 53.55 , 4692.79 , 0.27
233.67 , 292.08 , 58.42 , 4687.92 , 0.29
233.67 , 292.08 , 58.42 , 4687.92 , 0.29
233.67 , 296.95 , 63.28 , 4683.05 , 0.32
233.67 , 296.95 , 63.28 , 4683.05 , 0.32
238.53 , 301.82 , 63.28 , 4678.18 , 0.32
233.67 , 301.82 , 68.15 , 4678.18 , 0.34
233.67 , 306.69 , 73.02 , 4673.31 , 0.37
238.53 , 311.55 , 73.02 , 4668.45 , 0.37
233.67 , 316.42 , 82.76 , 4663.58 , 0.41
238.53 , 316.42 , 77.89 , 4663.58 , 0.39
238.53 , 321.29 , 82.76 , 4658.71 , 0.41
243.40 , 321.29 , 77.89 , 4658.71 , 0.39
243.40 , 331.03 , 87.62 , 4648.97 , 0.44
243.40 , 331.03 , 87.62 , 4648.97 , 0.44
243.40 , 340.76 , 97.36 , 4639.24 , 0.49
243.40 , 340.76 , 97.36 , 4639.24 , 0.49
248.27 , 345.63 , 97.36 , 4634.37 , 0.49
253.14 , 350.50 , 97.36 , 4629.50 , 0.49
253.14 , 355.37 , 102.23 , 4624.63 , 0.51
253.14 , 360.23 , 107.10 , 4619.77 , 0.54
253.14 , 365.10 , 111.96 , 4614.90 , 0.56
253.14 , 374.84 , 121.70 , 4605.16 , 0.61
258.01 , 379.71 , 121.70 , 4600.29 , 0.61
258.01 , 389.44 , 131.44 , 4590.56 , 0.66
262.87 , 399.18 , 136.30 , 4580.82 , 0.68
262.87 , 413.78 , 150.91 , 4566.22 , 0.75
267.74 , 423.52 , 155.78 , 4556.48 , 0.78
262.87 , 433.26 , 170.38 , 4546.75 , 0.85
267.74 , 447.86 , 180.12 , 4532.14 , 0.90
272.61 , 467.33 , 194.72 , 4512.67 , 0.97
277.48 , 486.80 , 209.33 , 4493.20 , 1.05
277.48 , 516.01 , 238.53 , 4463.99 , 1.19
277.48 , 540.35 , 262.87 , 4439.65 , 1.31
282.35 , 569.56 , 287.21 , 4410.44 , 1.44
287.21 , 613.37 , 326.16 , 4366.63 , 1.63
296.95 , 666.92 , 369.97 , 4313.08 , 1.85
301.82 , 744.81 , 442.99 , 4235.19 , 2.21
311.55 , 847.04 , 535.48 , 4132.96 , 2.68
321.29 , 1007.68 , 686.39 , 3972.32 , 3.43
340.76 , 1285.16 , 944.40 , 3694.84 , 4.72
374.84 , 1883.93 , 1509.09 , 3096.07 , 7.55
481.94 , 4274.13 , 3792.20 , 705.87 , 18.96
486.80 , 4279.00 , 3792.20 , 701.00 , 18.96
