63.28 , 63.28 , 0.00 , 4916.72 , 0.00
102.23 , 107.10 , 4.87 , 4872.90 , 0.02
131.44 , 131.44 , 0.00 , 4848.56 , 0.00
150.91 , 160.65 , 9.74 , 4819.35 , 0.05
165.51 , 165.51 , 0.00 , 4814.49 , 0.00
175.25 , 180.12 , 4.87 , 4799.88 , 0.02
184.99 , 165.51 , -19.47 , 4814.49 , -0.10
184.99 , 189.85 , 4.87 , 4790.15 , 0.02
184.99 , 194.72 , 9.74 , 4785.28 , 0.05
184.99 , 199.59 , 14.60 , 4780.41 , 0.07
189.85 , 199.59 , 9.74 , 4780.41 , 0.05
189.85 , 204.46 , 14.60 , 4775.54 , 0.07
194.72 , 209.33 , 14.60 , 4770.67 , 0.07
189.85 , 204.46 , 14.60 , 4775.54 , 0.07
194.72 , 214.19 , 19.47 , 4765.81 , 0.10
194.72 , 209.33 , 14.60 , 4770.67 , 0.07
194.72 , 209.33 , 14.60 , 4770.67 , 0.07
194.72 , 219.06 , 24.34 , 4760.94 , 0.12
199.59 , 214.19 , 14.60 , 4765.81 , 0.07
194.72 , 219.06 , 24.34 , 4760.94 , 0.12
199.59 , 219.06 , 19.47 , 4760.94 , 0.10
199.59 , 219.06 , 19.47 , 4760.94 , 0.10
199.59 , 219.06 , 19.47 , 4760.94 , 0.10
175.25 , 223.93 , 48.68 , 4756.07 , 0.24
204.46 , 223.93 , 19.47 , 4756.07 , 0.10
204.46 , 228.80 , 24.34 , 4751.20 , 0.12
199.59 , 223.93 , 24.34 , 4756.07 , 0.12
204.46 , 228.80 , 24.34 , 4751.20 , 0.12
204.46 , 223.93 , 19.47 , 4756.07 , 0.10
204.46 , 223.93 , 19.47 , 4756.07 , 0.10
204.46 , 228.80 , 24.34 , 4751.20 , 0.12
204.46 , 228.80 , 24.34 , 4751.20 , 0.12
204.46 , 228.80 , 24.34 , 4751.20 , 0.12
204.46 , 233.67 , 29.21 , 4746.33 , 0.15
204.46 , 233.67 , 29.21 , 4746.33 , 0.15
204.46 , 233.67 , 29.21 , 4746.33 , 0.15
209.33 , 228.80 , 19.47 , 4751.20 , 0.10
204.46 , 233.67 , 29.21 , 4746.33 , 0.15
209.33 , 233.67 , 24.34 , 4746.33 , 0.12
209.33 , 238.53 , 29.21 , 4741.47 , 0.15
214.19 , 233.67 , 19.47 , 4746.33 , 0.10
214.19 , 238.53 , 24.34 , 4741.47 , 0.12
209.33 , 233.67 , 24.34 , 4746.33 , 0.12
209.33 , 238.53 , 29.21 , 4741.47 , 0.15
214.19 , 243.40 , 29.21 , 4736.60 , 0.15
209.33 , 243.40 , 34.08 , 4736.60 , 0.17
209.33 , 243.40 , 34.08 , 4736.60 , 0.17
214.19 , 238.53 , 24.34 , 4741.47 , 0.12
214.19 , 238.53 , 24.34 , 4741.47 , 0.12
214.19 , 243.40 , 29.21 , 4736.60 , 0.15
214.19 , 243.40 , 29.21 , 4736.60 , 0.15
214.19 , 248.27 , 34.08 , 4731.73 , 0.17
219.06 , 248.27 , 29.21 , 4731.73 , 0.15
214.19 , 248.27 , 34.08 , 4731.73 , 0.17
214.19 , 248.27 , 34.08 , 4731.73 , 0.17
214.19 , 253.14 , 38.94 , 4726.86 , 0.19
219.06 , 248.27 , 29.21 , 4731.73 , 0.15
219.06 , 253.14 , 34.08 , 4726.86 , 0.17
219.06 , 253.14 , 34.08 , 4726.86 , 0.17
219.06 , 253.14 , 34.08 , 4726.86 , 0.17
219.06 , 258.01 , 38.94 , 4721.99 , 0.19
219.06 , 253.14 , 34.08 , 4726.86 , 0.17
223.93 , 258.01 , 34.08 , 4721.99 , 0.17
214.19 , 262.87 , 48.68 , 4717.13 , 0.24
223.93 , 258.01 , 34.08 , 4721.99 , 0.17
219.06 , 262.87 , 43.81 , 4717.13 , 0.22
219.06 , 262.87 , 43.81 , 4717.13 , 0.22
223.93 , 267.74 , 43.81 , 4712.26 , 0.22
219.06 , 262.87 , 43.81 , 4717.13 , 0.22
223.93 , 262.87 , 38.94 , 4717.13 , 0.19
228.80 , 262.87 , 34.08 , 4717.13 , 0.17
223.93 , 262.87 , 38.94 , 4717.13 , 0.19
223.93 , 267.74 , 43.81 , 4712.26 , 0.22
228.80 , 272.61 , 43.81 , 4707.39 , 0.22
223.93 , 272.61 , 48.68 , 4707.39 , 0.24
228.80 , 272.61 , 43.81 , 4707.39 , 0.22
228.80 , 272.61 , 43.81 , 4707.39 , 0.22
228.80 , 277.48 , 48.68 , 4702.52 , 0.24
228.80 , 277.48 , 48.68 , 4702.52 , 0.24
228.80 , 287.21 , 58.42 , 4692.79 , 0.29
228.80 , 282.35 , 53.55 , 4697.65 , 0.27
228.80 , 282.35 , 53.55 , 4697.65 , 0.27
228.80 , 292.08 , 63.28 , 4687.92 , 0.32
233.67 , 292.08 , 58.42 , 4687.92 , 0.29
228.80 , 287.21 , 58.42 , 4692.79 , 0.29
228.80 , 292.08 , 63.28 , 4687.92 , 0.32
228.80 , 296.95 , 68.15 , 4683.05 , 0.34
233.67 , 296.95 , 63.28 , 4683.05 , 0.32
233.67 , 301.82 , 68.15 , 4678.18 , 0.34
238.53 , 301.82 , 63.28 , 4678.18 , 0.32
238.53 , 301.82 , 63.28 , 4678.18 , 0.32
238.53 , 311.55 , 73.02 , 4668.45 , 0.37
238.53 , 311.55 , 73.02 , 4668.45 , 0.37
233.67 , 311.55 , 77.89 , 4668.45 , 0.39
238.53 , 316.42 , 77.89 , 4663.58 , 0.39
238.53 , 321.29 , 82.76 , 4658.71 , 0.41
243.40 , 326.16 , 82.76 , 4653.84 , 0.41
243.40 , 326.16 , 82.76 , 4653.84 , 0.41
248.27 , 331.03 , 82.76 , 4648.97 , 0.41
243.40 , 335.89 , 92.49 , 4644.11 , 0.46
248.27 , 340.76 , 92.49 , 4639.24 , 0.46
248.27 , 345.63 , 97.36 , 4634.37 , 0.49
248.27 , 350.50 , 102.23 , 4629.50 , 0.51
253.14 , 360.23 , 107.10 , 4619.77 , 0.54
248.27 , 365.10 , 116.83 , 4614.90 , 0.58
253.14 , 365.10 , 111.96 , 4614.90 , 0.56
258.01 , 374.84 , 116.83 , 4605.16 , 0.58
258.01 , 384.57 , 126.57 , 4595.43 , 0.63
258.01 , 394.31 , 136.30 , 4585.69 , 0.68
262.87 , 399.18 , 136.30 , 4580.82 , 0.68
258.01 , 408.91 , 150.91 , 4571.08 , 0.75
262.87 , 423.52 , 160.65 , 4556.48 , 0.80
262.87 , 438.12 , 175.25 , 4541.88 , 0.88
267.74 , 452.73 , 184.99 , 4527.27 , 0.92
267.74 , 467.33 , 199.59 , 4512.67 , 1.00
272.61 , 486.80 , 214.19 , 4493.20 , 1.07
277.48 , 511.14 , 233.67 , 4468.86 , 1.17
277.48 , 540.35 , 262.87 , 4439.65 , 1.31
282.35 , 569.56 , 287.21 , 4410.44 , 1.44
287.21 , 613.37 , 326.16 , 4366.63 , 1.63
296.95 , 671.79 , 374.84 , 4308.21 , 1.87
301.82 , 739.94 , 438.12 , 4240.06 , 2.19
311.55 , 851.91 , 540.35 , 4128.09 , 2.70
326.16 , 1007.68 , 681.52 , 3972.32 , 3.41
340.76 , 1285.16 , 944.40 , 3694.84 , 4.72
374.84 , 1883.93 , 1509.09 , 3096.07 , 7.55
491.67 , 4274.13 , 3782.46 , 705.87 , 18.91
486.80 , 4279.00 , 3792.20 , 701.00 , 18.96
