68.15 , 63.28 , -4.87 , 4916.72 , -0.02
107.10 , 107.10 , 0.00 , 4872.90 , 0.00
131.44 , 136.30 , 4.87 , 4843.69 , 0.02
155.78 , 155.78 , 0.00 , 4824.22 , 0.00
160.65 , 170.38 , 9.74 , 4809.62 , 0.05
160.65 , 180.12 , 19.47 , 4799.88 , 0.10
175.25 , 184.99 , 9.74 , 4795.01 , 0.05
170.38 , 189.85 , 19.47 , 4790.15 , 0.10
180.12 , 194.72 , 14.60 , 4785.28 , 0.07
184.99 , 194.72 , 9.74 , 4785.28 , 0.05
189.85 , 199.59 , 9.74 , 4780.41 , 0.05
189.85 , 204.46 , 14.60 , 4775.54 , 0.07
194.72 , 204.46 , 9.74 , 4775.54 , 0.05
194.72 , 209.33 , 14.60 , 4770.67 , 0.07
194.72 , 209.33 , 14.60 , 4770.67 , 0.07
194.72 , 209.33 , 14.60 , 4770.67 , 0.07
184.99 , 214.19 , 29.21 , 4765.81 , 0.15
194.72 , 214.19 , 19.47 , 4765.81 , 0.10
199.59 , 214.19 , 14.60 , 4765.81 , 0.07
194.72 , 219.06 , 24.34 , 4760.94 , 0.12
199.59 , 219.06 , 19.47 , 4760.94 , 0.10
199.59 , 219.06 , 19.47 , 4760.94 , 0.10
199.59 , 219.06 , 19.47 , 4760.94 , 0.10
199.59 , 223.93 , 24.34 , 4756.07 , 0.12
199.59 , 223.93 , 24.34 , 4756.07 , 0.12
199.59 , 219.06 , 19.47 , 4760.94 , 0.10
204.46 , 223.93 , 19.47 , 4756.07 , 0.10
204.46 , 223.93 , 19.47 , 4756.07 , 0.10
204.46 , 223.93 , 19.47 , 4756.07 , 0.10
209.33 , 228.80 , 19.47 , 4751.20 , 0.10
204.46 , 228.80 , 24.34 , 4751.20 , 0.12
204.46 , 228.80 , 24.34 , 4751.20 , 0.12
199.59 , 228.80 , 29.21 , 4751.20 , 0.15
209.33 , 228.80 , 19.47 , 4751.20 , 0.10
209.33 , 233.67 , 24.34 , 4746.33 , 0.12
204.46 , 228.80 , 24.34 , 4751.20 , 0.12
209.33 , 233.67 , 24.34 , 4746.33 , 0.12
209.33 , 233.67 , 24.34 , 4746.33 , 0.12
209.33 , 233.67 , 24.34 , 4746.33 , 0.12
209.33 , 233.67 , 24.34 , 4746.33 , 0.12
209.33 , 238.53 , 29.21 , 4741.47 , 0.15
204.46 , 238.53 , 34.08 , 4741.47 , 0.17
209.33 , 238.53 , 29.21 , 4741.47 , 0.15
209.33 , 233.67 , 24.34 , 4746.33 , 0.12
209.33 , 233.67 , 24.34 , 4746.33 , 0.12
214.19 , 238.53 , 24.34 , 4741.47 , 0.12
214.19 , 243.40 , 29.21 , 4736.60 , 0.15
214.19 , 243.40 , 29.21 , 4736.60 , 0.15
209.33 , 243.40 , 34.08 , 4736.60 , 0.17
214.19 , 238.53 , 24.34 , 4741.47 , 0.12
214.19 , 248.27 , 34.08 , 4731.73 , 0.17
214.19 , 243.40 , 29.21 , 4736.60 , 0.15
214.19 , 243.40 , 29.21 , 4736.60 , 0.15
214.19 , 248.27 , 34.08 , 4731.73 , 0.17
223.93 , 253.14 , 29.21 , 4726.86 , 0.15
214.19 , 248.27 , 34.08 , 4731.73 , 0.17
214.19 , 253.14 , 38.94 , 4726.86 , 0.19
214.19 , 253.14 , 38.94 , 4726.86 , 0.19
219.06 , 253.14 , 34.08 , 4726.86 , 0.17
219.06 , 248.27 , 29.21 , 4731.73 , 0.15
219.06 , 253.14 , 34.08 , 4726.86 , 0.17
219.06 , 258.01 , 38.94 , 4721.99 , 0.19
219.06 , 258.01 , 38.94 , 4721.99 , 0.19
219.06 , 258.01 , 38.94 , 4721.99 , 0.19
219.06 , 258.01 , 38.94 , 4721.99 , 0.19
223.93 , 258.01 , 34.08 , 4721.99 , 0.17
223.93 , 262.87 , 38.94 , 4717.13 , 0.19
219.06 , 262.87 , 43.81 , 4717.13 , 0.22
214.19 , 262.87 , 48.68 , 4717.13 , 0.24
219.06 , 262.87 , 43.81 , 4717.13 , 0.22
223.93 , 267.74 , 43.81 , 4712.26 , 0.22
223.93 , 267.74 , 43.81 , 4712.26 , 0.22
223.93 , 267.74 , 43.81 , 4712.26 , 0.22
223.93 , 272.61 , 48.68 , 4707.39 , 0.24
228.80 , 272.61 , 43.81 , 4707.39 , 0.22
228.80 , 272.61 , 43.81 , 4707.39 , 0.22
228.80 , 272.61 , 43.81 , 4707.39 , 0.22
223.93 , 277.48 , 53.55 , 4702.52 , 0.27
228.80 , 277.48 , 48.68 , 4702.52 , 0.24
223.93 , 277.48 , 53.55 , 4702.52 , 0.27
233.67 , 282.35 , 48.68 , 4697.65 , 0.24
228.80 , 282.35 , 53.55 , 4697.65 , 0.27
228.80 , 287.21 , 58.42 , 4692.79 , 0.29
233.67 , 287.21 , 53.55 , 4692.79 , 0.27
228.80 , 287.21 , 58.42 , 4692.79 , 0.29
228.80 , 292.08 , 63.28 , 4687.92 , 0.32
233.67 , 296.95 , 63.28 , 4683.05 , 0.32
233.67 , 292.08 , 58.42 , 4687.92 , 0.29
233.67 , 301.82 , 68.15 , 4678.18 , 0.34
238.53 , 306.69 , 68.15 , 4673.31 , 0.34
238.53 , 306.69 , 68.15 , 4673.31 , 0.34
238.53 , 311.55 , 73.02 , 4668.45 , 0.37
238.53 , 306.69 , 68.15 , 4673.31 , 0.34
238.53 , 311.55 , 73.02 , 4668.45 , 0.37
238.53 , 316.42 , 77.89 , 4663.58 , 0.39
243.40 , 321.29 , 77.89 , 4658.71 , 0.39
238.53 , 316.42 , 77.89 , 4663.58 , 0.39
243.40 , 326.16 , 82.76 , 4653.84 , 0.41
243.40 , 331.03 , 87.62 , 4648.97 , 0.44
243.40 , 335.89 , 92.49 , 4644.11 , 0.46
243.40 , 340.76 , 97.36 , 4639.24 , 0.49
243.40 , 340.76 , 97.36 , 4639.24 , 0.49
248.27 , 350.50 , 102.23 , 4629.50 , 0.51
248.27 , 355.37 , 107.10 , 4624.63 , 0.54
248.27 , 365.10 , 116.83 , 4614.90 , 0.58
253.14 , 369.97 , 116.83 , 4610.03 , 0.58
253.14 , 374.84 , 121.70 , 4605.16 , 0.61
258.01 , 384.57 , 126.57 , 4595.43 , 0.63
258.01 , 394.31 , 136.30 , 4585.69 , 0.68
262.87 , 404.05 , 141.17 , 4575.95 , 0.71
258.01 , 408.91 , 150.91 , 4571.08 , 0.75
262.87 , 423.52 , 160.65 , 4556.48 , 0.80
262.87 , 438.12 , 175.25 , 4541.88 , 0.88
262.87 , 447.86 , 184.99 , 4532.14 , 0.92
267.74 , 467.33 , 199.59 , 4512.67 , 1.00
272.61 , 491.67 , 219.06 , 4488.33 , 1.10
277.48 , 511.14 , 233.67 , 4468.86 , 1.17
282.35 , 540.35 , 258.01 , 4439.65 , 1.29
287.21 , 569.56 , 282.35 , 4410.44 , 1.41
287.21 , 618.24 , 331.03 , 4361.76 , 1.66
296.95 , 671.79 , 374.84 , 4308.21 , 1.87
296.95 , 749.68 , 452.73 , 4230.32 , 2.26
311.55 , 847.04 , 535.48 , 4132.96 , 2.68
321.29 , 1002.82 , 681.52 , 3977.18 , 3.41
340.76 , 1285.16 , 944.40 , 3694.84 , 4.72
374.84 , 1883.93 , 1509.09 , 3096.07 , 7.55
486.80 , 4274.13 , 3787.33 , 705.87 , 18.94
491.67 , 4279.00 , 3787.33 , 701.00 , 18.94
