68.15 , 63.28 , -4.87 , 4916.72 , -0.02
107.10 , 107.10 , 0.00 , 4872.90 , 0.00
136.30 , 136.30 , 0.00 , 4843.69 , 0.00
150.91 , 155.78 , 4.87 , 4824.22 , 0.02
165.51 , 175.25 , 9.74 , 4804.75 , 0.05
170.38 , 180.12 , 9.74 , 4799.88 , 0.05
184.99 , 189.85 , 4.87 , 4790.15 , 0.02
180.12 , 189.85 , 9.74 , 4790.15 , 0.05
184.99 , 199.59 , 14.60 , 4780.41 , 0.07
184.99 , 199.59 , 14.60 , 4780.41 , 0.07
184.99 , 204.46 , 19.47 , 4775.54 , 0.10
194.72 , 204.46 , 9.74 , 4775.54 , 0.05
194.72 , 204.46 , 9.74 , 4775.54 , 0.05
194.72 , 204.46 , 9.74 , 4775.54 , 0.05
199.59 , 209.33 , 9.74 , 4770.67 , 0.05
199.59 , 214.19 , 14.60 , 4765.81 , 0.07
199.59 , 214.19 , 14.60 , 4765.81 , 0.07
194.72 , 214.19 , 19.47 , 4765.81 , 0.10
199.59 , 214.19 , 14.60 , 4765.81 , 0.07
204.46 , 219.06 , 14.60 , 4760.94 , 0.07
204.46 , 219.06 , 14.60 , 4760.94 , 0.07
199.59 , 219.06 , 19.47 , 4760.94 , 0.10
204.46 , 223.93 , 19.47 , 4756.07 , 0.10
204.46 , 219.06 , 14.60 , 4760.94 , 0.07
204.46 , 219.06 , 14.60 , 4760.94 , 0.07
204.46 , 228.80 , 24.34 , 4751.20 , 0.12
209.33 , 219.06 , 9.74 , 4760.94 , 0.05
204.46 , 223.93 , 19.47 , 4756.07 , 0.10
204.46 , 223.93 , 19.47 , 4756.07 , 0.10
204.46 , 228.80 , 24.34 , 4751.20 , 0.12
204.46 , 228.80 , 24.34 , 4751.20 , 0.12
209.33 , 228.80 , 19.47 , 4751.20 , 0.10
209.33 , 233.67 , 24.34 , 4746.33 , 0.12
209.33 , 228.80 , 19.47 , 4751.20 , 0.10
209.33 , 233.67 , 24.34 , 4746.33 , 0.12
209.33 , 233.67 , 24.34 , 4746.33 , 0.12
209.33 , 233.67 , 24.34 , 4746.33 , 0.12
204.46 , 233.67 , 29.21 , 4746.33 , 0.15
209.33 , 238.53 , 29.21 , 4741.47 , 0.15
214.19 , 233.67 , 19.47 , 4746.33 , 0.10
214.19 , 233.67 , 19.47 , 4746.33 , 0.10
209.33 , 243.40 , 34.08 , 4736.60 , 0.17
214.19 , 238.53 , 24.34 , 4741.47 , 0.12
214.19 , 233.67 , 19.47 , 4746.33 , 0.10
209.33 , 243.40 , 34.08 , 4736.60 , 0.17
209.33 , 238.53 , 29.21 , 4741.47 , 0.15
214.19 , 243.40 , 29.21 , 4736.60 , 0.15
209.33 , 243.40 , 34.08 , 4736.60 , 0.17
214.19 , 238.53 , 24.34 , 4741.47 , 0.12
214.19 , 243.40 , 29.21 , 4736.60 , 0.15
214.19 , 248.27 , 34.08 , 4731.73 , 0.17
214.19 , 238.53 , 24.34 , 4741.47 , 0.12
214.19 , 243.40 , 29.21 , 4736.60 , 0.15
214.19 , 248.27 , 34.08 , 4731.73 , 0.17
214.19 , 248.27 , 34.08 , 4731.73 , 0.17
214.19 , 248.27 , 34.08 , 4731.73 , 0.17
214.19 , 248.27 , 34.08 , 4731.73 , 0.17
214.19 , 253.14 , 38.94 , 4726.86 , 0.19
219.06 , 253.14 , 34.08 , 4726.86 , 0.17
219.06 , 253.14 , 34.08 , 4726.86 , 0.17
214.19 , 253.14 , 38.94 , 4726.86 , 0.19
219.06 , 253.14 , 34.08 , 4726.86 , 0.17
219.06 , 258.01 , 38.94 , 4721.99 , 0.19
219.06 , 258.01 , 38.94 , 4721.99 , 0.19
223.93 , 258.01 , 34.08 , 4721.99 , 0.17
223.93 , 262.87 , 38.94 , 4717.13 , 0.19
223.93 , 262.87 , 38.94 , 4717.13 , 0.19
219.06 , 262.87 , 43.81 , 4717.13 , 0.22
219.06 , 262.87 , 43.81 , 4717.13 , 0.22
219.06 , 267.74 , 48.68 , 4712.26 , 0.24
223.93 , 262.87 , 38.94 , 4717.13 , 0.19
223.93 , 262.87 , 38.94 , 4717.13 , 0.19
228.80 , 267.74 , 38.94 , 4712.26 , 0.19
223.93 , 272.61 , 48.68 , 4707.39 , 0.24
223.93 , 267.74 , 43.81 , 4712.26 , 0.22
228.80 , 272.61 , 43.81 , 4707.39 , 0.22
228.80 , 277.48 , 48.68 , 4702.52 , 0.24
228.80 , 277.48 , 48.68 , 4702.52 , 0.24
228.80 , 282.35 , 53.55 , 4697.65 , 0.27
228.80 , 277.48 , 48.68 , 4702.52 , 0.24
233.67 , 287.21 , 53.55 , 4692.79 , 0.27
233.67 , 287.21 , 53.55 , 4692.79 , 0.27
233.67 , 282.35 , 48.68 , 4697.65 , 0.24
233.67 , 287.21 , 53.55 , 4692.79 , 0.27
228.80 , 292.08 , 63.28 , 4687.92 , 0.32
238.53 , 292.08 , 53.55 , 4687.92 , 0.27
233.67 , 292.08 , 58.42 , 4687.92 , 0.29
233.67 , 296.95 , 63.28 , 4683.05 , 0.32
233.67 , 292.08 , 58.42 , 4687.92 , 0.29
233.67 , 301.82 , 68.15 , 4678.18 , 0.34
233.67 , 301.82 , 68.15 , 4678.18 , 0.34
238.53 , 306.69 , 68.15 , 4673.31 , 0.34
243.40 , 311.55 , 68.15 , 4668.45 , 0.34
238.53 , 311.55 , 73.02 , 4668.45 , 0.37
243.40 , 316.42 , 73.02 , 4663.58 , 0.37
238.53 , 321.29 , 82.76 , 4658.71 , 0.41
243.40 , 326.16 , 82.76 , 4653.84 , 0.41
248.27 , 326.16 , 77.89 , 4653.84 , 0.39
243.40 , 331.03 , 87.62 , 4648.97 , 0.44
243.40 , 335.89 , 92.49 , 4644.11 , 0.46
248.27 , 340.76 , 92.49 , 4639.24 , 0.46
248.27 , 340.76 , 92.49 , 4639.24 , 0.46
248.27 , 350.50 , 102.23 , 4629.50 , 0.51
253.14 , 355.37 , 102.23 , 4624.63 , 0.51
253.14 , 360.23 , 107.10 , 4619.77 , 0.54
258.01 , 369.97 , 111.96 , 4610.03 , 0.56
253.14 , 379.71 , 126.57 , 4600.29 , 0.63
253.14 , 384.57 , 131.44 , 4595.43 , 0.66
258.01 , 389.44 , 131.44 , 4590.56 , 0.66
258.01 , 399.18 , 141.17 , 4580.82 , 0.71
262.87 , 408.91 , 146.04 , 4571.08 , 0.73
262.87 , 428.39 , 165.51 , 4551.61 , 0.83
267.74 , 438.12 , 170.38 , 4541.88 , 0.85
267.74 , 447.86 , 180.12 , 4532.14 , 0.90
267.74 , 467.33 , 199.59 , 4512.67 , 1.00
272.61 , 491.67 , 219.06 , 4488.33 , 1.10
272.61 , 511.14 , 238.53 , 4468.86 , 1.19
277.48 , 540.35 , 262.87 , 4439.65 , 1.31
282.35 , 574.43 , 292.08 , 4405.57 , 1.46
287.21 , 618.24 , 331.03 , 4361.76 , 1.66
296.95 , 671.79 , 374.84 , 4308.21 , 1.87
306.69 , 744.81 , 438.12 , 4235.19 , 2.19
306.69 , 851.91 , 545.22 , 4128.09 , 2.73
321.29 , 1007.68 , 686.39 , 3972.32 , 3.43
335.89 , 1285.16 , 949.27 , 3694.84 , 4.75
374.84 , 1883.93 , 1509.09 , 3096.07 , 7.55
486.80 , 4279.00 , 3792.20 , 701.00 , 18.96
491.67 , 4279.00 , 3787.33 , 701.00 , 18.94
