68.15 , 68.15 , 0.00 , 4911.85 , 0.00
102.23 , 102.23 , 0.00 , 4877.77 , 0.00
136.30 , 126.57 , -9.74 , 4853.43 , -0.05
150.91 , 150.91 , 0.00 , 4829.09 , 0.00
165.51 , 170.38 , 4.87 , 4809.62 , 0.02
170.38 , 175.25 , 4.87 , 4804.75 , 0.02
175.25 , 180.12 , 4.87 , 4799.88 , 0.02
180.12 , 189.85 , 9.74 , 4790.15 , 0.05
184.99 , 194.72 , 9.74 , 4785.28 , 0.05
189.85 , 194.72 , 4.87 , 4785.28 , 0.02
184.99 , 199.59 , 14.60 , 4780.41 , 0.07
189.85 , 204.46 , 14.60 , 4775.54 , 0.07
194.72 , 204.46 , 9.74 , 4775.54 , 0.05
194.72 , 209.33 , 14.60 , 4770.67 , 0.07
131.44 , 209.33 , 77.89 , 4770.67 , 0.39
194.72 , 214.19 , 19.47 , 4765.81 , 0.10
194.72 , 209.33 , 14.60 , 4770.67 , 0.07
199.59 , 214.19 , 14.60 , 4765.81 , 0.07
204.46 , 214.19 , 9.74 , 4765.81 , 0.05
199.59 , 219.06 , 19.47 , 4760.94 , 0.10
199.59 , 219.06 , 19.47 , 4760.94 , 0.10
199.59 , 223.93 , 24.34 , 4756.07 , 0.12
204.46 , 219.06 , 14.60 , 4760.94 , 0.07
199.59 , 219.06 , 19.47 , 4760.94 , 0.10
204.46 , 223.93 , 19.47 , 4756.07 , 0.10
209.33 , 219.06 , 9.74 , 4760.94 , 0.05
204.46 , 228.80 , 24.34 , 4751.20 , 0.12
204.46 , 223.93 , 19.47 , 4756.07 , 0.10
204.46 , 223.93 , 19.47 , 4756.07 , 0.10
204.46 , 228.80 , 24.34 , 4751.20 , 0.12
204.46 , 228.80 , 24.34 , 4751.20 , 0.12
209.33 , 228.80 , 19.47 , 4751.20 , 0.10
209.33 , 228.80 , 19.47 , 4751.20 , 0.10
209.33 , 228.80 , 19.47 , 4751.20 , 0.10
209.33 , 238.53 , 29.21 , 4741.47 , 0.15
204.46 , 233.67 , 29.21 , 4746.33 , 0.15
204.46 , 228.80 , 24.34 , 4751.20 , 0.12
214.19 , 233.67 , 19.47 , 4746.33 , 0.10
209.33 , 233.67 , 24.34 , 4746.33 , 0.12
209.33 , 233.67 , 24.34 , 4746.33 , 0.12
209.33 , 233.67 , 24.34 , 4746.33 , 0.12
209.33 , 233.67 , 24.34 , 4746.33 , 0.12
209.33 , 238.53 , 29.21 , 4741.47 , 0.15
214.19 , 238.53 , 24.34 , 4741.47 , 0.12
214.19 , 233.67 , 19.47 , 4746.33 , 0.10
209.33 , 243.40 , 34.08 , 4736.60 , 0.17
209.33 , 238.53 , 29.21 , 4741.47 , 0.15
214.19 , 238.53 , 24.34 , 4741.47 , 0.12
209.33 , 238.53 , 29.21 , 4741.47 , 0.15
214.19 , 243.40 , 29.21 , 4736.60 , 0.15
219.06 , 248.27 , 29.21 , 4731.73 , 0.15
209.33 , 248.27 , 38.94 , 4731.73 , 0.19
214.19 , 248.27 , 34.08 , 4731.73 , 0.17
214.19 , 248.27 , 34.08 , 4731.73 , 0.17
214.19 , 248.27 , 34.08 , 4731.73 , 0.17
219.06 , 248.27 , 29.21 , 4731.73 , 0.15
214.19 , 253.14 , 38.94 , 4726.86 , 0.19
219.06 , 243.40 , 24.34 , 4736.60 , 0.12
214.19 , 253.14 , 38.94 , 4726.86 , 0.19
219.06 , 258.01 , 38.94 , 4721.99 , 0.19
219.06 , 253.14 , 34.08 , 4726.86 , 0.17
219.06 , 258.01 , 38.94 , 4721.99 , 0.19
219.06 , 258.01 , 38.94 , 4721.99 , 0.19
214.19 , 258.01 , 43.81 , 4721.99 , 0.22
219.06 , 258.01 , 38.94 , 4721.99 , 0.19
219.06 , 258.01 , 38.94 , 4721.99 , 0.19
223.93 , 262.87 , 38.94 , 4717.13 , 0.19
223.93 , 262.87 , 38.94 , 4717.13 , 0.19
228.80 , 262.87 , 34.08 , 4717.13 , 0.17
223.93 , 262.87 , 38.94 , 4717.13 , 0.19
228.80 , 267.74 , 38.94 , 4712.26 , 0.19
223.93 , 267.74 , 43.81 , 4712.26 , 0.22
223.93 , 267.74 , 43.81 , 4712.26 , 0.22
228.80 , 272.61 , 43.81 , 4707.39 , 0.22
223.93 , 272.61 , 48.68 , 4707.39 , 0.24
223.93 , 267.74 , 43.81 , 4712.26 , 0.22
228.80 , 272.61 , 43.81 , 4707.39 , 0.22
228.80 , 277.48 , 48.68 , 4702.52 , 0.24
228.80 , 277.48 , 48.68 , 4702.52 , 0.24
228.80 , 277.48 , 48.68 , 4702.52 , 0.24
228.80 , 282.35 , 53.55 , 4697.65 , 0.27
228.80 , 287.21 , 58.42 , 4692.79 , 0.29
228.80 , 282.35 , 53.55 , 4697.65 , 0.27
233.67 , 287.21 , 53.55 , 4692.79 , 0.27
228.80 , 292.08 , 63.28 , 4687.92 , 0.32
233.67 , 292.08 , 58.42 , 4687.92 , 0.29
238.53 , 296.95 , 58.42 , 4683.05 , 0.29
233.67 , 292.08 , 58.42 , 4687.92 , 0.29
238.53 , 301.82 , 63.28 , 4678.18 , 0.32
233.67 , 301.82 , 68.15 , 4678.18 , 0.34
233.67 , 306.69 , 73.02 , 4673.31 , 0.37
233.67 , 311.55 , 77.89 , 4668.45 , 0.39
238.53 , 311.55 , 73.02 , 4668.45 , 0.37
243.40 , 311.55 , 68.15 , 4668.45 , 0.34
243.40 , 316.42 , 73.02 , 4663.58 , 0.37
233.67 , 321.29 , 87.62 , 4658.71 , 0.44
243.40 , 321.29 , 77.89 , 4658.71 , 0.39
243.40 , 331.03 , 87.62 , 4648.97 , 0.44
248.27 , 331.03 , 82.76 , 4648.97 , 0.41
243.40 , 335.89 , 92.49 , 4644.11 , 0.46
243.40 , 340.76 , 97.36 , 4639.24 , 0.49
243.40 , 340.76 , 97.36 , 4639.24 , 0.49
248.27 , 355.37 , 107.10 , 4624.63 , 0.54
253.14 , 355.37 , 102.23 , 4624.63 , 0.51
248.27 , 360.23 , 111.96 , 4619.77 , 0.56
253.14 , 365.10 , 111.96 , 4614.90 , 0.56
258.01 , 374.84 , 116.83 , 4605.16 , 0.58
258.01 , 384.57 , 126.57 , 4595.43 , 0.63
258.01 , 389.44 , 131.44 , 4590.56 , 0.66
258.01 , 404.05 , 146.04 , 4575.95 , 0.73
258.01 , 408.91 , 150.91 , 4571.08 , 0.75
258.01 , 428.39 , 170.38 , 4551.61 , 0.85
267.74 , 433.26 , 165.51 , 4546.75 , 0.83
272.61 , 452.73 , 180.12 , 4527.27 , 0.90
272.61 , 467.33 , 194.72 , 4512.67 , 0.97
272.61 , 491.67 , 219.06 , 4488.33 , 1.10
272.61 , 511.14 , 238.53 , 4468.86 , 1.19
282.35 , 540.35 , 258.01 , 4439.65 , 1.29
287.21 , 574.43 , 287.21 , 4405.57 , 1.44
287.21 , 618.24 , 331.03 , 4361.76 , 1.66
296.95 , 671.79 , 374.84 , 4308.21 , 1.87
301.82 , 744.81 , 442.99 , 4235.19 , 2.21
311.55 , 847.04 , 535.48 , 4132.96 , 2.68
321.29 , 1007.68 , 686.39 , 3972.32 , 3.43
340.76 , 1285.16 , 944.40 , 3694.84 , 4.72
374.84 , 1883.93 , 1509.09 , 3096.07 , 7.55
486.80 , 4279.00 , 3792.20 , 701.00 , 18.96
486.80 , 4279.00 , 3792.20 , 701.00 , 18.96
