58.42 , 63.28 , 4.87 , 4916.72 , 0.02
102.23 , 102.23 , 0.00 , 4877.77 , 0.00
131.44 , 136.30 , 4.87 , 4843.69 , 0.02
146.04 , 155.78 , 9.74 , 4824.22 , 0.05
165.51 , 170.38 , 4.87 , 4809.62 , 0.02
170.38 , 180.12 , 9.74 , 4799.88 , 0.05
180.12 , 189.85 , 9.74 , 4790.15 , 0.05
180.12 , 189.85 , 9.74 , 4790.15 , 0.05
189.85 , 194.72 , 4.87 , 4785.28 , 0.02
189.85 , 199.59 , 9.74 , 4780.41 , 0.05
189.85 , 204.46 , 14.60 , 4775.54 , 0.07
194.72 , 199.59 , 4.87 , 4780.41 , 0.02
194.72 , 204.46 , 9.74 , 4775.54 , 0.05
194.72 , 204.46 , 9.74 , 4775.54 , 0.05
194.72 , 209.33 , 14.60 , 4770.67 , 0.07
194.72 , 209.33 , 14.60 , 4770.67 , 0.07
194.72 , 209.33 , 14.60 , 4770.67 , 0.07
199.59 , 219.06 , 19.47 , 4760.94 , 0.10
199.59 , 219.06 , 19.47 , 4760.94 , 0.10
199.59 , 214.19 , 14.60 , 4765.81 , 0.07
199.59 , 219.06 , 19.47 , 4760.94 , 0.10
204.46 , 219.06 , 14.60 , 4760.94 , 0.07
199.59 , 219.06 , 19.47 , 4760.94 , 0.10
199.59 , 214.19 , 14.60 , 4765.81 , 0.07
204.46 , 219.06 , 14.60 , 4760.94 , 0.07
204.46 , 223.93 , 19.47 , 4756.07 , 0.10
199.59 , 223.93 , 24.34 , 4756.07 , 0.12
204.46 , 223.93 , 19.47 , 4756.07 , 0.10
204.46 , 223.93 , 19.47 , 4756.07 , 0.10
204.46 , 228.80 , 24.34 , 4751.20 , 0.12
209.33 , 228.80 , 19.47 , 4751.20 , 0.10
204.46 , 223.93 , 19.47 , 4756.07 , 0.10
204.46 , 228.80 , 24.34 , 4751.20 , 0.12
204.46 , 223.93 , 19.47 , 4756.07 , 0.10
209.33 , 228.80 , 19.47 , 4751.20 , 0.10
209.33 , 228.80 , 19.47 , 4751.20 , 0.10
204.46 , 228.80 , 24.34 , 4751.20 , 0.12
209.33 , 228.80 , 19.47 , 4751.20 , 0.10
209.33 , 233.67 , 24.34 , 4746.33 , 0.12
209.33 , 233.67 , 24.34 , 4746.33 , 0.12
209.33 , 238.53 , 29.21 , 4741.47 , 0.15
209.33 , 238.53 , 29.21 , 4741.47 , 0.15
204.46 , 233.67 , 29.21 , 4746.33 , 0.15
209.33 , 219.06 , 9.74 , 4760.94 , 0.05
209.33 , 238.53 , 29.21 , 4741.47 , 0.15
214.19 , 238.53 , 24.34 , 4741.47 , 0.12
214.19 , 243.40 , 29.21 , 4736.60 , 0.15
209.33 , 238.53 , 29.21 , 4741.47 , 0.15
209.33 , 238.53 , 29.21 , 4741.47 , 0.15
209.33 , 243.40 , 34.08 , 4736.60 , 0.17
219.06 , 243.40 , 24.34 , 4736.60 , 0.12
214.19 , 243.40 , 29.21 , 4736.60 , 0.15
219.06 , 243.40 , 24.34 , 4736.60 , 0.12
214.19 , 248.27 , 34.08 , 4731.73 , 0.17
214.19 , 248.27 , 34.08 , 4731.73 , 0.17
219.06 , 248.27 , 29.21 , 4731.73 , 0.15
219.06 , 248.27 , 29.21 , 4731.73 , 0.15
219.06 , 248.27 , 29.21 , 4731.73 , 0.15
219.06 , 253.14 , 34.08 , 4726.86 , 0.17
219.06 , 253.14 , 34.08 , 4726.86 , 0.17
219.06 , 258.01 , 38.94 , 4721.99 , 0.19
223.93 , 253.14 , 29.21 , 4726.86 , 0.15
219.06 , 258.01 , 38.94 , 4721.99 , 0.19
219.06 , 253.14 , 34.08 , 4726.86 , 0.17
219.06 , 258.01 , 38.94 , 4721.99 , 0.19
219.06 , 262.87 , 43.81 , 4717.13 , 0.22
223.93 , 258.01 , 34.08 , 4721.99 , 0.17
223.93 , 262.87 , 38.94 , 4717.13 , 0.19
223.93 , 262.87 , 38.94 , 4717.13 , 0.19
223.93 , 262.87 , 38.94 , 4717.13 , 0.19
219.06 , 262.87 , 43.81 , 4717.13 , 0.22
219.06 , 267.74 , 48.68 , 4712.26 , 0.24
219.06 , 267.74 , 48.68 , 4712.26 , 0.24
223.93 , 267.74 , 43.81 , 4712.26 , 0.22
223.93 , 272.61 , 48.68 , 4707.39 , 0.24
223.93 , 277.48 , 53.55 , 4702.52 , 0.27
223.93 , 272.61 , 48.68 , 4707.39 , 0.24
223.93 , 262.87 , 38.94 , 4717.13 , 0.19
228.80 , 277.48 , 48.68 , 4702.52 , 0.24
228.80 , 277.48 , 48.68 , 4702.52 , 0.24
228.80 , 277.48 , 48.68 , 4702.52 , 0.24
233.67 , 282.35 , 48.68 , 4697.65 , 0.24
233.67 , 287.21 , 53.55 , 4692.79 , 0.27
228.80 , 287.21 , 58.42 , 4692.79 , 0.29
233.67 , 287.21 , 53.55 , 4692.79 , 0.27
228.80 , 287.21 , 58.42 , 4692.79 , 0.29
233.67 , 296.95 , 63.28 , 4683.05 , 0.32
233.67 , 296.95 , 63.28 , 4683.05 , 0.32
233.67 , 296.95 , 63.28 , 4683.05 , 0.32
233.67 , 301.82 , 68.15 , 4678.18 , 0.34
233.67 , 301.82 , 68.15 , 4678.18 , 0.34
238.53 , 306.69 , 68.15 , 4673.31 , 0.34
233.67 , 306.69 , 73.02 , 4673.31 , 0.37
233.67 , 311.55 , 77.89 , 4668.45 , 0.39
233.67 , 321.29 , 87.62 , 4658.71 , 0.44
243.40 , 321.29 , 77.89 , 4658.71 , 0.39
243.40 , 316.42 , 73.02 , 4663.58 , 0.37
238.53 , 331.03 , 92.49 , 4648.97 , 0.46
238.53 , 331.03 , 92.49 , 4648.97 , 0.46
243.40 , 335.89 , 92.49 , 4644.11 , 0.46
243.40 , 340.76 , 97.36 , 4639.24 , 0.49
248.27 , 345.63 , 97.36 , 4634.37 , 0.49
248.27 , 350.50 , 102.23 , 4629.50 , 0.51
248.27 , 355.37 , 107.10 , 4624.63 , 0.54
248.27 , 365.10 , 116.83 , 4614.90 , 0.58
253.14 , 365.10 , 111.96 , 4614.90 , 0.56
248.27 , 379.71 , 131.44 , 4600.29 , 0.66
253.14 , 384.57 , 131.44 , 4595.43 , 0.66
258.01 , 394.31 , 136.30 , 4585.69 , 0.68
262.87 , 404.05 , 141.17 , 4575.95 , 0.71
262.87 , 413.78 , 150.91 , 4566.22 , 0.75
258.01 , 428.39 , 170.38 , 4551.61 , 0.85
267.74 , 433.26 , 165.51 , 4546.75 , 0.83
267.74 , 447.86 , 180.12 , 4532.14 , 0.90
272.61 , 467.33 , 194.72 , 4512.67 , 0.97
272.61 , 486.80 , 214.19 , 4493.20 , 1.07
277.48 , 516.01 , 238.53 , 4463.99 , 1.19
277.48 , 535.48 , 258.01 , 4444.52 , 1.29
282.35 , 574.43 , 292.08 , 4405.57 , 1.46
287.21 , 613.37 , 326.16 , 4366.63 , 1.63
292.08 , 671.79 , 379.71 , 4308.21 , 1.90
301.82 , 744.81 , 442.99 , 4235.19 , 2.21
311.55 , 847.04 , 535.48 , 4132.96 , 2.68
321.29 , 1007.68 , 686.39 , 3972.32 , 3.43
340.76 , 1285.16 , 944.40 , 3694.84 , 4.72
369.97 , 1883.93 , 1513.96 , 3096.07 , 7.57
486.80 , 4279.00 , 3792.20 , 701.00 , 18.96
491.67 , 4279.00 , 3787.33 , 701.00 , 18.94
