68.15 , 63.28 , -4.87 , 4916.72 , -0.02
107.10 , 102.23 , -4.87 , 4877.77 , -0.02
131.44 , 136.30 , 4.87 , 4843.69 , 0.02
150.91 , 146.04 , -4.87 , 4833.96 , -0.02
160.65 , 170.38 , 9.74 , 4809.62 , 0.05
170.38 , 180.12 , 9.74 , 4799.88 , 0.05
175.25 , 184.99 , 9.74 , 4795.01 , 0.05
184.99 , 189.85 , 4.87 , 4790.15 , 0.02
184.99 , 194.72 , 9.74 , 4785.28 , 0.05
184.99 , 199.59 , 14.60 , 4780.41 , 0.07
194.72 , 204.46 , 9.74 , 4775.54 , 0.05
189.85 , 204.46 , 14.60 , 4775.54 , 0.07
189.85 , 209.33 , 19.47 , 4770.67 , 0.10
194.72 , 204.46 , 9.74 , 4775.54 , 0.05
199.59 , 209.33 , 9.74 , 4770.67 , 0.05
194.72 , 214.19 , 19.47 , 4765.81 , 0.10
189.85 , 219.06 , 29.21 , 4760.94 , 0.15
194.72 , 214.19 , 19.47 , 4765.81 , 0.10
199.59 , 219.06 , 19.47 , 4760.94 , 0.10
199.59 , 219.06 , 19.47 , 4760.94 , 0.10
199.59 , 223.93 , 24.34 , 4756.07 , 0.12
204.46 , 219.06 , 14.60 , 4760.94 , 0.07
199.59 , 219.06 , 19.47 , 4760.94 , 0.10
199.59 , 223.93 , 24.34 , 4756.07 , 0.12
199.59 , 219.06 , 19.47 , 4760.94 , 0.10
204.46 , 223.93 , 19.47 , 4756.07 , 0.10
199.59 , 223.93 , 24.34 , 4756.07 , 0.12
204.46 , 223.93 , 19.47 , 4756.07 , 0.10
204.46 , 233.67 , 29.21 , 4746.33 , 0.15
204.46 , 228.80 , 24.34 , 4751.20 , 0.12
204.46 , 204.46 , 0.00 , 4775.54 , 0.00
209.33 , 228.80 , 19.47 , 4751.20 , 0.10
204.46 , 228.80 , 24.34 , 4751.20 , 0.12
209.33 , 228.80 , 19.47 , 4751.20 , 0.10
204.46 , 233.67 , 29.21 , 4746.33 , 0.15
204.46 , 233.67 , 29.21 , 4746.33 , 0.15
209.33 , 233.67 , 24.34 , 4746.33 , 0.12
214.19 , 233.67 , 19.47 , 4746.33 , 0.10
204.46 , 238.53 , 34.08 , 4741.47 , 0.17
209.33 , 238.53 , 29.21 , 4741.47 , 0.15
209.33 , 238.53 , 29.21 , 4741.47 , 0.15
209.33 , 238.53 , 29.21 , 4741.47 , 0.15
209.33 , 238.53 , 29.21 , 4741.47 , 0.15
209.33 , 243.40 , 34.08 , 4736.60 , 0.17
209.33 , 238.53 , 29.21 , 4741.47 , 0.15
219.06 , 238.53 , 19.47 , 4741.47 , 0.10
209.33 , 238.53 , 29.21 , 4741.47 , 0.15
214.19 , 243.40 , 29.21 , 4736.60 , 0.15
209.33 , 248.27 , 38.94 , 4731.73 , 0.19
209.33 , 238.53 , 29.21 , 4741.47 , 0.15
214.19 , 248.27 , 34.08 , 4731.73 , 0.17
214.19 , 243.40 , 29.21 , 4736.60 , 0.15
214.19 , 248.27 , 34.08 , 4731.73 , 0.17
209.33 , 248.27 , 38.94 , 4731.73 , 0.19
214.19 , 248.27 , 34.08 , 4731.73 , 0.17
214.19 , 248.27 , 34.08 , 4731.73 , 0.17
219.06 , 248.27 , 29.21 , 4731.73 , 0.15
214.19 , 253.14 , 38.94 , 4726.86 , 0.19
223.93 , 248.27 , 24.34 , 4731.73 , 0.12
214.19 , 248.27 , 34.08 , 4731.73 , 0.17
214.19 , 253.14 , 38.94 , 4726.86 , 0.19
223.93 , 258.01 , 34.08 , 4721.99 , 0.17
219.06 , 258.01 , 38.94 , 4721.99 , 0.19
223.93 , 258.01 , 34.08 , 4721.99 , 0.17
219.06 , 262.87 , 43.81 , 4717.13 , 0.22
223.93 , 262.87 , 38.94 , 4717.13 , 0.19
223.93 , 262.87 , 38.94 , 4717.13 , 0.19
219.06 , 258.01 , 38.94 , 4721.99 , 0.19
219.06 , 262.87 , 43.81 , 4717.13 , 0.22
223.93 , 267.74 , 43.81 , 4712.26 , 0.22
223.93 , 267.74 , 43.81 , 4712.26 , 0.22
223.93 , 267.74 , 43.81 , 4712.26 , 0.22
223.93 , 272.61 , 48.68 , 4707.39 , 0.24
219.06 , 267.74 , 48.68 , 4712.26 , 0.24
228.80 , 277.48 , 48.68 , 4702.52 , 0.24
223.93 , 277.48 , 53.55 , 4702.52 , 0.27
223.93 , 277.48 , 53.55 , 4702.52 , 0.27
228.80 , 277.48 , 48.68 , 4702.52 , 0.24
228.80 , 277.48 , 48.68 , 4702.52 , 0.24
228.80 , 282.35 , 53.55 , 4697.65 , 0.27
233.67 , 282.35 , 48.68 , 4697.65 , 0.24
228.80 , 282.35 , 53.55 , 4697.65 , 0.27
228.80 , 287.21 , 58.42 , 4692.79 , 0.29
228.80 , 287.21 , 58.42 , 4692.79 , 0.29
228.80 , 287.21 , 58.42 , 4692.79 , 0.29
233.67 , 292.08 , 58.42 , 4687.92 , 0.29
233.67 , 292.08 , 58.42 , 4687.92 , 0.29
233.67 , 296.95 , 63.28 , 4683.05 , 0.32
233.67 , 282.35 , 48.68 , 4697.65 , 0.24
233.67 , 306.69 , 73.02 , 4673.31 , 0.37
238.53 , 301.82 , 63.28 , 4678.18 , 0.32
233.67 , 311.55 , 77.89 , 4668.45 , 0.39
238.53 , 311.55 , 73.02 , 4668.45 , 0.37
238.53 , 311.55 , 73.02 , 4668.45 , 0.37
233.67 , 311.55 , 77.89 , 4668.45 , 0.39
238.53 , 321.29 , 82.76 , 4658.71 , 0.41
248.27 , 326.16 , 77.89 , 4653.84 , 0.39
238.53 , 331.03 , 92.49 , 4648.97 , 0.46
243.40 , 331.03 , 87.62 , 4648.97 , 0.44
243.40 , 340.76 , 97.36 , 4639.24 , 0.49
253.14 , 340.76 , 87.62 , 4639.24 , 0.44
248.27 , 345.63 , 97.36 , 4634.37 , 0.49
243.40 , 350.50 , 107.10 , 4629.50 , 0.54
248.27 , 355.37 , 107.10 , 4624.63 , 0.54
248.27 , 365.10 , 116.83 , 4614.90 , 0.58
253.14 , 369.97 , 116.83 , 4610.03 , 0.58
253.14 , 374.84 , 121.70 , 4605.16 , 0.61
253.14 , 384.57 , 131.44 , 4595.43 , 0.66
258.01 , 394.31 , 136.30 , 4585.69 , 0.68
262.87 , 404.05 , 141.17 , 4575.95 , 0.71
258.01 , 413.78 , 155.78 , 4566.22 , 0.78
262.87 , 423.52 , 160.65 , 4556.48 , 0.80
267.74 , 428.39 , 160.65 , 4551.61 , 0.80
267.74 , 447.86 , 180.12 , 4532.14 , 0.90
267.74 , 467.33 , 199.59 , 4512.67 , 1.00
272.61 , 486.80 , 214.19 , 4493.20 , 1.07
272.61 , 516.01 , 243.40 , 4463.99 , 1.22
277.48 , 535.48 , 258.01 , 4444.52 , 1.29
282.35 , 574.43 , 292.08 , 4405.57 , 1.46
287.21 , 618.24 , 331.03 , 4361.76 , 1.66
292.08 , 671.79 , 379.71 , 4308.21 , 1.90
301.82 , 744.81 , 442.99 , 4235.19 , 2.21
311.55 , 851.91 , 540.35 , 4128.09 , 2.70
321.29 , 1007.68 , 686.39 , 3972.32 , 3.43
340.76 , 1285.16 , 944.40 , 3694.84 , 4.72
374.84 , 1883.93 , 1509.09 , 3096.07 , 7.55
491.67 , 4279.00 , 3787.33 , 701.00 , 18.94
486.80 , 4279.00 , 3792.20 , 701.00 , 18.96
