68.15 , 68.15 , 0.00 , 4911.85 , 0.00
107.10 , 107.10 , 0.00 , 4872.90 , 0.00
136.30 , 136.30 , 0.00 , 4843.69 , 0.00
155.78 , 155.78 , 0.00 , 4824.22 , 0.00
165.51 , 165.51 , 0.00 , 4814.49 , 0.00
175.25 , 175.25 , 0.00 , 4804.75 , 0.00
180.12 , 189.85 , 9.74 , 4790.15 , 0.05
184.99 , 189.85 , 4.87 , 4790.15 , 0.02
184.99 , 194.72 , 9.74 , 4785.28 , 0.05
184.99 , 199.59 , 14.60 , 4780.41 , 0.07
189.85 , 204.46 , 14.60 , 4775.54 , 0.07
194.72 , 199.59 , 4.87 , 4780.41 , 0.02
189.85 , 204.46 , 14.60 , 4775.54 , 0.07
194.72 , 204.46 , 9.74 , 4775.54 , 0.05
194.72 , 209.33 , 14.60 , 4770.67 , 0.07
194.72 , 209.33 , 14.60 , 4770.67 , 0.07
199.59 , 214.19 , 14.60 , 4765.81 , 0.07
199.59 , 214.19 , 14.60 , 4765.81 , 0.07
194.72 , 214.19 , 19.47 , 4765.81 , 0.10
199.59 , 214.19 , 14.60 , 4765.81 , 0.07
199.59 , 219.06 , 19.47 , 4760.94 , 0.10
199.59 , 219.06 , 19.47 , 4760.94 , 0.10
199.59 , 219.06 , 19.47 , 4760.94 , 0.10
199.59 , 223.93 , 24.34 , 4756.07 , 0.12
199.59 , 223.93 , 24.34 , 4756.07 , 0.12
204.46 , 223.93 , 19.47 , 4756.07 , 0.10
204.46 , 223.93 , 19.47 , 4756.07 , 0.10
204.46 , 223.93 , 19.47 , 4756.07 , 0.10
204.46 , 223.93 , 19.47 , 4756.07 , 0.10
204.46 , 223.93 , 19.47 , 4756.07 , 0.10
204.46 , 223.93 , 19.47 , 4756.07 , 0.10
204.46 , 228.80 , 24.34 , 4751.20 , 0.12
204.46 , 228.80 , 24.34 , 4751.20 , 0.12
209.33 , 228.80 , 19.47 , 4751.20 , 0.10
204.46 , 228.80 , 24.34 , 4751.20 , 0.12
209.33 , 233.67 , 24.34 , 4746.33 , 0.12
204.46 , 228.80 , 24.34 , 4751.20 , 0.12
204.46 , 233.67 , 29.21 , 4746.33 , 0.15
209.33 , 233.67 , 24.34 , 4746.33 , 0.12
209.33 , 233.67 , 24.34 , 4746.33 , 0.12
209.33 , 238.53 , 29.21 , 4741.47 , 0.15
204.46 , 238.53 , 34.08 , 4741.47 , 0.17
209.33 , 238.53 , 29.21 , 4741.47 , 0.15
214.19 , 238.53 , 24.34 , 4741.47 , 0.12
209.33 , 238.53 , 29.21 , 4741.47 , 0.15
209.33 , 238.53 , 29.21 , 4741.47 , 0.15
209.33 , 238.53 , 29.21 , 4741.47 , 0.15
209.33 , 238.53 , 29.21 , 4741.47 , 0.15
209.33 , 243.40 , 34.08 , 4736.60 , 0.17
214.19 , 243.40 , 29.21 , 4736.60 , 0.15
219.06 , 243.40 , 24.34 , 4736.60 , 0.12
219.06 , 243.40 , 24.34 , 4736.60 , 0.12
214.19 , 243.40 , 29.21 , 4736.60 , 0.15
214.19 , 248.27 , 34.08 , 4731.73 , 0.17
214.19 , 248.27 , 34.08 , 4731.73 , 0.17
214.19 , 243.40 , 29.21 , 4736.60 , 0.15
214.19 , 248.27 , 34.08 , 4731.73 , 0.17
219.06 , 248.27 , 29.21 , 4731.73 , 0.15
214.19 , 248.27 , 34.08 , 4731.73 , 0.17
214.19 , 253.14 , 38.94 , 4726.86 , 0.19
219.06 , 253.14 , 34.08 , 4726.86 , 0.17
223.93 , 253.14 , 29.21 , 4726.86 , 0.15
219.06 , 253.14 , 34.08 , 4726.86 , 0.17
223.93 , 258.01 , 34.08 , 4721.99 , 0.17
223.93 , 258.01 , 34.08 , 4721.99 , 0.17
219.06 , 258.01 , 38.94 , 4721.99 , 0.19
219.06 , 258.01 , 38.94 , 4721.99 , 0.19
219.06 , 262.87 , 43.81 , 4717.13 , 0.22
219.06 , 262.87 , 43.81 , 4717.13 , 0.22
219.06 , 262.87 , 43.81 , 4717.13 , 0.22
223.93 , 262.87 , 38.94 , 4717.13 , 0.19
219.06 , 262.87 , 43.81 , 4717.13 , 0.22
219.06 , 267.74 , 48.68 , 4712.26 , 0.24
223.93 , 267.74 , 43.81 , 4712.26 , 0.22
223.93 , 272.61 , 48.68 , 4707.39 , 0.24
223.93 , 272.61 , 48.68 , 4707.39 , 0.24
228.80 , 272.61 , 43.81 , 4707.39 , 0.22
223.93 , 272.61 , 48.68 , 4707.39 , 0.24
228.80 , 282.35 , 53.55 , 4697.65 , 0.27
223.93 , 282.35 , 58.42 , 4697.65 , 0.29
228.80 , 282.35 , 53.55 , 4697.65 , 0.27
228.80 , 282.35 , 53.55 , 4697.65 , 0.27
233.67 , 282.35 , 48.68 , 4697.65 , 0.24
228.80 , 287.21 , 58.42 , 4692.79 , 0.29
228.80 , 292.08 , 63.28 , 4687.92 , 0.32
233.67 , 292.08 , 58.42 , 4687.92 , 0.29
233.67 , 292.08 , 58.42 , 4687.92 , 0.29
233.67 , 296.95 , 63.28 , 4683.05 , 0.32
233.67 , 301.82 , 68.15 , 4678.18 , 0.34
233.67 , 296.95 , 63.28 , 4683.05 , 0.32
233.67 , 306.69 , 73.02 , 4673.31 , 0.37
233.67 , 306.69 , 73.02 , 4673.31 , 0.37
238.53 , 311.55 , 73.02 , 4668.45 , 0.37
238.53 , 311.55 , 73.02 , 4668.45 , 0.37
233.67 , 311.55 , 77.89 , 4668.45 , 0.39
243.40 , 316.42 , 73.02 , 4663.58 , 0.37
243.40 , 321.29 , 77.89 , 4658.71 , 0.39
238.53 , 326.16 , 87.62 , 4653.84 , 0.44
243.40 , 331.03 , 87.62 , 4648.97 , 0.44
243.40 , 335.89 , 92.49 , 4644.11 , 0.46
243.40 , 340.76 , 97.36 , 4639.24 , 0.49
243.40 , 345.63 , 102.23 , 4634.37 , 0.51
248.27 , 345.63 , 97.36 , 4634.37 , 0.49
248.27 , 355.37 , 107.10 , 4624.63 , 0.54
248.27 , 360.23 , 111.96 , 4619.77 , 0.56
253.14 , 365.10 , 111.96 , 4614.90 , 0.56
253.14 , 374.84 , 121.70 , 4605.16 , 0.61
253.14 , 384.57 , 131.44 , 4595.43 , 0.66
253.14 , 394.31 , 141.17 , 4585.69 , 0.71
258.01 , 399.18 , 141.17 , 4580.82 , 0.71
258.01 , 408.91 , 150.91 , 4571.08 , 0.75
258.01 , 418.65 , 160.65 , 4561.35 , 0.80
262.87 , 433.26 , 170.38 , 4546.75 , 0.85
262.87 , 452.73 , 189.85 , 4527.27 , 0.95
267.74 , 467.33 , 199.59 , 4512.67 , 1.00
272.61 , 486.80 , 214.19 , 4493.20 , 1.07
272.61 , 511.14 , 238.53 , 4468.86 , 1.19
277.48 , 535.48 , 258.01 , 4444.52 , 1.29
282.35 , 574.43 , 292.08 , 4405.57 , 1.46
287.21 , 618.24 , 331.03 , 4361.76 , 1.66
292.08 , 671.79 , 379.71 , 4308.21 , 1.90
296.95 , 739.94 , 442.99 , 4240.06 , 2.21
306.69 , 847.04 , 540.35 , 4132.96 , 2.70
321.29 , 1007.68 , 686.39 , 3972.32 , 3.43
340.76 , 1285.16 , 944.40 , 3694.84 , 4.72
369.97 , 1888.80 , 1518.83 , 3091.20 , 7.59
486.80 , 4308.21 , 3821.41 , 671.79 , 19.11
481.94 , 4313.08 , 3831.14 , 666.92 , 19.16
