63.28 , 63.28 , 0.00 , 4916.72 , 0.00
102.23 , 107.10 , 4.87 , 4872.90 , 0.02
131.44 , 131.44 , 0.00 , 4848.56 , 0.00
150.91 , 155.78 , 4.87 , 4824.22 , 0.02
165.51 , 170.38 , 4.87 , 4809.62 , 0.02
170.38 , 175.25 , 4.87 , 4804.75 , 0.02
175.25 , 189.85 , 14.60 , 4790.15 , 0.07
180.12 , 189.85 , 9.74 , 4790.15 , 0.05
180.12 , 194.72 , 14.60 , 4785.28 , 0.07
184.99 , 199.59 , 14.60 , 4780.41 , 0.07
184.99 , 199.59 , 14.60 , 4780.41 , 0.07
194.72 , 204.46 , 9.74 , 4775.54 , 0.05
194.72 , 204.46 , 9.74 , 4775.54 , 0.05
194.72 , 204.46 , 9.74 , 4775.54 , 0.05
194.72 , 214.19 , 19.47 , 4765.81 , 0.10
194.72 , 209.33 , 14.60 , 4770.67 , 0.07
194.72 , 209.33 , 14.60 , 4770.67 , 0.07
199.59 , 219.06 , 19.47 , 4760.94 , 0.10
199.59 , 214.19 , 14.60 , 4765.81 , 0.07
194.72 , 214.19 , 19.47 , 4765.81 , 0.10
194.72 , 199.59 , 4.87 , 4780.41 , 0.02
199.59 , 219.06 , 19.47 , 4760.94 , 0.10
199.59 , 219.06 , 19.47 , 4760.94 , 0.10
204.46 , 219.06 , 14.60 , 4760.94 , 0.07
199.59 , 219.06 , 19.47 , 4760.94 , 0.10
204.46 , 223.93 , 19.47 , 4756.07 , 0.10
204.46 , 228.80 , 24.34 , 4751.20 , 0.12
204.46 , 223.93 , 19.47 , 4756.07 , 0.10
204.46 , 223.93 , 19.47 , 4756.07 , 0.10
204.46 , 228.80 , 24.34 , 4751.20 , 0.12
204.46 , 223.93 , 19.47 , 4756.07 , 0.10
209.33 , 228.80 , 19.47 , 4751.20 , 0.10
204.46 , 228.80 , 24.34 , 4751.20 , 0.12
204.46 , 228.80 , 24.34 , 4751.20 , 0.12
214.19 , 219.06 , 4.87 , 4760.94 , 0.02
204.46 , 228.80 , 24.34 , 4751.20 , 0.12
209.33 , 233.67 , 24.34 , 4746.33 , 0.12
209.33 , 233.67 , 24.34 , 4746.33 , 0.12
209.33 , 233.67 , 24.34 , 4746.33 , 0.12
209.33 , 233.67 , 24.34 , 4746.33 , 0.12
209.33 , 238.53 , 29.21 , 4741.47 , 0.15
209.33 , 233.67 , 24.34 , 4746.33 , 0.12
209.33 , 238.53 , 29.21 , 4741.47 , 0.15
209.33 , 238.53 , 29.21 , 4741.47 , 0.15
214.19 , 238.53 , 24.34 , 4741.47 , 0.12
214.19 , 243.40 , 29.21 , 4736.60 , 0.15
209.33 , 243.40 , 34.08 , 4736.60 , 0.17
214.19 , 238.53 , 24.34 , 4741.47 , 0.12
214.19 , 243.40 , 29.21 , 4736.60 , 0.15
214.19 , 243.40 , 29.21 , 4736.60 , 0.15
214.19 , 243.40 , 29.21 , 4736.60 , 0.15
214.19 , 243.40 , 29.21 , 4736.60 , 0.15
204.46 , 243.40 , 38.94 , 4736.60 , 0.19
219.06 , 243.40 , 24.34 , 4736.60 , 0.12
214.19 , 248.27 , 34.08 , 4731.73 , 0.17
219.06 , 253.14 , 34.08 , 4726.86 , 0.17
214.19 , 243.40 , 29.21 , 4736.60 , 0.15
219.06 , 253.14 , 34.08 , 4726.86 , 0.17
219.06 , 253.14 , 34.08 , 4726.86 , 0.17
214.19 , 253.14 , 38.94 , 4726.86 , 0.19
219.06 , 258.01 , 38.94 , 4721.99 , 0.19
219.06 , 258.01 , 38.94 , 4721.99 , 0.19
214.19 , 253.14 , 38.94 , 4726.86 , 0.19
223.93 , 258.01 , 34.08 , 4721.99 , 0.17
219.06 , 258.01 , 38.94 , 4721.99 , 0.19
223.93 , 258.01 , 34.08 , 4721.99 , 0.17
219.06 , 262.87 , 43.81 , 4717.13 , 0.22
219.06 , 262.87 , 43.81 , 4717.13 , 0.22
219.06 , 262.87 , 43.81 , 4717.13 , 0.22
223.93 , 262.87 , 38.94 , 4717.13 , 0.19
223.93 , 267.74 , 43.81 , 4712.26 , 0.22
228.80 , 262.87 , 34.08 , 4717.13 , 0.17
223.93 , 272.61 , 48.68 , 4707.39 , 0.24
223.93 , 272.61 , 48.68 , 4707.39 , 0.24
223.93 , 272.61 , 48.68 , 4707.39 , 0.24
223.93 , 272.61 , 48.68 , 4707.39 , 0.24
228.80 , 272.61 , 43.81 , 4707.39 , 0.22
228.80 , 277.48 , 48.68 , 4702.52 , 0.24
223.93 , 277.48 , 53.55 , 4702.52 , 0.27
223.93 , 277.48 , 53.55 , 4702.52 , 0.27
223.93 , 282.35 , 58.42 , 4697.65 , 0.29
233.67 , 282.35 , 48.68 , 4697.65 , 0.24
233.67 , 287.21 , 53.55 , 4692.79 , 0.27
233.67 , 287.21 , 53.55 , 4692.79 , 0.27
233.67 , 292.08 , 58.42 , 4687.92 , 0.29
233.67 , 287.21 , 53.55 , 4692.79 , 0.27
233.67 , 292.08 , 58.42 , 4687.92 , 0.29
233.67 , 296.95 , 63.28 , 4683.05 , 0.32
238.53 , 296.95 , 58.42 , 4683.05 , 0.29
233.67 , 306.69 , 73.02 , 4673.31 , 0.37
233.67 , 301.82 , 68.15 , 4678.18 , 0.34
238.53 , 306.69 , 68.15 , 4673.31 , 0.34
233.67 , 311.55 , 77.89 , 4668.45 , 0.39
233.67 , 311.55 , 77.89 , 4668.45 , 0.39
243.40 , 316.42 , 73.02 , 4663.58 , 0.37
238.53 , 321.29 , 82.76 , 4658.71 , 0.41
238.53 , 321.29 , 82.76 , 4658.71 , 0.41
238.53 , 326.16 , 87.62 , 4653.84 , 0.44
248.27 , 331.03 , 82.76 , 4648.97 , 0.41
238.53 , 335.89 , 97.36 , 4644.11 , 0.49
243.40 , 340.76 , 97.36 , 4639.24 , 0.49
248.27 , 345.63 , 97.36 , 4634.37 , 0.49
253.14 , 345.63 , 92.49 , 4634.37 , 0.46
248.27 , 355.37 , 107.10 , 4624.63 , 0.54
253.14 , 360.23 , 107.10 , 4619.77 , 0.54
253.14 , 365.10 , 111.96 , 4614.90 , 0.56
253.14 , 379.71 , 126.57 , 4600.29 , 0.63
253.14 , 379.71 , 126.57 , 4600.29 , 0.63
258.01 , 389.44 , 131.44 , 4590.56 , 0.66
258.01 , 394.31 , 136.30 , 4585.69 , 0.68
258.01 , 413.78 , 155.78 , 4566.22 , 0.78
262.87 , 423.52 , 160.65 , 4556.48 , 0.80
262.87 , 433.26 , 170.38 , 4546.75 , 0.85
262.87 , 447.86 , 184.99 , 4532.14 , 0.92
272.61 , 467.33 , 194.72 , 4512.67 , 0.97
272.61 , 486.80 , 214.19 , 4493.20 , 1.07
272.61 , 511.14 , 238.53 , 4468.86 , 1.19
282.35 , 540.35 , 258.01 , 4439.65 , 1.29
282.35 , 569.56 , 287.21 , 4410.44 , 1.44
287.21 , 618.24 , 331.03 , 4361.76 , 1.66
296.95 , 671.79 , 374.84 , 4308.21 , 1.87
301.82 , 744.81 , 442.99 , 4235.19 , 2.21
311.55 , 847.04 , 535.48 , 4132.96 , 2.68
321.29 , 1007.68 , 686.39 , 3972.32 , 3.43
340.76 , 1285.16 , 944.40 , 3694.84 , 4.72
374.84 , 1883.93 , 1509.09 , 3096.07 , 7.55
491.67 , 4274.13 , 3782.46 , 705.87 , 18.91
486.80 , 4279.00 , 3792.20 , 701.00 , 18.96
