63.28 , 68.15 , 4.87 , 4911.85 , 0.02
102.23 , 97.36 , -4.87 , 4882.64 , -0.02
131.44 , 131.44 , 0.00 , 4848.56 , 0.00
155.78 , 155.78 , 0.00 , 4824.22 , 0.00
160.65 , 170.38 , 9.74 , 4809.62 , 0.05
175.25 , 175.25 , 0.00 , 4804.75 , 0.00
175.25 , 184.99 , 9.74 , 4795.01 , 0.05
180.12 , 189.85 , 9.74 , 4790.15 , 0.05
184.99 , 194.72 , 9.74 , 4785.28 , 0.05
184.99 , 199.59 , 14.60 , 4780.41 , 0.07
184.99 , 199.59 , 14.60 , 4780.41 , 0.07
189.85 , 204.46 , 14.60 , 4775.54 , 0.07
194.72 , 204.46 , 9.74 , 4775.54 , 0.05
189.85 , 204.46 , 14.60 , 4775.54 , 0.07
194.72 , 204.46 , 9.74 , 4775.54 , 0.05
194.72 , 214.19 , 19.47 , 4765.81 , 0.10
194.72 , 209.33 , 14.60 , 4770.67 , 0.07
194.72 , 214.19 , 19.47 , 4765.81 , 0.10
194.72 , 214.19 , 19.47 , 4765.81 , 0.10
194.72 , 219.06 , 24.34 , 4760.94 , 0.12
194.72 , 219.06 , 24.34 , 4760.94 , 0.12
199.59 , 214.19 , 14.60 , 4765.81 , 0.07
199.59 , 223.93 , 24.34 , 4756.07 , 0.12
199.59 , 219.06 , 19.47 , 4760.94 , 0.10
199.59 , 223.93 , 24.34 , 4756.07 , 0.12
199.59 , 223.93 , 24.34 , 4756.07 , 0.12
199.59 , 223.93 , 24.34 , 4756.07 , 0.12
204.46 , 223.93 , 19.47 , 4756.07 , 0.10
204.46 , 223.93 , 19.47 , 4756.07 , 0.10
209.33 , 228.80 , 19.47 , 4751.20 , 0.10
204.46 , 223.93 , 19.47 , 4756.07 , 0.10
204.46 , 223.93 , 19.47 , 4756.07 , 0.10
204.46 , 223.93 , 19.47 , 4756.07 , 0.10
204.46 , 223.93 , 19.47 , 4756.07 , 0.10
204.46 , 228.80 , 24.34 , 4751.20 , 0.12
209.33 , 228.80 , 19.47 , 4751.20 , 0.10
209.33 , 228.80 , 19.47 , 4751.20 , 0.10
204.46 , 233.67 , 29.21 , 4746.33 , 0.15
209.33 , 233.67 , 24.34 , 4746.33 , 0.12
209.33 , 233.67 , 24.34 , 4746.33 , 0.12
209.33 , 233.67 , 24.34 , 4746.33 , 0.12
204.46 , 233.67 , 29.21 , 4746.33 , 0.15
209.33 , 233.67 , 24.34 , 4746.33 , 0.12
204.46 , 228.80 , 24.34 , 4751.20 , 0.12
209.33 , 238.53 , 29.21 , 4741.47 , 0.15
214.19 , 243.40 , 29.21 , 4736.60 , 0.15
214.19 , 238.53 , 24.34 , 4741.47 , 0.12
209.33 , 238.53 , 29.21 , 4741.47 , 0.15
214.19 , 238.53 , 24.34 , 4741.47 , 0.12
209.33 , 243.40 , 34.08 , 4736.60 , 0.17
214.19 , 243.40 , 29.21 , 4736.60 , 0.15
214.19 , 243.40 , 29.21 , 4736.60 , 0.15
209.33 , 243.40 , 34.08 , 4736.60 , 0.17
214.19 , 248.27 , 34.08 , 4731.73 , 0.17
214.19 , 248.27 , 34.08 , 4731.73 , 0.17
214.19 , 248.27 , 34.08 , 4731.73 , 0.17
214.19 , 248.27 , 34.08 , 4731.73 , 0.17
214.19 , 248.27 , 34.08 , 4731.73 , 0.17
214.19 , 253.14 , 38.94 , 4726.86 , 0.19
219.06 , 253.14 , 34.08 , 4726.86 , 0.17
214.19 , 253.14 , 38.94 , 4726.86 , 0.19
219.06 , 253.14 , 34.08 , 4726.86 , 0.17
219.06 , 258.01 , 38.94 , 4721.99 , 0.19
219.06 , 258.01 , 38.94 , 4721.99 , 0.19
219.06 , 258.01 , 38.94 , 4721.99 , 0.19
219.06 , 258.01 , 38.94 , 4721.99 , 0.19
219.06 , 258.01 , 38.94 , 4721.99 , 0.19
219.06 , 262.87 , 43.81 , 4717.13 , 0.22
219.06 , 262.87 , 43.81 , 4717.13 , 0.22
219.06 , 262.87 , 43.81 , 4717.13 , 0.22
219.06 , 267.74 , 48.68 , 4712.26 , 0.24
223.93 , 267.74 , 43.81 , 4712.26 , 0.22
223.93 , 262.87 , 38.94 , 4717.13 , 0.19
223.93 , 267.74 , 43.81 , 4712.26 , 0.22
223.93 , 272.61 , 48.68 , 4707.39 , 0.24
223.93 , 272.61 , 48.68 , 4707.39 , 0.24
223.93 , 277.48 , 53.55 , 4702.52 , 0.27
228.80 , 277.48 , 48.68 , 4702.52 , 0.24
223.93 , 277.48 , 53.55 , 4702.52 , 0.27
228.80 , 272.61 , 43.81 , 4707.39 , 0.22
228.80 , 282.35 , 53.55 , 4697.65 , 0.27
228.80 , 277.48 , 48.68 , 4702.52 , 0.24
228.80 , 287.21 , 58.42 , 4692.79 , 0.29
228.80 , 287.21 , 58.42 , 4692.79 , 0.29
228.80 , 287.21 , 58.42 , 4692.79 , 0.29
233.67 , 292.08 , 58.42 , 4687.92 , 0.29
228.80 , 292.08 , 63.28 , 4687.92 , 0.32
233.67 , 296.95 , 63.28 , 4683.05 , 0.32
233.67 , 296.95 , 63.28 , 4683.05 , 0.32
233.67 , 301.82 , 68.15 , 4678.18 , 0.34
233.67 , 301.82 , 68.15 , 4678.18 , 0.34
238.53 , 306.69 , 68.15 , 4673.31 , 0.34
238.53 , 306.69 , 68.15 , 4673.31 , 0.34
238.53 , 316.42 , 77.89 , 4663.58 , 0.39
238.53 , 316.42 , 77.89 , 4663.58 , 0.39
243.40 , 321.29 , 77.89 , 4658.71 , 0.39
243.40 , 321.29 , 77.89 , 4658.71 , 0.39
243.40 , 326.16 , 82.76 , 4653.84 , 0.41
243.40 , 331.03 , 87.62 , 4648.97 , 0.44
243.40 , 331.03 , 87.62 , 4648.97 , 0.44
243.40 , 340.76 , 97.36 , 4639.24 , 0.49
248.27 , 340.76 , 92.49 , 4639.24 , 0.46
248.27 , 350.50 , 102.23 , 4629.50 , 0.51
248.27 , 350.50 , 102.23 , 4629.50 , 0.51
248.27 , 365.10 , 116.83 , 4614.90 , 0.58
253.14 , 365.10 , 111.96 , 4614.90 , 0.56
253.14 , 374.84 , 121.70 , 4605.16 , 0.61
253.14 , 379.71 , 126.57 , 4600.29 , 0.63
253.14 , 394.31 , 141.17 , 4585.69 , 0.71
258.01 , 399.18 , 141.17 , 4580.82 , 0.71
258.01 , 408.91 , 150.91 , 4571.08 , 0.75
258.01 , 423.52 , 165.51 , 4556.48 , 0.83
262.87 , 433.26 , 170.38 , 4546.75 , 0.85
267.74 , 447.86 , 180.12 , 4532.14 , 0.90
267.74 , 467.33 , 199.59 , 4512.67 , 1.00
267.74 , 486.80 , 219.06 , 4493.20 , 1.10
272.61 , 511.14 , 238.53 , 4468.86 , 1.19
282.35 , 535.48 , 253.14 , 4444.52 , 1.27
282.35 , 574.43 , 292.08 , 4405.57 , 1.46
292.08 , 613.37 , 321.29 , 4366.63 , 1.61
292.08 , 671.79 , 379.71 , 4308.21 , 1.90
301.82 , 739.94 , 438.12 , 4240.06 , 2.19
306.69 , 847.04 , 540.35 , 4132.96 , 2.70
321.29 , 1007.68 , 686.39 , 3972.32 , 3.43
340.76 , 1285.16 , 944.40 , 3694.84 , 4.72
374.84 , 1888.80 , 1513.96 , 3091.20 , 7.57
481.94 , 4313.08 , 3831.14 , 666.92 , 19.16
486.80 , 4308.21 , 3821.41 , 671.79 , 19.11
