68.15 , 68.15 , 0.00 , 4911.85 , 0.00
102.23 , 102.23 , 0.00 , 4877.77 , 0.00
131.44 , 126.57 , -4.87 , 4853.43 , -0.02
150.91 , 155.78 , 4.87 , 4824.22 , 0.02
165.51 , 165.51 , 0.00 , 4814.49 , 0.00
170.38 , 180.12 , 9.74 , 4799.88 , 0.05
180.12 , 184.99 , 4.87 , 4795.01 , 0.02
175.25 , 189.85 , 14.60 , 4790.15 , 0.07
180.12 , 194.72 , 14.60 , 4785.28 , 0.07
184.99 , 199.59 , 14.60 , 4780.41 , 0.07
189.85 , 199.59 , 9.74 , 4780.41 , 0.05
189.85 , 194.72 , 4.87 , 4785.28 , 0.02
189.85 , 204.46 , 14.60 , 4775.54 , 0.07
194.72 , 209.33 , 14.60 , 4770.67 , 0.07
194.72 , 214.19 , 19.47 , 4765.81 , 0.10
199.59 , 209.33 , 9.74 , 4770.67 , 0.05
194.72 , 214.19 , 19.47 , 4765.81 , 0.10
189.85 , 214.19 , 24.34 , 4765.81 , 0.12
199.59 , 214.19 , 14.60 , 4765.81 , 0.07
199.59 , 219.06 , 19.47 , 4760.94 , 0.10
199.59 , 219.06 , 19.47 , 4760.94 , 0.10
199.59 , 219.06 , 19.47 , 4760.94 , 0.10
199.59 , 223.93 , 24.34 , 4756.07 , 0.12
199.59 , 219.06 , 19.47 , 4760.94 , 0.10
199.59 , 219.06 , 19.47 , 4760.94 , 0.10
204.46 , 228.80 , 24.34 , 4751.20 , 0.12
199.59 , 223.93 , 24.34 , 4756.07 , 0.12
204.46 , 223.93 , 19.47 , 4756.07 , 0.10
204.46 , 223.93 , 19.47 , 4756.07 , 0.10
209.33 , 233.67 , 24.34 , 4746.33 , 0.12
204.46 , 223.93 , 19.47 , 4756.07 , 0.10
204.46 , 228.80 , 24.34 , 4751.20 , 0.12
204.46 , 223.93 , 19.47 , 4756.07 , 0.10
209.33 , 228.80 , 19.47 , 4751.20 , 0.10
209.33 , 233.67 , 24.34 , 4746.33 , 0.12
209.33 , 233.67 , 24.34 , 4746.33 , 0.12
209.33 , 233.67 , 24.34 , 4746.33 , 0.12
209.33 , 233.67 , 24.34 , 4746.33 , 0.12
209.33 , 233.67 , 24.34 , 4746.33 , 0.12
209.33 , 238.53 , 29.21 , 4741.47 , 0.15
214.19 , 238.53 , 24.34 , 4741.47 , 0.12
209.33 , 238.53 , 29.21 , 4741.47 , 0.15
209.33 , 243.40 , 34.08 , 4736.60 , 0.17
214.19 , 238.53 , 24.34 , 4741.47 , 0.12
209.33 , 238.53 , 29.21 , 4741.47 , 0.15
209.33 , 238.53 , 29.21 , 4741.47 , 0.15
209.33 , 238.53 , 29.21 , 4741.47 , 0.15
209.33 , 243.40 , 34.08 , 4736.60 , 0.17
219.06 , 243.40 , 24.34 , 4736.60 , 0.12
214.19 , 243.40 , 29.21 , 4736.60 , 0.15
219.06 , 243.40 , 24.34 , 4736.60 , 0.12
214.19 , 243.40 , 29.21 , 4736.60 , 0.15
214.19 , 243.40 , 29.21 , 4736.60 , 0.15
219.06 , 248.27 , 29.21 , 4731.73 , 0.15
219.06 , 243.40 , 24.34 , 4736.60 , 0.12
219.06 , 248.27 , 29.21 , 4731.73 , 0.15
219.06 , 248.27 , 29.21 , 4731.73 , 0.15
214.19 , 253.14 , 38.94 , 4726.86 , 0.19
214.19 , 253.14 , 38.94 , 4726.86 , 0.19
219.06 , 253.14 , 34.08 , 4726.86 , 0.17
219.06 , 253.14 , 34.08 , 4726.86 , 0.17
219.06 , 253.14 , 34.08 , 4726.86 , 0.17
223.93 , 258.01 , 34.08 , 4721.99 , 0.17
223.93 , 258.01 , 34.08 , 4721.99 , 0.17
219.06 , 258.01 , 38.94 , 4721.99 , 0.19
223.93 , 262.87 , 38.94 , 4717.13 , 0.19
219.06 , 258.01 , 38.94 , 4721.99 , 0.19
223.93 , 262.87 , 38.94 , 4717.13 , 0.19
223.93 , 262.87 , 38.94 , 4717.13 , 0.19
223.93 , 262.87 , 38.94 , 4717.13 , 0.19
223.93 , 262.87 , 38.94 , 4717.13 , 0.19
219.06 , 272.61 , 53.55 , 4707.39 , 0.27
228.80 , 272.61 , 43.81 , 4707.39 , 0.22
223.93 , 267.74 , 43.81 , 4712.26 , 0.22
223.93 , 277.48 , 53.55 , 4702.52 , 0.27
223.93 , 272.61 , 48.68 , 4707.39 , 0.24
228.80 , 277.48 , 48.68 , 4702.52 , 0.24
223.93 , 277.48 , 53.55 , 4702.52 , 0.27
228.80 , 277.48 , 48.68 , 4702.52 , 0.24
228.80 , 282.35 , 53.55 , 4697.65 , 0.27
223.93 , 282.35 , 58.42 , 4697.65 , 0.29
233.67 , 282.35 , 48.68 , 4697.65 , 0.24
228.80 , 287.21 , 58.42 , 4692.79 , 0.29
228.80 , 287.21 , 58.42 , 4692.79 , 0.29
228.80 , 292.08 , 63.28 , 4687.92 , 0.32
233.67 , 292.08 , 58.42 , 4687.92 , 0.29
228.80 , 296.95 , 68.15 , 4683.05 , 0.34
233.67 , 292.08 , 58.42 , 4687.92 , 0.29
238.53 , 301.82 , 63.28 , 4678.18 , 0.32
233.67 , 296.95 , 63.28 , 4683.05 , 0.32
238.53 , 306.69 , 68.15 , 4673.31 , 0.34
238.53 , 306.69 , 68.15 , 4673.31 , 0.34
238.53 , 306.69 , 68.15 , 4673.31 , 0.34
233.67 , 316.42 , 82.76 , 4663.58 , 0.41
238.53 , 321.29 , 82.76 , 4658.71 , 0.41
243.40 , 321.29 , 77.89 , 4658.71 , 0.39
243.40 , 326.16 , 82.76 , 4653.84 , 0.41
243.40 , 331.03 , 87.62 , 4648.97 , 0.44
243.40 , 331.03 , 87.62 , 4648.97 , 0.44
243.40 , 335.89 , 92.49 , 4644.11 , 0.46
248.27 , 340.76 , 92.49 , 4639.24 , 0.46
248.27 , 345.63 , 97.36 , 4634.37 , 0.49
248.27 , 350.50 , 102.23 , 4629.50 , 0.51
253.14 , 355.37 , 102.23 , 4624.63 , 0.51
253.14 , 360.23 , 107.10 , 4619.77 , 0.54
253.14 , 369.97 , 116.83 , 4610.03 , 0.58
258.01 , 374.84 , 116.83 , 4605.16 , 0.58
258.01 , 384.57 , 126.57 , 4595.43 , 0.63
258.01 , 394.31 , 136.30 , 4585.69 , 0.68
258.01 , 404.05 , 146.04 , 4575.95 , 0.73
258.01 , 408.91 , 150.91 , 4571.08 , 0.75
262.87 , 418.65 , 155.78 , 4561.35 , 0.78
262.87 , 433.26 , 170.38 , 4546.75 , 0.85
262.87 , 452.73 , 189.85 , 4527.27 , 0.95
272.61 , 472.20 , 199.59 , 4507.80 , 1.00
272.61 , 491.67 , 219.06 , 4488.33 , 1.10
272.61 , 511.14 , 238.53 , 4468.86 , 1.19
282.35 , 540.35 , 258.01 , 4439.65 , 1.29
282.35 , 574.43 , 292.08 , 4405.57 , 1.46
287.21 , 613.37 , 326.16 , 4366.63 , 1.63
292.08 , 671.79 , 379.71 , 4308.21 , 1.90
301.82 , 744.81 , 442.99 , 4235.19 , 2.21
311.55 , 847.04 , 535.48 , 4132.96 , 2.68
321.29 , 1002.82 , 681.52 , 3977.18 , 3.41
340.76 , 1280.29 , 939.53 , 3699.71 , 4.70
374.84 , 1883.93 , 1509.09 , 3096.07 , 7.55
486.80 , 4279.00 , 3792.20 , 701.00 , 18.96
481.94 , 4283.87 , 3801.94 , 696.13 , 19.01
