63.28 , 63.28 , 0.00 , 4916.72 , 0.00
102.23 , 107.10 , 4.87 , 4872.90 , 0.02
131.44 , 131.44 , 0.00 , 4848.56 , 0.00
155.78 , 150.91 , -4.87 , 4829.09 , -0.02
160.65 , 165.51 , 4.87 , 4814.49 , 0.02
170.38 , 180.12 , 9.74 , 4799.88 , 0.05
175.25 , 184.99 , 9.74 , 4795.01 , 0.05
180.12 , 189.85 , 9.74 , 4790.15 , 0.05
184.99 , 194.72 , 9.74 , 4785.28 , 0.05
184.99 , 194.72 , 9.74 , 4785.28 , 0.05
189.85 , 204.46 , 14.60 , 4775.54 , 0.07
194.72 , 199.59 , 4.87 , 4780.41 , 0.02
189.85 , 209.33 , 19.47 , 4770.67 , 0.10
194.72 , 209.33 , 14.60 , 4770.67 , 0.07
194.72 , 209.33 , 14.60 , 4770.67 , 0.07
194.72 , 214.19 , 19.47 , 4765.81 , 0.10
194.72 , 214.19 , 19.47 , 4765.81 , 0.10
194.72 , 214.19 , 19.47 , 4765.81 , 0.10
199.59 , 214.19 , 14.60 , 4765.81 , 0.07
199.59 , 219.06 , 19.47 , 4760.94 , 0.10
199.59 , 214.19 , 14.60 , 4765.81 , 0.07
194.72 , 219.06 , 24.34 , 4760.94 , 0.12
199.59 , 214.19 , 14.60 , 4765.81 , 0.07
199.59 , 219.06 , 19.47 , 4760.94 , 0.10
204.46 , 223.93 , 19.47 , 4756.07 , 0.10
199.59 , 219.06 , 19.47 , 4760.94 , 0.10
204.46 , 223.93 , 19.47 , 4756.07 , 0.10
204.46 , 223.93 , 19.47 , 4756.07 , 0.10
204.46 , 223.93 , 19.47 , 4756.07 , 0.10
204.46 , 223.93 , 19.47 , 4756.07 , 0.10
204.46 , 228.80 , 24.34 , 4751.20 , 0.12
204.46 , 228.80 , 24.34 , 4751.20 , 0.12
204.46 , 228.80 , 24.34 , 4751.20 , 0.12
209.33 , 228.80 , 19.47 , 4751.20 , 0.10
209.33 , 233.67 , 24.34 , 4746.33 , 0.12
209.33 , 228.80 , 19.47 , 4751.20 , 0.10
209.33 , 233.67 , 24.34 , 4746.33 , 0.12
209.33 , 228.80 , 19.47 , 4751.20 , 0.10
204.46 , 233.67 , 29.21 , 4746.33 , 0.15
209.33 , 233.67 , 24.34 , 4746.33 , 0.12
209.33 , 233.67 , 24.34 , 4746.33 , 0.12
209.33 , 233.67 , 24.34 , 4746.33 , 0.12
209.33 , 238.53 , 29.21 , 4741.47 , 0.15
209.33 , 233.67 , 24.34 , 4746.33 , 0.12
209.33 , 238.53 , 29.21 , 4741.47 , 0.15
209.33 , 238.53 , 29.21 , 4741.47 , 0.15
214.19 , 243.40 , 29.21 , 4736.60 , 0.15
209.33 , 238.53 , 29.21 , 4741.47 , 0.15
214.19 , 238.53 , 24.34 , 4741.47 , 0.12
214.19 , 243.40 , 29.21 , 4736.60 , 0.15
209.33 , 243.40 , 34.08 , 4736.60 , 0.17
214.19 , 248.27 , 34.08 , 4731.73 , 0.17
214.19 , 243.40 , 29.21 , 4736.60 , 0.15
214.19 , 248.27 , 34.08 , 4731.73 , 0.17
214.19 , 243.40 , 29.21 , 4736.60 , 0.15
214.19 , 248.27 , 34.08 , 4731.73 , 0.17
214.19 , 253.14 , 38.94 , 4726.86 , 0.19
214.19 , 253.14 , 38.94 , 4726.86 , 0.19
219.06 , 253.14 , 34.08 , 4726.86 , 0.17
219.06 , 253.14 , 34.08 , 4726.86 , 0.17
219.06 , 258.01 , 38.94 , 4721.99 , 0.19
214.19 , 253.14 , 38.94 , 4726.86 , 0.19
219.06 , 258.01 , 38.94 , 4721.99 , 0.19
219.06 , 262.87 , 43.81 , 4717.13 , 0.22
219.06 , 258.01 , 38.94 , 4721.99 , 0.19
219.06 , 258.01 , 38.94 , 4721.99 , 0.19
219.06 , 253.14 , 34.08 , 4726.86 , 0.17
219.06 , 258.01 , 38.94 , 4721.99 , 0.19
219.06 , 262.87 , 43.81 , 4717.13 , 0.22
219.06 , 262.87 , 43.81 , 4717.13 , 0.22
223.93 , 267.74 , 43.81 , 4712.26 , 0.22
219.06 , 267.74 , 48.68 , 4712.26 , 0.24
228.80 , 267.74 , 38.94 , 4712.26 , 0.19
219.06 , 272.61 , 53.55 , 4707.39 , 0.27
223.93 , 272.61 , 48.68 , 4707.39 , 0.24
223.93 , 272.61 , 48.68 , 4707.39 , 0.24
228.80 , 272.61 , 43.81 , 4707.39 , 0.22
223.93 , 272.61 , 48.68 , 4707.39 , 0.24
223.93 , 277.48 , 53.55 , 4702.52 , 0.27
223.93 , 277.48 , 53.55 , 4702.52 , 0.27
223.93 , 282.35 , 58.42 , 4697.65 , 0.29
223.93 , 282.35 , 58.42 , 4697.65 , 0.29
228.80 , 282.35 , 53.55 , 4697.65 , 0.27
228.80 , 287.21 , 58.42 , 4692.79 , 0.29
233.67 , 292.08 , 58.42 , 4687.92 , 0.29
233.67 , 292.08 , 58.42 , 4687.92 , 0.29
233.67 , 292.08 , 58.42 , 4687.92 , 0.29
233.67 , 292.08 , 58.42 , 4687.92 , 0.29
233.67 , 296.95 , 63.28 , 4683.05 , 0.32
233.67 , 301.82 , 68.15 , 4678.18 , 0.34
233.67 , 301.82 , 68.15 , 4678.18 , 0.34
233.67 , 301.82 , 68.15 , 4678.18 , 0.34
233.67 , 311.55 , 77.89 , 4668.45 , 0.39
233.67 , 311.55 , 77.89 , 4668.45 , 0.39
238.53 , 316.42 , 77.89 , 4663.58 , 0.39
238.53 , 316.42 , 77.89 , 4663.58 , 0.39
243.40 , 321.29 , 77.89 , 4658.71 , 0.39
243.40 , 326.16 , 82.76 , 4653.84 , 0.41
243.40 , 331.03 , 87.62 , 4648.97 , 0.44
243.40 , 335.89 , 92.49 , 4644.11 , 0.46
243.40 , 340.76 , 97.36 , 4639.24 , 0.49
243.40 , 340.76 , 97.36 , 4639.24 , 0.49
243.40 , 350.50 , 107.10 , 4629.50 , 0.54
248.27 , 355.37 , 107.10 , 4624.63 , 0.54
248.27 , 360.23 , 111.96 , 4619.77 , 0.56
248.27 , 369.97 , 121.70 , 4610.03 , 0.61
253.14 , 374.84 , 121.70 , 4605.16 , 0.61
253.14 , 384.57 , 131.44 , 4595.43 , 0.66
258.01 , 389.44 , 131.44 , 4590.56 , 0.66
258.01 , 399.18 , 141.17 , 4580.82 , 0.71
262.87 , 408.91 , 146.04 , 4571.08 , 0.73
262.87 , 418.65 , 155.78 , 4561.35 , 0.78
262.87 , 438.12 , 175.25 , 4541.88 , 0.88
262.87 , 452.73 , 189.85 , 4527.27 , 0.95
267.74 , 472.20 , 204.46 , 4507.80 , 1.02
272.61 , 491.67 , 219.06 , 4488.33 , 1.10
277.48 , 511.14 , 233.67 , 4468.86 , 1.17
277.48 , 535.48 , 258.01 , 4444.52 , 1.29
282.35 , 574.43 , 292.08 , 4405.57 , 1.46
287.21 , 613.37 , 326.16 , 4366.63 , 1.63
292.08 , 671.79 , 379.71 , 4308.21 , 1.90
296.95 , 744.81 , 447.86 , 4235.19 , 2.24
306.69 , 847.04 , 540.35 , 4132.96 , 2.70
321.29 , 1007.68 , 686.39 , 3972.32 , 3.43
335.89 , 1285.16 , 949.27 , 3694.84 , 4.75
374.84 , 1888.80 , 1513.96 , 3091.20 , 7.57
486.80 , 4313.08 , 3826.28 , 666.92 , 19.13
481.94 , 4308.21 , 3826.28 , 671.79 , 19.13
