68.15 , 63.28 , -4.87 , 4916.72 , -0.02
107.10 , 102.23 , -4.87 , 4877.77 , -0.02
131.44 , 131.44 , 0.00 , 4848.56 , 0.00
155.78 , 160.65 , 4.87 , 4819.35 , 0.02
165.51 , 175.25 , 9.74 , 4804.75 , 0.05
170.38 , 175.25 , 4.87 , 4804.75 , 0.02
175.25 , 184.99 , 9.74 , 4795.01 , 0.05
184.99 , 189.85 , 4.87 , 4790.15 , 0.02
184.99 , 194.72 , 9.74 , 4785.28 , 0.05
184.99 , 199.59 , 14.60 , 4780.41 , 0.07
189.85 , 204.46 , 14.60 , 4775.54 , 0.07
175.25 , 199.59 , 24.34 , 4780.41 , 0.12
189.85 , 204.46 , 14.60 , 4775.54 , 0.07
175.25 , 209.33 , 34.08 , 4770.67 , 0.17
194.72 , 209.33 , 14.60 , 4770.67 , 0.07
194.72 , 209.33 , 14.60 , 4770.67 , 0.07
194.72 , 189.85 , -4.87 , 4790.15 , -0.02
199.59 , 214.19 , 14.60 , 4765.81 , 0.07
194.72 , 219.06 , 24.34 , 4760.94 , 0.12
189.85 , 219.06 , 29.21 , 4760.94 , 0.15
199.59 , 214.19 , 14.60 , 4765.81 , 0.07
199.59 , 219.06 , 19.47 , 4760.94 , 0.10
199.59 , 219.06 , 19.47 , 4760.94 , 0.10
204.46 , 223.93 , 19.47 , 4756.07 , 0.10
194.72 , 223.93 , 29.21 , 4756.07 , 0.15
204.46 , 223.93 , 19.47 , 4756.07 , 0.10
204.46 , 223.93 , 19.47 , 4756.07 , 0.10
199.59 , 223.93 , 24.34 , 4756.07 , 0.12
204.46 , 223.93 , 19.47 , 4756.07 , 0.10
204.46 , 228.80 , 24.34 , 4751.20 , 0.12
209.33 , 223.93 , 14.60 , 4756.07 , 0.07
204.46 , 228.80 , 24.34 , 4751.20 , 0.12
209.33 , 228.80 , 19.47 , 4751.20 , 0.10
204.46 , 228.80 , 24.34 , 4751.20 , 0.12
209.33 , 228.80 , 19.47 , 4751.20 , 0.10
209.33 , 228.80 , 19.47 , 4751.20 , 0.10
209.33 , 233.67 , 24.34 , 4746.33 , 0.12
204.46 , 238.53 , 34.08 , 4741.47 , 0.17
209.33 , 233.67 , 24.34 , 4746.33 , 0.12
209.33 , 238.53 , 29.21 , 4741.47 , 0.15
214.19 , 233.67 , 19.47 , 4746.33 , 0.10
209.33 , 228.80 , 19.47 , 4751.20 , 0.10
214.19 , 228.80 , 14.60 , 4751.20 , 0.07
209.33 , 238.53 , 29.21 , 4741.47 , 0.15
214.19 , 243.40 , 29.21 , 4736.60 , 0.15
214.19 , 243.40 , 29.21 , 4736.60 , 0.15
214.19 , 243.40 , 29.21 , 4736.60 , 0.15
214.19 , 238.53 , 24.34 , 4741.47 , 0.12
214.19 , 238.53 , 24.34 , 4741.47 , 0.12
214.19 , 238.53 , 24.34 , 4741.47 , 0.12
214.19 , 243.40 , 29.21 , 4736.60 , 0.15
214.19 , 243.40 , 29.21 , 4736.60 , 0.15
214.19 , 243.40 , 29.21 , 4736.60 , 0.15
214.19 , 243.40 , 29.21 , 4736.60 , 0.15
214.19 , 243.40 , 29.21 , 4736.60 , 0.15
214.19 , 248.27 , 34.08 , 4731.73 , 0.17
214.19 , 248.27 , 34.08 , 4731.73 , 0.17
219.06 , 253.14 , 34.08 , 4726.86 , 0.17
214.19 , 253.14 , 38.94 , 4726.86 , 0.19
214.19 , 248.27 , 34.08 , 4731.73 , 0.17
214.19 , 253.14 , 38.94 , 4726.86 , 0.19
219.06 , 253.14 , 34.08 , 4726.86 , 0.17
219.06 , 253.14 , 34.08 , 4726.86 , 0.17
219.06 , 258.01 , 38.94 , 4721.99 , 0.19
219.06 , 258.01 , 38.94 , 4721.99 , 0.19
219.06 , 262.87 , 43.81 , 4717.13 , 0.22
219.06 , 262.87 , 43.81 , 4717.13 , 0.22
219.06 , 262.87 , 43.81 , 4717.13 , 0.22
223.93 , 262.87 , 38.94 , 4717.13 , 0.19
223.93 , 267.74 , 43.81 , 4712.26 , 0.22
219.06 , 262.87 , 43.81 , 4717.13 , 0.22
223.93 , 267.74 , 43.81 , 4712.26 , 0.22
219.06 , 267.74 , 48.68 , 4712.26 , 0.24
223.93 , 272.61 , 48.68 , 4707.39 , 0.24
223.93 , 272.61 , 48.68 , 4707.39 , 0.24
223.93 , 272.61 , 48.68 , 4707.39 , 0.24
228.80 , 272.61 , 43.81 , 4707.39 , 0.22
223.93 , 272.61 , 48.68 , 4707.39 , 0.24
228.80 , 282.35 , 53.55 , 4697.65 , 0.27
228.80 , 277.48 , 48.68 , 4702.52 , 0.24
228.80 , 282.35 , 53.55 , 4697.65 , 0.27
228.80 , 282.35 , 53.55 , 4697.65 , 0.27
228.80 , 282.35 , 53.55 , 4697.65 , 0.27
228.80 , 287.21 , 58.42 , 4692.79 , 0.29
233.67 , 287.21 , 53.55 , 4692.79 , 0.27
233.67 , 292.08 , 58.42 , 4687.92 , 0.29
233.67 , 292.08 , 58.42 , 4687.92 , 0.29
233.67 , 292.08 , 58.42 , 4687.92 , 0.29
233.67 , 296.95 , 63.28 , 4683.05 , 0.32
238.53 , 301.82 , 63.28 , 4678.18 , 0.32
233.67 , 301.82 , 68.15 , 4678.18 , 0.34
233.67 , 301.82 , 68.15 , 4678.18 , 0.34
238.53 , 311.55 , 73.02 , 4668.45 , 0.37
238.53 , 311.55 , 73.02 , 4668.45 , 0.37
238.53 , 316.42 , 77.89 , 4663.58 , 0.39
238.53 , 316.42 , 77.89 , 4663.58 , 0.39
243.40 , 321.29 , 77.89 , 4658.71 , 0.39
238.53 , 326.16 , 87.62 , 4653.84 , 0.44
248.27 , 331.03 , 82.76 , 4648.97 , 0.41
243.40 , 335.89 , 92.49 , 4644.11 , 0.46
243.40 , 335.89 , 92.49 , 4644.11 , 0.46
243.40 , 340.76 , 97.36 , 4639.24 , 0.49
243.40 , 345.63 , 102.23 , 4634.37 , 0.51
248.27 , 345.63 , 97.36 , 4634.37 , 0.49
248.27 , 360.23 , 111.96 , 4619.77 , 0.56
253.14 , 365.10 , 111.96 , 4614.90 , 0.56
258.01 , 374.84 , 116.83 , 4605.16 , 0.58
253.14 , 379.71 , 126.57 , 4600.29 , 0.63
253.14 , 389.44 , 136.30 , 4590.56 , 0.68
258.01 , 399.18 , 141.17 , 4580.82 , 0.71
258.01 , 408.91 , 150.91 , 4571.08 , 0.75
262.87 , 418.65 , 155.78 , 4561.35 , 0.78
267.74 , 438.12 , 170.38 , 4541.88 , 0.85
272.61 , 447.86 , 175.25 , 4532.14 , 0.88
267.74 , 467.33 , 199.59 , 4512.67 , 1.00
272.61 , 486.80 , 214.19 , 4493.20 , 1.07
272.61 , 511.14 , 238.53 , 4468.86 , 1.19
277.48 , 535.48 , 258.01 , 4444.52 , 1.29
282.35 , 574.43 , 292.08 , 4405.57 , 1.46
292.08 , 613.37 , 321.29 , 4366.63 , 1.61
292.08 , 671.79 , 379.71 , 4308.21 , 1.90
301.82 , 744.81 , 442.99 , 4235.19 , 2.21
311.55 , 851.91 , 540.35 , 4128.09 , 2.70
316.42 , 1007.68 , 691.26 , 3972.32 , 3.46
340.76 , 1280.29 , 939.53 , 3699.71 , 4.70
374.84 , 1883.93 , 1509.09 , 3096.07 , 7.55
486.80 , 4274.13 , 3787.33 , 705.87 , 18.94
481.94 , 4274.13 , 3792.20 , 705.87 , 18.96
