68.15 , 68.15 , 0.00 , 4911.85 , 0.00
107.10 , 107.10 , 0.00 , 4872.90 , 0.00
131.44 , 131.44 , 0.00 , 4848.56 , 0.00
150.91 , 155.78 , 4.87 , 4824.22 , 0.02
165.51 , 170.38 , 4.87 , 4809.62 , 0.02
175.25 , 180.12 , 4.87 , 4799.88 , 0.02
175.25 , 189.85 , 14.60 , 4790.15 , 0.07
184.99 , 189.85 , 4.87 , 4790.15 , 0.02
189.85 , 194.72 , 4.87 , 4785.28 , 0.02
189.85 , 194.72 , 4.87 , 4785.28 , 0.02
184.99 , 204.46 , 19.47 , 4775.54 , 0.10
194.72 , 204.46 , 9.74 , 4775.54 , 0.05
189.85 , 209.33 , 19.47 , 4770.67 , 0.10
194.72 , 209.33 , 14.60 , 4770.67 , 0.07
199.59 , 209.33 , 9.74 , 4770.67 , 0.05
199.59 , 214.19 , 14.60 , 4765.81 , 0.07
199.59 , 209.33 , 9.74 , 4770.67 , 0.05
194.72 , 219.06 , 24.34 , 4760.94 , 0.12
194.72 , 219.06 , 24.34 , 4760.94 , 0.12
199.59 , 184.99 , -14.60 , 4795.01 , -0.07
199.59 , 214.19 , 14.60 , 4765.81 , 0.07
199.59 , 214.19 , 14.60 , 4765.81 , 0.07
194.72 , 223.93 , 29.21 , 4756.07 , 0.15
199.59 , 219.06 , 19.47 , 4760.94 , 0.10
204.46 , 223.93 , 19.47 , 4756.07 , 0.10
204.46 , 223.93 , 19.47 , 4756.07 , 0.10
199.59 , 228.80 , 29.21 , 4751.20 , 0.15
209.33 , 223.93 , 14.60 , 4756.07 , 0.07
204.46 , 219.06 , 14.60 , 4760.94 , 0.07
204.46 , 228.80 , 24.34 , 4751.20 , 0.12
209.33 , 228.80 , 19.47 , 4751.20 , 0.10
204.46 , 223.93 , 19.47 , 4756.07 , 0.10
214.19 , 228.80 , 14.60 , 4751.20 , 0.07
204.46 , 223.93 , 19.47 , 4756.07 , 0.10
204.46 , 233.67 , 29.21 , 4746.33 , 0.15
199.59 , 228.80 , 29.21 , 4751.20 , 0.15
209.33 , 233.67 , 24.34 , 4746.33 , 0.12
209.33 , 233.67 , 24.34 , 4746.33 , 0.12
209.33 , 233.67 , 24.34 , 4746.33 , 0.12
209.33 , 238.53 , 29.21 , 4741.47 , 0.15
209.33 , 238.53 , 29.21 , 4741.47 , 0.15
209.33 , 233.67 , 24.34 , 4746.33 , 0.12
214.19 , 238.53 , 24.34 , 4741.47 , 0.12
209.33 , 238.53 , 29.21 , 4741.47 , 0.15
214.19 , 243.40 , 29.21 , 4736.60 , 0.15
214.19 , 243.40 , 29.21 , 4736.60 , 0.15
209.33 , 243.40 , 34.08 , 4736.60 , 0.17
214.19 , 243.40 , 29.21 , 4736.60 , 0.15
214.19 , 243.40 , 29.21 , 4736.60 , 0.15
209.33 , 243.40 , 34.08 , 4736.60 , 0.17
219.06 , 243.40 , 24.34 , 4736.60 , 0.12
214.19 , 243.40 , 29.21 , 4736.60 , 0.15
214.19 , 243.40 , 29.21 , 4736.60 , 0.15
219.06 , 253.14 , 34.08 , 4726.86 , 0.17
219.06 , 243.40 , 24.34 , 4736.60 , 0.12
214.19 , 253.14 , 38.94 , 4726.86 , 0.19
223.93 , 248.27 , 24.34 , 4731.73 , 0.12
214.19 , 248.27 , 34.08 , 4731.73 , 0.17
219.06 , 253.14 , 34.08 , 4726.86 , 0.17
219.06 , 258.01 , 38.94 , 4721.99 , 0.19
219.06 , 258.01 , 38.94 , 4721.99 , 0.19
214.19 , 253.14 , 38.94 , 4726.86 , 0.19
223.93 , 262.87 , 38.94 , 4717.13 , 0.19
223.93 , 253.14 , 29.21 , 4726.86 , 0.15
219.06 , 262.87 , 43.81 , 4717.13 , 0.22
219.06 , 262.87 , 43.81 , 4717.13 , 0.22
223.93 , 258.01 , 34.08 , 4721.99 , 0.17
223.93 , 267.74 , 43.81 , 4712.26 , 0.22
219.06 , 262.87 , 43.81 , 4717.13 , 0.22
223.93 , 262.87 , 38.94 , 4717.13 , 0.19
223.93 , 267.74 , 43.81 , 4712.26 , 0.22
228.80 , 262.87 , 34.08 , 4717.13 , 0.17
228.80 , 272.61 , 43.81 , 4707.39 , 0.22
223.93 , 267.74 , 43.81 , 4712.26 , 0.22
223.93 , 267.74 , 43.81 , 4712.26 , 0.22
223.93 , 277.48 , 53.55 , 4702.52 , 0.27
228.80 , 277.48 , 48.68 , 4702.52 , 0.24
228.80 , 277.48 , 48.68 , 4702.52 , 0.24
228.80 , 277.48 , 48.68 , 4702.52 , 0.24
223.93 , 282.35 , 58.42 , 4697.65 , 0.29
228.80 , 282.35 , 53.55 , 4697.65 , 0.27
228.80 , 282.35 , 53.55 , 4697.65 , 0.27
233.67 , 287.21 , 53.55 , 4692.79 , 0.27
233.67 , 287.21 , 53.55 , 4692.79 , 0.27
233.67 , 292.08 , 58.42 , 4687.92 , 0.29
228.80 , 296.95 , 68.15 , 4683.05 , 0.34
233.67 , 292.08 , 58.42 , 4687.92 , 0.29
233.67 , 296.95 , 63.28 , 4683.05 , 0.32
233.67 , 301.82 , 68.15 , 4678.18 , 0.34
233.67 , 301.82 , 68.15 , 4678.18 , 0.34
238.53 , 306.69 , 68.15 , 4673.31 , 0.34
233.67 , 301.82 , 68.15 , 4678.18 , 0.34
238.53 , 311.55 , 73.02 , 4668.45 , 0.37
233.67 , 311.55 , 77.89 , 4668.45 , 0.39
238.53 , 321.29 , 82.76 , 4658.71 , 0.41
238.53 , 321.29 , 82.76 , 4658.71 , 0.41
238.53 , 326.16 , 87.62 , 4653.84 , 0.44
243.40 , 331.03 , 87.62 , 4648.97 , 0.44
238.53 , 331.03 , 92.49 , 4648.97 , 0.46
243.40 , 335.89 , 92.49 , 4644.11 , 0.46
243.40 , 340.76 , 97.36 , 4639.24 , 0.49
243.40 , 345.63 , 102.23 , 4634.37 , 0.51
248.27 , 350.50 , 102.23 , 4629.50 , 0.51
253.14 , 355.37 , 102.23 , 4624.63 , 0.51
248.27 , 360.23 , 111.96 , 4619.77 , 0.56
253.14 , 369.97 , 116.83 , 4610.03 , 0.58
258.01 , 374.84 , 116.83 , 4605.16 , 0.58
258.01 , 384.57 , 126.57 , 4595.43 , 0.63
258.01 , 389.44 , 131.44 , 4590.56 , 0.66
262.87 , 404.05 , 141.17 , 4575.95 , 0.71
262.87 , 408.91 , 146.04 , 4571.08 , 0.73
258.01 , 418.65 , 160.65 , 4561.35 , 0.80
267.74 , 438.12 , 170.38 , 4541.88 , 0.85
267.74 , 452.73 , 184.99 , 4527.27 , 0.92
267.74 , 467.33 , 199.59 , 4512.67 , 1.00
272.61 , 491.67 , 219.06 , 4488.33 , 1.10
272.61 , 511.14 , 238.53 , 4468.86 , 1.19
287.21 , 540.35 , 253.14 , 4439.65 , 1.27
282.35 , 569.56 , 287.21 , 4410.44 , 1.44
292.08 , 623.11 , 331.03 , 4356.89 , 1.66
296.95 , 676.66 , 379.71 , 4303.34 , 1.90
301.82 , 744.81 , 442.99 , 4235.19 , 2.21
311.55 , 847.04 , 535.48 , 4132.96 , 2.68
321.29 , 1007.68 , 686.39 , 3972.32 , 3.43
340.76 , 1285.16 , 944.40 , 3694.84 , 4.72
379.71 , 1888.80 , 1509.09 , 3091.20 , 7.55
491.67 , 4279.00 , 3787.33 , 701.00 , 18.94
491.67 , 4279.00 , 3787.33 , 701.00 , 18.94
