68.15 , 63.28 , -4.87 , 4916.72 , -0.02
107.10 , 107.10 , 0.00 , 4872.90 , 0.00
126.57 , 136.30 , 9.74 , 4843.69 , 0.05
150.91 , 155.78 , 4.87 , 4824.22 , 0.02
165.51 , 175.25 , 9.74 , 4804.75 , 0.05
175.25 , 180.12 , 4.87 , 4799.88 , 0.02
180.12 , 189.85 , 9.74 , 4790.15 , 0.05
184.99 , 194.72 , 9.74 , 4785.28 , 0.05
184.99 , 194.72 , 9.74 , 4785.28 , 0.05
184.99 , 199.59 , 14.60 , 4780.41 , 0.07
194.72 , 199.59 , 4.87 , 4780.41 , 0.02
194.72 , 204.46 , 9.74 , 4775.54 , 0.05
194.72 , 214.19 , 19.47 , 4765.81 , 0.10
194.72 , 209.33 , 14.60 , 4770.67 , 0.07
194.72 , 209.33 , 14.60 , 4770.67 , 0.07
194.72 , 214.19 , 19.47 , 4765.81 , 0.10
194.72 , 214.19 , 19.47 , 4765.81 , 0.10
199.59 , 209.33 , 9.74 , 4770.67 , 0.05
194.72 , 219.06 , 24.34 , 4760.94 , 0.12
194.72 , 219.06 , 24.34 , 4760.94 , 0.12
199.59 , 219.06 , 19.47 , 4760.94 , 0.10
204.46 , 214.19 , 9.74 , 4765.81 , 0.05
199.59 , 219.06 , 19.47 , 4760.94 , 0.10
199.59 , 223.93 , 24.34 , 4756.07 , 0.12
199.59 , 223.93 , 24.34 , 4756.07 , 0.12
194.72 , 223.93 , 29.21 , 4756.07 , 0.15
204.46 , 223.93 , 19.47 , 4756.07 , 0.10
209.33 , 223.93 , 14.60 , 4756.07 , 0.07
209.33 , 223.93 , 14.60 , 4756.07 , 0.07
204.46 , 228.80 , 24.34 , 4751.20 , 0.12
204.46 , 228.80 , 24.34 , 4751.20 , 0.12
204.46 , 223.93 , 19.47 , 4756.07 , 0.10
209.33 , 228.80 , 19.47 , 4751.20 , 0.10
204.46 , 223.93 , 19.47 , 4756.07 , 0.10
209.33 , 233.67 , 24.34 , 4746.33 , 0.12
204.46 , 233.67 , 29.21 , 4746.33 , 0.15
209.33 , 233.67 , 24.34 , 4746.33 , 0.12
209.33 , 233.67 , 24.34 , 4746.33 , 0.12
209.33 , 233.67 , 24.34 , 4746.33 , 0.12
204.46 , 233.67 , 29.21 , 4746.33 , 0.15
209.33 , 238.53 , 29.21 , 4741.47 , 0.15
209.33 , 238.53 , 29.21 , 4741.47 , 0.15
209.33 , 238.53 , 29.21 , 4741.47 , 0.15
214.19 , 238.53 , 24.34 , 4741.47 , 0.12
209.33 , 243.40 , 34.08 , 4736.60 , 0.17
214.19 , 238.53 , 24.34 , 4741.47 , 0.12
214.19 , 238.53 , 24.34 , 4741.47 , 0.12
214.19 , 243.40 , 29.21 , 4736.60 , 0.15
214.19 , 248.27 , 34.08 , 4731.73 , 0.17
214.19 , 243.40 , 29.21 , 4736.60 , 0.15
214.19 , 243.40 , 29.21 , 4736.60 , 0.15
214.19 , 248.27 , 34.08 , 4731.73 , 0.17
219.06 , 243.40 , 24.34 , 4736.60 , 0.12
214.19 , 248.27 , 34.08 , 4731.73 , 0.17
219.06 , 248.27 , 29.21 , 4731.73 , 0.15
219.06 , 253.14 , 34.08 , 4726.86 , 0.17
214.19 , 253.14 , 38.94 , 4726.86 , 0.19
214.19 , 253.14 , 38.94 , 4726.86 , 0.19
219.06 , 253.14 , 34.08 , 4726.86 , 0.17
219.06 , 253.14 , 34.08 , 4726.86 , 0.17
214.19 , 253.14 , 38.94 , 4726.86 , 0.19
219.06 , 253.14 , 34.08 , 4726.86 , 0.17
223.93 , 258.01 , 34.08 , 4721.99 , 0.17
223.93 , 258.01 , 34.08 , 4721.99 , 0.17
223.93 , 258.01 , 34.08 , 4721.99 , 0.17
223.93 , 262.87 , 38.94 , 4717.13 , 0.19
223.93 , 258.01 , 34.08 , 4721.99 , 0.17
223.93 , 267.74 , 43.81 , 4712.26 , 0.22
223.93 , 262.87 , 38.94 , 4717.13 , 0.19
223.93 , 262.87 , 38.94 , 4717.13 , 0.19
223.93 , 262.87 , 38.94 , 4717.13 , 0.19
223.93 , 267.74 , 43.81 , 4712.26 , 0.22
223.93 , 272.61 , 48.68 , 4707.39 , 0.24
228.80 , 267.74 , 38.94 , 4712.26 , 0.19
228.80 , 272.61 , 43.81 , 4707.39 , 0.22
228.80 , 272.61 , 43.81 , 4707.39 , 0.22
223.93 , 282.35 , 58.42 , 4697.65 , 0.29
223.93 , 277.48 , 53.55 , 4702.52 , 0.27
228.80 , 277.48 , 48.68 , 4702.52 , 0.24
223.93 , 277.48 , 53.55 , 4702.52 , 0.27
228.80 , 282.35 , 53.55 , 4697.65 , 0.27
228.80 , 282.35 , 53.55 , 4697.65 , 0.27
228.80 , 287.21 , 58.42 , 4692.79 , 0.29
233.67 , 292.08 , 58.42 , 4687.92 , 0.29
228.80 , 292.08 , 63.28 , 4687.92 , 0.32
233.67 , 292.08 , 58.42 , 4687.92 , 0.29
228.80 , 296.95 , 68.15 , 4683.05 , 0.34
233.67 , 292.08 , 58.42 , 4687.92 , 0.29
233.67 , 296.95 , 63.28 , 4683.05 , 0.32
238.53 , 301.82 , 63.28 , 4678.18 , 0.32
233.67 , 306.69 , 73.02 , 4673.31 , 0.37
238.53 , 311.55 , 73.02 , 4668.45 , 0.37
238.53 , 306.69 , 68.15 , 4673.31 , 0.34
243.40 , 311.55 , 68.15 , 4668.45 , 0.34
238.53 , 311.55 , 73.02 , 4668.45 , 0.37
238.53 , 316.42 , 77.89 , 4663.58 , 0.39
248.27 , 326.16 , 77.89 , 4653.84 , 0.39
243.40 , 326.16 , 82.76 , 4653.84 , 0.41
248.27 , 331.03 , 82.76 , 4648.97 , 0.41
243.40 , 335.89 , 92.49 , 4644.11 , 0.46
243.40 , 340.76 , 97.36 , 4639.24 , 0.49
243.40 , 345.63 , 102.23 , 4634.37 , 0.51
253.14 , 350.50 , 97.36 , 4629.50 , 0.49
248.27 , 355.37 , 107.10 , 4624.63 , 0.54
253.14 , 360.23 , 107.10 , 4619.77 , 0.54
248.27 , 369.97 , 121.70 , 4610.03 , 0.61
258.01 , 374.84 , 116.83 , 4605.16 , 0.58
253.14 , 384.57 , 131.44 , 4595.43 , 0.66
258.01 , 389.44 , 131.44 , 4590.56 , 0.66
262.87 , 404.05 , 141.17 , 4575.95 , 0.71
262.87 , 413.78 , 150.91 , 4566.22 , 0.75
262.87 , 423.52 , 160.65 , 4556.48 , 0.80
267.74 , 433.26 , 165.51 , 4546.75 , 0.83
267.74 , 447.86 , 180.12 , 4532.14 , 0.90
272.61 , 467.33 , 194.72 , 4512.67 , 0.97
272.61 , 486.80 , 214.19 , 4493.20 , 1.07
277.48 , 511.14 , 233.67 , 4468.86 , 1.17
282.35 , 535.48 , 253.14 , 4444.52 , 1.27
282.35 , 569.56 , 287.21 , 4410.44 , 1.44
292.08 , 623.11 , 331.03 , 4356.89 , 1.66
296.95 , 676.66 , 379.71 , 4303.34 , 1.90
301.82 , 744.81 , 442.99 , 4235.19 , 2.21
311.55 , 851.91 , 540.35 , 4128.09 , 2.70
321.29 , 1007.68 , 686.39 , 3972.32 , 3.43
340.76 , 1285.16 , 944.40 , 3694.84 , 4.72
369.97 , 1883.93 , 1513.96 , 3096.07 , 7.57
491.67 , 4279.00 , 3787.33 , 701.00 , 18.94
486.80 , 4279.00 , 3792.20 , 701.00 , 18.96
