68.15 , 63.28 , -4.87 , 4916.72 , -0.02
107.10 , 107.10 , 0.00 , 4872.90 , 0.00
131.44 , 131.44 , 0.00 , 4848.56 , 0.00
150.91 , 155.78 , 4.87 , 4824.22 , 0.02
165.51 , 170.38 , 4.87 , 4809.62 , 0.02
170.38 , 175.25 , 4.87 , 4804.75 , 0.02
180.12 , 184.99 , 4.87 , 4795.01 , 0.02
180.12 , 194.72 , 14.60 , 4785.28 , 0.07
184.99 , 194.72 , 9.74 , 4785.28 , 0.05
189.85 , 199.59 , 9.74 , 4780.41 , 0.05
180.12 , 204.46 , 24.34 , 4775.54 , 0.12
189.85 , 204.46 , 14.60 , 4775.54 , 0.07
194.72 , 204.46 , 9.74 , 4775.54 , 0.05
189.85 , 209.33 , 19.47 , 4770.67 , 0.10
194.72 , 209.33 , 14.60 , 4770.67 , 0.07
199.59 , 209.33 , 9.74 , 4770.67 , 0.05
204.46 , 209.33 , 4.87 , 4770.67 , 0.02
194.72 , 214.19 , 19.47 , 4765.81 , 0.10
194.72 , 219.06 , 24.34 , 4760.94 , 0.12
194.72 , 223.93 , 29.21 , 4756.07 , 0.15
199.59 , 219.06 , 19.47 , 4760.94 , 0.10
199.59 , 223.93 , 24.34 , 4756.07 , 0.12
204.46 , 219.06 , 14.60 , 4760.94 , 0.07
199.59 , 219.06 , 19.47 , 4760.94 , 0.10
204.46 , 223.93 , 19.47 , 4756.07 , 0.10
199.59 , 223.93 , 24.34 , 4756.07 , 0.12
204.46 , 223.93 , 19.47 , 4756.07 , 0.10
199.59 , 223.93 , 24.34 , 4756.07 , 0.12
204.46 , 228.80 , 24.34 , 4751.20 , 0.12
209.33 , 223.93 , 14.60 , 4756.07 , 0.07
204.46 , 228.80 , 24.34 , 4751.20 , 0.12
204.46 , 228.80 , 24.34 , 4751.20 , 0.12
204.46 , 228.80 , 24.34 , 4751.20 , 0.12
214.19 , 228.80 , 14.60 , 4751.20 , 0.07
209.33 , 228.80 , 19.47 , 4751.20 , 0.10
214.19 , 233.67 , 19.47 , 4746.33 , 0.10
209.33 , 233.67 , 24.34 , 4746.33 , 0.12
209.33 , 228.80 , 19.47 , 4751.20 , 0.10
204.46 , 233.67 , 29.21 , 4746.33 , 0.15
209.33 , 233.67 , 24.34 , 4746.33 , 0.12
209.33 , 238.53 , 29.21 , 4741.47 , 0.15
209.33 , 238.53 , 29.21 , 4741.47 , 0.15
209.33 , 233.67 , 24.34 , 4746.33 , 0.12
214.19 , 238.53 , 24.34 , 4741.47 , 0.12
214.19 , 238.53 , 24.34 , 4741.47 , 0.12
209.33 , 238.53 , 29.21 , 4741.47 , 0.15
214.19 , 243.40 , 29.21 , 4736.60 , 0.15
209.33 , 238.53 , 29.21 , 4741.47 , 0.15
214.19 , 243.40 , 29.21 , 4736.60 , 0.15
214.19 , 243.40 , 29.21 , 4736.60 , 0.15
214.19 , 243.40 , 29.21 , 4736.60 , 0.15
214.19 , 243.40 , 29.21 , 4736.60 , 0.15
219.06 , 243.40 , 24.34 , 4736.60 , 0.12
214.19 , 248.27 , 34.08 , 4731.73 , 0.17
209.33 , 253.14 , 43.81 , 4726.86 , 0.22
219.06 , 248.27 , 29.21 , 4731.73 , 0.15
214.19 , 248.27 , 34.08 , 4731.73 , 0.17
214.19 , 248.27 , 34.08 , 4731.73 , 0.17
219.06 , 253.14 , 34.08 , 4726.86 , 0.17
219.06 , 253.14 , 34.08 , 4726.86 , 0.17
223.93 , 253.14 , 29.21 , 4726.86 , 0.15
223.93 , 258.01 , 34.08 , 4721.99 , 0.17
219.06 , 258.01 , 38.94 , 4721.99 , 0.19
219.06 , 258.01 , 38.94 , 4721.99 , 0.19
223.93 , 262.87 , 38.94 , 4717.13 , 0.19
223.93 , 262.87 , 38.94 , 4717.13 , 0.19
219.06 , 262.87 , 43.81 , 4717.13 , 0.22
223.93 , 262.87 , 38.94 , 4717.13 , 0.19
219.06 , 262.87 , 43.81 , 4717.13 , 0.22
219.06 , 262.87 , 43.81 , 4717.13 , 0.22
223.93 , 267.74 , 43.81 , 4712.26 , 0.22
219.06 , 267.74 , 48.68 , 4712.26 , 0.24
223.93 , 272.61 , 48.68 , 4707.39 , 0.24
223.93 , 272.61 , 48.68 , 4707.39 , 0.24
223.93 , 272.61 , 48.68 , 4707.39 , 0.24
223.93 , 267.74 , 43.81 , 4712.26 , 0.22
228.80 , 272.61 , 43.81 , 4707.39 , 0.22
228.80 , 277.48 , 48.68 , 4702.52 , 0.24
223.93 , 277.48 , 53.55 , 4702.52 , 0.27
228.80 , 277.48 , 48.68 , 4702.52 , 0.24
228.80 , 282.35 , 53.55 , 4697.65 , 0.27
228.80 , 287.21 , 58.42 , 4692.79 , 0.29
233.67 , 287.21 , 53.55 , 4692.79 , 0.27
233.67 , 287.21 , 53.55 , 4692.79 , 0.27
233.67 , 287.21 , 53.55 , 4692.79 , 0.27
228.80 , 292.08 , 63.28 , 4687.92 , 0.32
238.53 , 296.95 , 58.42 , 4683.05 , 0.29
238.53 , 296.95 , 58.42 , 4683.05 , 0.29
233.67 , 301.82 , 68.15 , 4678.18 , 0.34
233.67 , 301.82 , 68.15 , 4678.18 , 0.34
233.67 , 306.69 , 73.02 , 4673.31 , 0.37
233.67 , 306.69 , 73.02 , 4673.31 , 0.37
233.67 , 311.55 , 77.89 , 4668.45 , 0.39
243.40 , 311.55 , 68.15 , 4668.45 , 0.34
243.40 , 316.42 , 73.02 , 4663.58 , 0.37
238.53 , 321.29 , 82.76 , 4658.71 , 0.41
243.40 , 321.29 , 77.89 , 4658.71 , 0.39
248.27 , 331.03 , 82.76 , 4648.97 , 0.41
238.53 , 331.03 , 92.49 , 4648.97 , 0.46
248.27 , 340.76 , 92.49 , 4639.24 , 0.46
248.27 , 345.63 , 97.36 , 4634.37 , 0.49
248.27 , 340.76 , 92.49 , 4639.24 , 0.46
248.27 , 345.63 , 97.36 , 4634.37 , 0.49
248.27 , 355.37 , 107.10 , 4624.63 , 0.54
253.14 , 365.10 , 111.96 , 4614.90 , 0.56
248.27 , 369.97 , 121.70 , 4610.03 , 0.61
258.01 , 379.71 , 121.70 , 4600.29 , 0.61
258.01 , 384.57 , 126.57 , 4595.43 , 0.63
258.01 , 394.31 , 136.30 , 4585.69 , 0.68
258.01 , 404.05 , 146.04 , 4575.95 , 0.73
258.01 , 413.78 , 155.78 , 4566.22 , 0.78
262.87 , 423.52 , 160.65 , 4556.48 , 0.80
267.74 , 438.12 , 170.38 , 4541.88 , 0.85
267.74 , 452.73 , 184.99 , 4527.27 , 0.92
272.61 , 472.20 , 199.59 , 4507.80 , 1.00
272.61 , 491.67 , 219.06 , 4488.33 , 1.10
272.61 , 506.28 , 233.67 , 4473.72 , 1.17
277.48 , 540.35 , 262.87 , 4439.65 , 1.31
287.21 , 574.43 , 287.21 , 4405.57 , 1.44
287.21 , 618.24 , 331.03 , 4361.76 , 1.66
292.08 , 671.79 , 379.71 , 4308.21 , 1.90
301.82 , 739.94 , 438.12 , 4240.06 , 2.19
311.55 , 847.04 , 535.48 , 4132.96 , 2.68
326.16 , 1007.68 , 681.52 , 3972.32 , 3.41
345.63 , 1285.16 , 939.53 , 3694.84 , 4.70
374.84 , 1883.93 , 1509.09 , 3096.07 , 7.55
491.67 , 4283.87 , 3792.20 , 696.13 , 18.96
486.80 , 4279.00 , 3792.20 , 701.00 , 18.96
