73.02 , 68.15 , -4.87 , 4911.85 , -0.02
102.23 , 107.10 , 4.87 , 4872.90 , 0.02
131.44 , 131.44 , 0.00 , 4848.56 , 0.00
155.78 , 150.91 , -4.87 , 4829.09 , -0.02
165.51 , 165.51 , 0.00 , 4814.49 , 0.00
175.25 , 175.25 , 0.00 , 4804.75 , 0.00
175.25 , 184.99 , 9.74 , 4795.01 , 0.05
184.99 , 184.99 , 0.00 , 4795.01 , 0.00
184.99 , 194.72 , 9.74 , 4785.28 , 0.05
184.99 , 194.72 , 9.74 , 4785.28 , 0.05
189.85 , 204.46 , 14.60 , 4775.54 , 0.07
189.85 , 209.33 , 19.47 , 4770.67 , 0.10
184.99 , 204.46 , 19.47 , 4775.54 , 0.10
199.59 , 204.46 , 4.87 , 4775.54 , 0.02
194.72 , 209.33 , 14.60 , 4770.67 , 0.07
194.72 , 209.33 , 14.60 , 4770.67 , 0.07
194.72 , 209.33 , 14.60 , 4770.67 , 0.07
199.59 , 214.19 , 14.60 , 4765.81 , 0.07
199.59 , 214.19 , 14.60 , 4765.81 , 0.07
199.59 , 214.19 , 14.60 , 4765.81 , 0.07
199.59 , 219.06 , 19.47 , 4760.94 , 0.10
199.59 , 219.06 , 19.47 , 4760.94 , 0.10
204.46 , 223.93 , 19.47 , 4756.07 , 0.10
204.46 , 223.93 , 19.47 , 4756.07 , 0.10
199.59 , 219.06 , 19.47 , 4760.94 , 0.10
204.46 , 223.93 , 19.47 , 4756.07 , 0.10
204.46 , 223.93 , 19.47 , 4756.07 , 0.10
199.59 , 228.80 , 29.21 , 4751.20 , 0.15
204.46 , 223.93 , 19.47 , 4756.07 , 0.10
204.46 , 223.93 , 19.47 , 4756.07 , 0.10
209.33 , 223.93 , 14.60 , 4756.07 , 0.07
204.46 , 228.80 , 24.34 , 4751.20 , 0.12
204.46 , 228.80 , 24.34 , 4751.20 , 0.12
209.33 , 228.80 , 19.47 , 4751.20 , 0.10
204.46 , 233.67 , 29.21 , 4746.33 , 0.15
209.33 , 233.67 , 24.34 , 4746.33 , 0.12
209.33 , 233.67 , 24.34 , 4746.33 , 0.12
209.33 , 233.67 , 24.34 , 4746.33 , 0.12
209.33 , 233.67 , 24.34 , 4746.33 , 0.12
209.33 , 233.67 , 24.34 , 4746.33 , 0.12
209.33 , 233.67 , 24.34 , 4746.33 , 0.12
209.33 , 238.53 , 29.21 , 4741.47 , 0.15
209.33 , 238.53 , 29.21 , 4741.47 , 0.15
209.33 , 238.53 , 29.21 , 4741.47 , 0.15
209.33 , 233.67 , 24.34 , 4746.33 , 0.12
209.33 , 238.53 , 29.21 , 4741.47 , 0.15
209.33 , 243.40 , 34.08 , 4736.60 , 0.17
214.19 , 233.67 , 19.47 , 4746.33 , 0.10
214.19 , 238.53 , 24.34 , 4741.47 , 0.12
209.33 , 243.40 , 34.08 , 4736.60 , 0.17
214.19 , 243.40 , 29.21 , 4736.60 , 0.15
214.19 , 243.40 , 29.21 , 4736.60 , 0.15
214.19 , 243.40 , 29.21 , 4736.60 , 0.15
219.06 , 248.27 , 29.21 , 4731.73 , 0.15
214.19 , 248.27 , 34.08 , 4731.73 , 0.17
209.33 , 248.27 , 38.94 , 4731.73 , 0.19
219.06 , 253.14 , 34.08 , 4726.86 , 0.17
219.06 , 248.27 , 29.21 , 4731.73 , 0.15
219.06 , 253.14 , 34.08 , 4726.86 , 0.17
219.06 , 253.14 , 34.08 , 4726.86 , 0.17
219.06 , 253.14 , 34.08 , 4726.86 , 0.17
219.06 , 253.14 , 34.08 , 4726.86 , 0.17
219.06 , 258.01 , 38.94 , 4721.99 , 0.19
219.06 , 253.14 , 34.08 , 4726.86 , 0.17
219.06 , 258.01 , 38.94 , 4721.99 , 0.19
223.93 , 258.01 , 34.08 , 4721.99 , 0.17
223.93 , 258.01 , 34.08 , 4721.99 , 0.17
228.80 , 262.87 , 34.08 , 4717.13 , 0.17
223.93 , 262.87 , 38.94 , 4717.13 , 0.19
219.06 , 262.87 , 43.81 , 4717.13 , 0.22
223.93 , 267.74 , 43.81 , 4712.26 , 0.22
228.80 , 267.74 , 38.94 , 4712.26 , 0.19
228.80 , 267.74 , 38.94 , 4712.26 , 0.19
228.80 , 272.61 , 43.81 , 4707.39 , 0.22
223.93 , 267.74 , 43.81 , 4712.26 , 0.22
228.80 , 277.48 , 48.68 , 4702.52 , 0.24
223.93 , 272.61 , 48.68 , 4707.39 , 0.24
228.80 , 277.48 , 48.68 , 4702.52 , 0.24
223.93 , 272.61 , 48.68 , 4707.39 , 0.24
228.80 , 277.48 , 48.68 , 4702.52 , 0.24
228.80 , 277.48 , 48.68 , 4702.52 , 0.24
223.93 , 282.35 , 58.42 , 4697.65 , 0.29
228.80 , 282.35 , 53.55 , 4697.65 , 0.27
233.67 , 277.48 , 43.81 , 4702.52 , 0.22
223.93 , 292.08 , 68.15 , 4687.92 , 0.34
233.67 , 292.08 , 58.42 , 4687.92 , 0.29
233.67 , 296.95 , 63.28 , 4683.05 , 0.32
233.67 , 296.95 , 63.28 , 4683.05 , 0.32
233.67 , 296.95 , 63.28 , 4683.05 , 0.32
233.67 , 306.69 , 73.02 , 4673.31 , 0.37
233.67 , 296.95 , 63.28 , 4683.05 , 0.32
238.53 , 311.55 , 73.02 , 4668.45 , 0.37
238.53 , 311.55 , 73.02 , 4668.45 , 0.37
238.53 , 316.42 , 77.89 , 4663.58 , 0.39
238.53 , 311.55 , 73.02 , 4668.45 , 0.37
238.53 , 321.29 , 82.76 , 4658.71 , 0.41
243.40 , 326.16 , 82.76 , 4653.84 , 0.41
243.40 , 326.16 , 82.76 , 4653.84 , 0.41
243.40 , 331.03 , 87.62 , 4648.97 , 0.44
248.27 , 335.89 , 87.62 , 4644.11 , 0.44
243.40 , 335.89 , 92.49 , 4644.11 , 0.46
248.27 , 345.63 , 97.36 , 4634.37 , 0.49
248.27 , 350.50 , 102.23 , 4629.50 , 0.51
253.14 , 355.37 , 102.23 , 4624.63 , 0.51
253.14 , 365.10 , 111.96 , 4614.90 , 0.56
253.14 , 369.97 , 116.83 , 4610.03 , 0.58
253.14 , 374.84 , 121.70 , 4605.16 , 0.61
258.01 , 384.57 , 126.57 , 4595.43 , 0.63
258.01 , 389.44 , 131.44 , 4590.56 , 0.66
258.01 , 399.18 , 141.17 , 4580.82 , 0.71
262.87 , 408.91 , 146.04 , 4571.08 , 0.73
262.87 , 423.52 , 160.65 , 4556.48 , 0.80
267.74 , 438.12 , 170.38 , 4541.88 , 0.85
262.87 , 452.73 , 189.85 , 4527.27 , 0.95
272.61 , 467.33 , 194.72 , 4512.67 , 0.97
272.61 , 486.80 , 214.19 , 4493.20 , 1.07
277.48 , 516.01 , 238.53 , 4463.99 , 1.19
277.48 , 535.48 , 258.01 , 4444.52 , 1.29
282.35 , 569.56 , 287.21 , 4410.44 , 1.44
292.08 , 623.11 , 331.03 , 4356.89 , 1.66
296.95 , 671.79 , 374.84 , 4308.21 , 1.87
306.69 , 744.81 , 438.12 , 4235.19 , 2.19
306.69 , 847.04 , 540.35 , 4132.96 , 2.70
321.29 , 1002.82 , 681.52 , 3977.18 , 3.41
340.76 , 1285.16 , 944.40 , 3694.84 , 4.72
374.84 , 1883.93 , 1509.09 , 3096.07 , 7.55
486.80 , 4279.00 , 3792.20 , 701.00 , 18.96
486.80 , 4279.00 , 3792.20 , 701.00 , 18.96
