58.42 , 63.28 , 4.87 , 4916.72 , 0.02
102.23 , 102.23 , 0.00 , 4877.77 , 0.00
131.44 , 131.44 , 0.00 , 4848.56 , 0.00
155.78 , 150.91 , -4.87 , 4829.09 , -0.02
165.51 , 165.51 , 0.00 , 4814.49 , 0.00
175.25 , 175.25 , 0.00 , 4804.75 , 0.00
180.12 , 184.99 , 4.87 , 4795.01 , 0.02
175.25 , 189.85 , 14.60 , 4790.15 , 0.07
184.99 , 194.72 , 9.74 , 4785.28 , 0.05
189.85 , 199.59 , 9.74 , 4780.41 , 0.05
189.85 , 199.59 , 9.74 , 4780.41 , 0.05
194.72 , 204.46 , 9.74 , 4775.54 , 0.05
189.85 , 204.46 , 14.60 , 4775.54 , 0.07
189.85 , 209.33 , 19.47 , 4770.67 , 0.10
194.72 , 214.19 , 19.47 , 4765.81 , 0.10
189.85 , 209.33 , 19.47 , 4770.67 , 0.10
194.72 , 209.33 , 14.60 , 4770.67 , 0.07
199.59 , 214.19 , 14.60 , 4765.81 , 0.07
199.59 , 214.19 , 14.60 , 4765.81 , 0.07
199.59 , 219.06 , 19.47 , 4760.94 , 0.10
199.59 , 219.06 , 19.47 , 4760.94 , 0.10
199.59 , 223.93 , 24.34 , 4756.07 , 0.12
199.59 , 219.06 , 19.47 , 4760.94 , 0.10
199.59 , 219.06 , 19.47 , 4760.94 , 0.10
199.59 , 219.06 , 19.47 , 4760.94 , 0.10
204.46 , 223.93 , 19.47 , 4756.07 , 0.10
204.46 , 223.93 , 19.47 , 4756.07 , 0.10
204.46 , 228.80 , 24.34 , 4751.20 , 0.12
204.46 , 223.93 , 19.47 , 4756.07 , 0.10
204.46 , 223.93 , 19.47 , 4756.07 , 0.10
204.46 , 228.80 , 24.34 , 4751.20 , 0.12
209.33 , 223.93 , 14.60 , 4756.07 , 0.07
209.33 , 233.67 , 24.34 , 4746.33 , 0.12
204.46 , 228.80 , 24.34 , 4751.20 , 0.12
214.19 , 228.80 , 14.60 , 4751.20 , 0.07
204.46 , 228.80 , 24.34 , 4751.20 , 0.12
214.19 , 233.67 , 19.47 , 4746.33 , 0.10
209.33 , 233.67 , 24.34 , 4746.33 , 0.12
209.33 , 233.67 , 24.34 , 4746.33 , 0.12
209.33 , 233.67 , 24.34 , 4746.33 , 0.12
209.33 , 228.80 , 19.47 , 4751.20 , 0.10
209.33 , 233.67 , 24.34 , 4746.33 , 0.12
214.19 , 238.53 , 24.34 , 4741.47 , 0.12
209.33 , 243.40 , 34.08 , 4736.60 , 0.17
209.33 , 238.53 , 29.21 , 4741.47 , 0.15
209.33 , 238.53 , 29.21 , 4741.47 , 0.15
214.19 , 238.53 , 24.34 , 4741.47 , 0.12
214.19 , 243.40 , 29.21 , 4736.60 , 0.15
214.19 , 243.40 , 29.21 , 4736.60 , 0.15
214.19 , 248.27 , 34.08 , 4731.73 , 0.17
214.19 , 243.40 , 29.21 , 4736.60 , 0.15
209.33 , 243.40 , 34.08 , 4736.60 , 0.17
219.06 , 243.40 , 24.34 , 4736.60 , 0.12
214.19 , 248.27 , 34.08 , 4731.73 , 0.17
214.19 , 248.27 , 34.08 , 4731.73 , 0.17
214.19 , 248.27 , 34.08 , 4731.73 , 0.17
219.06 , 248.27 , 29.21 , 4731.73 , 0.15
219.06 , 253.14 , 34.08 , 4726.86 , 0.17
223.93 , 253.14 , 29.21 , 4726.86 , 0.15
214.19 , 258.01 , 43.81 , 4721.99 , 0.22
223.93 , 253.14 , 29.21 , 4726.86 , 0.15
219.06 , 258.01 , 38.94 , 4721.99 , 0.19
214.19 , 258.01 , 43.81 , 4721.99 , 0.22
219.06 , 253.14 , 34.08 , 4726.86 , 0.17
219.06 , 258.01 , 38.94 , 4721.99 , 0.19
219.06 , 258.01 , 38.94 , 4721.99 , 0.19
219.06 , 262.87 , 43.81 , 4717.13 , 0.22
219.06 , 262.87 , 43.81 , 4717.13 , 0.22
219.06 , 258.01 , 38.94 , 4721.99 , 0.19
223.93 , 262.87 , 38.94 , 4717.13 , 0.19
223.93 , 267.74 , 43.81 , 4712.26 , 0.22
223.93 , 272.61 , 48.68 , 4707.39 , 0.24
223.93 , 267.74 , 43.81 , 4712.26 , 0.22
223.93 , 272.61 , 48.68 , 4707.39 , 0.24
228.80 , 277.48 , 48.68 , 4702.52 , 0.24
228.80 , 272.61 , 43.81 , 4707.39 , 0.22
228.80 , 272.61 , 43.81 , 4707.39 , 0.22
228.80 , 277.48 , 48.68 , 4702.52 , 0.24
233.67 , 277.48 , 43.81 , 4702.52 , 0.22
228.80 , 277.48 , 48.68 , 4702.52 , 0.24
233.67 , 282.35 , 48.68 , 4697.65 , 0.24
233.67 , 287.21 , 53.55 , 4692.79 , 0.27
233.67 , 287.21 , 53.55 , 4692.79 , 0.27
233.67 , 287.21 , 53.55 , 4692.79 , 0.27
233.67 , 292.08 , 58.42 , 4687.92 , 0.29
228.80 , 292.08 , 63.28 , 4687.92 , 0.32
228.80 , 292.08 , 63.28 , 4687.92 , 0.32
238.53 , 296.95 , 58.42 , 4683.05 , 0.29
233.67 , 296.95 , 63.28 , 4683.05 , 0.32
233.67 , 296.95 , 63.28 , 4683.05 , 0.32
238.53 , 301.82 , 63.28 , 4678.18 , 0.32
243.40 , 311.55 , 68.15 , 4668.45 , 0.34
238.53 , 311.55 , 73.02 , 4668.45 , 0.37
238.53 , 316.42 , 77.89 , 4663.58 , 0.39
238.53 , 321.29 , 82.76 , 4658.71 , 0.41
243.40 , 321.29 , 77.89 , 4658.71 , 0.39
243.40 , 321.29 , 77.89 , 4658.71 , 0.39
238.53 , 326.16 , 87.62 , 4653.84 , 0.44
243.40 , 331.03 , 87.62 , 4648.97 , 0.44
253.14 , 335.89 , 82.76 , 4644.11 , 0.41
248.27 , 340.76 , 92.49 , 4639.24 , 0.46
248.27 , 345.63 , 97.36 , 4634.37 , 0.49
253.14 , 355.37 , 102.23 , 4624.63 , 0.51
253.14 , 355.37 , 102.23 , 4624.63 , 0.51
253.14 , 360.23 , 107.10 , 4619.77 , 0.54
253.14 , 369.97 , 116.83 , 4610.03 , 0.58
258.01 , 374.84 , 116.83 , 4605.16 , 0.58
253.14 , 384.57 , 131.44 , 4595.43 , 0.66
262.87 , 394.31 , 131.44 , 4585.69 , 0.66
258.01 , 399.18 , 141.17 , 4580.82 , 0.71
258.01 , 408.91 , 150.91 , 4571.08 , 0.75
262.87 , 423.52 , 160.65 , 4556.48 , 0.80
262.87 , 433.26 , 170.38 , 4546.75 , 0.85
267.74 , 452.73 , 184.99 , 4527.27 , 0.92
272.61 , 472.20 , 199.59 , 4507.80 , 1.00
272.61 , 486.80 , 214.19 , 4493.20 , 1.07
277.48 , 511.14 , 233.67 , 4468.86 , 1.17
282.35 , 540.35 , 258.01 , 4439.65 , 1.29
282.35 , 569.56 , 287.21 , 4410.44 , 1.44
292.08 , 618.24 , 326.16 , 4361.76 , 1.63
296.95 , 671.79 , 374.84 , 4308.21 , 1.87
296.95 , 749.68 , 452.73 , 4230.32 , 2.26
311.55 , 847.04 , 535.48 , 4132.96 , 2.68
321.29 , 1007.68 , 686.39 , 3972.32 , 3.43
340.76 , 1290.03 , 949.27 , 3689.97 , 4.75
379.71 , 1883.93 , 1504.22 , 3096.07 , 7.52
486.80 , 4274.13 , 3787.33 , 705.87 , 18.94
486.80 , 4283.87 , 3797.07 , 696.13 , 18.99
