68.15 , 63.28 , -4.87 , 4916.72 , -0.02
107.10 , 107.10 , 0.00 , 4872.90 , 0.00
146.04 , 141.17 , -4.87 , 4838.83 , -0.02
189.85 , 189.85 , 0.00 , 4790.15 , 0.00
223.93 , 219.06 , -4.87 , 4760.94 , -0.02
258.01 , 253.14 , -4.87 , 4726.86 , -0.02
296.95 , 287.21 , -9.74 , 4692.79 , -0.05
316.42 , 316.42 , 0.00 , 4663.58 , 0.00
340.76 , 335.89 , -4.87 , 4644.11 , -0.02
350.50 , 350.50 , 0.00 , 4629.50 , 0.00
360.23 , 369.97 , 9.74 , 4610.03 , 0.05
369.97 , 374.84 , 4.87 , 4605.16 , 0.02
374.84 , 384.57 , 9.74 , 4595.43 , 0.05
379.71 , 389.44 , 9.74 , 4590.56 , 0.05
389.44 , 399.18 , 9.74 , 4580.82 , 0.05
394.31 , 404.05 , 9.74 , 4575.95 , 0.05
389.44 , 404.05 , 14.60 , 4575.95 , 0.07
394.31 , 408.91 , 14.60 , 4571.08 , 0.07
394.31 , 408.91 , 14.60 , 4571.08 , 0.07
399.18 , 413.78 , 14.60 , 4566.22 , 0.07
399.18 , 413.78 , 14.60 , 4566.22 , 0.07
404.05 , 418.65 , 14.60 , 4561.35 , 0.07
408.91 , 423.52 , 14.60 , 4556.48 , 0.07
404.05 , 423.52 , 19.47 , 4556.48 , 0.10
413.78 , 423.52 , 9.74 , 4556.48 , 0.05
413.78 , 428.39 , 14.60 , 4551.61 , 0.07
413.78 , 428.39 , 14.60 , 4551.61 , 0.07
418.65 , 433.26 , 14.60 , 4546.75 , 0.07
413.78 , 428.39 , 14.60 , 4551.61 , 0.07
418.65 , 438.12 , 19.47 , 4541.88 , 0.10
423.52 , 438.12 , 14.60 , 4541.88 , 0.07
418.65 , 438.12 , 19.47 , 4541.88 , 0.10
418.65 , 438.12 , 19.47 , 4541.88 , 0.10
418.65 , 442.99 , 24.34 , 4537.01 , 0.12
423.52 , 442.99 , 19.47 , 4537.01 , 0.10
423.52 , 442.99 , 19.47 , 4537.01 , 0.10
428.39 , 438.12 , 9.74 , 4541.88 , 0.05
423.52 , 447.86 , 24.34 , 4532.14 , 0.12
423.52 , 442.99 , 19.47 , 4537.01 , 0.10
428.39 , 447.86 , 19.47 , 4532.14 , 0.10
423.52 , 452.73 , 29.21 , 4527.27 , 0.15
428.39 , 452.73 , 24.34 , 4527.27 , 0.12
428.39 , 452.73 , 24.34 , 4527.27 , 0.12
423.52 , 457.60 , 34.08 , 4522.40 , 0.17
433.26 , 452.73 , 19.47 , 4527.27 , 0.10
428.39 , 452.73 , 24.34 , 4527.27 , 0.12
433.26 , 457.60 , 24.34 , 4522.40 , 0.12
433.26 , 457.60 , 24.34 , 4522.40 , 0.12
433.26 , 457.60 , 24.34 , 4522.40 , 0.12
433.26 , 462.46 , 29.21 , 4517.54 , 0.15
433.26 , 462.46 , 29.21 , 4517.54 , 0.15
433.26 , 462.46 , 29.21 , 4517.54 , 0.15
433.26 , 467.33 , 34.08 , 4512.67 , 0.17
438.12 , 467.33 , 29.21 , 4512.67 , 0.15
433.26 , 467.33 , 34.08 , 4512.67 , 0.17
438.12 , 467.33 , 29.21 , 4512.67 , 0.15
438.12 , 467.33 , 29.21 , 4512.67 , 0.15
442.99 , 472.20 , 29.21 , 4507.80 , 0.15
438.12 , 472.20 , 34.08 , 4507.80 , 0.17
442.99 , 467.33 , 24.34 , 4512.67 , 0.12
447.86 , 472.20 , 24.34 , 4507.80 , 0.12
442.99 , 472.20 , 29.21 , 4507.80 , 0.15
447.86 , 477.07 , 29.21 , 4502.93 , 0.15
442.99 , 477.07 , 34.08 , 4502.93 , 0.17
447.86 , 481.94 , 34.08 , 4498.06 , 0.17
442.99 , 486.80 , 43.81 , 4493.20 , 0.22
447.86 , 486.80 , 38.94 , 4493.20 , 0.19
447.86 , 486.80 , 38.94 , 4493.20 , 0.19
452.73 , 486.80 , 34.08 , 4493.20 , 0.17
447.86 , 486.80 , 38.94 , 4493.20 , 0.19
452.73 , 486.80 , 34.08 , 4493.20 , 0.17
447.86 , 486.80 , 38.94 , 4493.20 , 0.19
447.86 , 491.67 , 43.81 , 4488.33 , 0.22
452.73 , 496.54 , 43.81 , 4483.46 , 0.22
457.60 , 496.54 , 38.94 , 4483.46 , 0.19
452.73 , 496.54 , 43.81 , 4483.46 , 0.22
452.73 , 506.28 , 53.55 , 4473.72 , 0.27
457.60 , 506.28 , 48.68 , 4473.72 , 0.24
457.60 , 501.41 , 43.81 , 4478.59 , 0.22
457.60 , 506.28 , 48.68 , 4473.72 , 0.24
462.46 , 511.14 , 48.68 , 4468.86 , 0.24
457.60 , 516.01 , 58.42 , 4463.99 , 0.29
457.60 , 511.14 , 53.55 , 4468.86 , 0.27
457.60 , 516.01 , 58.42 , 4463.99 , 0.29
462.46 , 516.01 , 53.55 , 4463.99 , 0.27
467.33 , 520.88 , 53.55 , 4459.12 , 0.27
467.33 , 525.75 , 58.42 , 4454.25 , 0.29
467.33 , 525.75 , 58.42 , 4454.25 , 0.29
467.33 , 530.62 , 63.28 , 4449.38 , 0.32
472.20 , 530.62 , 58.42 , 4449.38 , 0.29
467.33 , 535.48 , 68.15 , 4444.52 , 0.34
477.07 , 540.35 , 63.28 , 4439.65 , 0.32
477.07 , 540.35 , 63.28 , 4439.65 , 0.32
477.07 , 545.22 , 68.15 , 4434.78 , 0.34
477.07 , 550.09 , 73.02 , 4429.91 , 0.37
477.07 , 550.09 , 73.02 , 4429.91 , 0.37
477.07 , 554.96 , 77.89 , 4425.04 , 0.39
477.07 , 559.82 , 82.76 , 4420.18 , 0.41
481.94 , 564.69 , 82.76 , 4415.31 , 0.41
486.80 , 569.56 , 82.76 , 4410.44 , 0.41
486.80 , 574.43 , 87.62 , 4405.57 , 0.44
491.67 , 579.30 , 87.62 , 4400.70 , 0.44
491.67 , 584.16 , 92.49 , 4395.84 , 0.46
496.54 , 589.03 , 92.49 , 4390.97 , 0.46
491.67 , 598.77 , 107.10 , 4381.23 , 0.54
496.54 , 603.64 , 107.10 , 4376.36 , 0.54
501.41 , 613.37 , 111.96 , 4366.63 , 0.56
501.41 , 618.24 , 116.83 , 4361.76 , 0.58
501.41 , 632.84 , 131.44 , 4347.16 , 0.66
506.28 , 637.71 , 131.44 , 4342.29 , 0.66
506.28 , 652.32 , 146.04 , 4327.68 , 0.73
516.01 , 662.05 , 146.04 , 4317.95 , 0.73
516.01 , 681.52 , 165.51 , 4298.47 , 0.83
520.88 , 691.26 , 170.38 , 4288.74 , 0.85
520.88 , 710.73 , 189.85 , 4269.27 , 0.95
525.75 , 725.34 , 199.59 , 4254.66 , 1.00
530.62 , 749.68 , 219.06 , 4230.32 , 1.10
535.48 , 783.75 , 248.27 , 4196.25 , 1.24
540.35 , 812.96 , 272.61 , 4167.04 , 1.36
545.22 , 856.77 , 311.55 , 4123.23 , 1.56
554.96 , 910.32 , 355.37 , 4069.68 , 1.78
559.82 , 983.34 , 423.52 , 3996.66 , 2.12
574.43 , 1080.70 , 506.28 , 3899.30 , 2.53
584.16 , 1241.35 , 657.18 , 3738.65 , 3.29
603.64 , 1504.22 , 900.59 , 3475.78 , 4.50
642.58 , 2078.65 , 1436.07 , 2901.35 , 7.18
725.34 , 4425.04 , 3699.71 , 554.96 , 18.50
720.47 , 4429.91 , 3709.44 , 550.09 , 18.55
