63.28 , 63.28 , 0.00 , 4916.72 , 0.00
107.10 , 107.10 , 0.00 , 4872.90 , 0.00
146.04 , 97.36 , -48.68 , 4882.64 , -0.24
184.99 , 184.99 , 0.00 , 4795.01 , 0.00
223.93 , 223.93 , 0.00 , 4756.07 , 0.00
219.06 , 267.74 , 48.68 , 4712.26 , 0.24
292.08 , 296.95 , 4.87 , 4683.05 , 0.02
316.42 , 321.29 , 4.87 , 4658.71 , 0.02
340.76 , 335.89 , -4.87 , 4644.11 , -0.02
355.37 , 355.37 , 0.00 , 4624.63 , 0.00
360.23 , 365.10 , 4.87 , 4614.90 , 0.02
374.84 , 374.84 , 0.00 , 4605.16 , 0.00
379.71 , 374.84 , -4.87 , 4605.16 , -0.02
384.57 , 389.44 , 4.87 , 4590.56 , 0.02
384.57 , 394.31 , 9.74 , 4585.69 , 0.05
394.31 , 399.18 , 4.87 , 4580.82 , 0.02
394.31 , 404.05 , 9.74 , 4575.95 , 0.05
399.18 , 408.91 , 9.74 , 4571.08 , 0.05
399.18 , 408.91 , 9.74 , 4571.08 , 0.05
399.18 , 413.78 , 14.60 , 4566.22 , 0.07
404.05 , 418.65 , 14.60 , 4561.35 , 0.07
404.05 , 413.78 , 9.74 , 4566.22 , 0.05
413.78 , 418.65 , 4.87 , 4561.35 , 0.02
408.91 , 423.52 , 14.60 , 4556.48 , 0.07
413.78 , 423.52 , 9.74 , 4556.48 , 0.05
413.78 , 428.39 , 14.60 , 4551.61 , 0.07
413.78 , 428.39 , 14.60 , 4551.61 , 0.07
413.78 , 433.26 , 19.47 , 4546.75 , 0.10
418.65 , 428.39 , 9.74 , 4551.61 , 0.05
423.52 , 433.26 , 9.74 , 4546.75 , 0.05
418.65 , 438.12 , 19.47 , 4541.88 , 0.10
423.52 , 442.99 , 19.47 , 4537.01 , 0.10
418.65 , 442.99 , 24.34 , 4537.01 , 0.12
418.65 , 442.99 , 24.34 , 4537.01 , 0.12
423.52 , 447.86 , 24.34 , 4532.14 , 0.12
418.65 , 442.99 , 24.34 , 4537.01 , 0.12
423.52 , 442.99 , 19.47 , 4537.01 , 0.10
418.65 , 447.86 , 29.21 , 4532.14 , 0.15
428.39 , 447.86 , 19.47 , 4532.14 , 0.10
423.52 , 447.86 , 24.34 , 4532.14 , 0.12
423.52 , 452.73 , 29.21 , 4527.27 , 0.15
423.52 , 447.86 , 24.34 , 4532.14 , 0.12
428.39 , 452.73 , 24.34 , 4527.27 , 0.12
433.26 , 452.73 , 19.47 , 4527.27 , 0.10
428.39 , 452.73 , 24.34 , 4527.27 , 0.12
428.39 , 457.60 , 29.21 , 4522.40 , 0.15
428.39 , 452.73 , 24.34 , 4527.27 , 0.12
433.26 , 457.60 , 24.34 , 4522.40 , 0.12
433.26 , 457.60 , 24.34 , 4522.40 , 0.12
433.26 , 457.60 , 24.34 , 4522.40 , 0.12
438.12 , 462.46 , 24.34 , 4517.54 , 0.12
433.26 , 467.33 , 34.08 , 4512.67 , 0.17
438.12 , 467.33 , 29.21 , 4512.67 , 0.15
438.12 , 467.33 , 29.21 , 4512.67 , 0.15
438.12 , 472.20 , 34.08 , 4507.80 , 0.17
438.12 , 467.33 , 29.21 , 4512.67 , 0.15
442.99 , 467.33 , 24.34 , 4512.67 , 0.12
438.12 , 472.20 , 34.08 , 4507.80 , 0.17
442.99 , 472.20 , 29.21 , 4507.80 , 0.15
442.99 , 472.20 , 29.21 , 4507.80 , 0.15
442.99 , 477.07 , 34.08 , 4502.93 , 0.17
442.99 , 477.07 , 34.08 , 4502.93 , 0.17
442.99 , 477.07 , 34.08 , 4502.93 , 0.17
442.99 , 477.07 , 34.08 , 4502.93 , 0.17
442.99 , 481.94 , 38.94 , 4498.06 , 0.19
442.99 , 481.94 , 38.94 , 4498.06 , 0.19
447.86 , 481.94 , 34.08 , 4498.06 , 0.17
447.86 , 486.80 , 38.94 , 4493.20 , 0.19
452.73 , 486.80 , 34.08 , 4493.20 , 0.17
447.86 , 486.80 , 38.94 , 4493.20 , 0.19
447.86 , 491.67 , 43.81 , 4488.33 , 0.22
452.73 , 491.67 , 38.94 , 4488.33 , 0.19
452.73 , 491.67 , 38.94 , 4488.33 , 0.19
452.73 , 496.54 , 43.81 , 4483.46 , 0.22
457.60 , 496.54 , 38.94 , 4483.46 , 0.19
462.46 , 496.54 , 34.08 , 4483.46 , 0.17
457.60 , 501.41 , 43.81 , 4478.59 , 0.22
457.60 , 501.41 , 43.81 , 4478.59 , 0.22
457.60 , 506.28 , 48.68 , 4473.72 , 0.24
457.60 , 506.28 , 48.68 , 4473.72 , 0.24
457.60 , 506.28 , 48.68 , 4473.72 , 0.24
462.46 , 511.14 , 48.68 , 4468.86 , 0.24
462.46 , 516.01 , 53.55 , 4463.99 , 0.27
462.46 , 516.01 , 53.55 , 4463.99 , 0.27
467.33 , 516.01 , 48.68 , 4463.99 , 0.24
462.46 , 520.88 , 58.42 , 4459.12 , 0.29
467.33 , 520.88 , 53.55 , 4459.12 , 0.27
472.20 , 525.75 , 53.55 , 4454.25 , 0.27
467.33 , 525.75 , 58.42 , 4454.25 , 0.29
477.07 , 525.75 , 48.68 , 4454.25 , 0.24
477.07 , 535.48 , 58.42 , 4444.52 , 0.29
477.07 , 535.48 , 58.42 , 4444.52 , 0.29
477.07 , 545.22 , 68.15 , 4434.78 , 0.34
477.07 , 545.22 , 68.15 , 4434.78 , 0.34
477.07 , 545.22 , 68.15 , 4434.78 , 0.34
477.07 , 554.96 , 77.89 , 4425.04 , 0.39
481.94 , 550.09 , 68.15 , 4429.91 , 0.34
481.94 , 554.96 , 73.02 , 4425.04 , 0.37
481.94 , 564.69 , 82.76 , 4415.31 , 0.41
481.94 , 569.56 , 87.62 , 4410.44 , 0.44
486.80 , 579.30 , 92.49 , 4400.70 , 0.46
486.80 , 579.30 , 92.49 , 4400.70 , 0.46
491.67 , 584.16 , 92.49 , 4395.84 , 0.46
491.67 , 593.90 , 102.23 , 4386.10 , 0.51
496.54 , 593.90 , 97.36 , 4386.10 , 0.49
496.54 , 603.64 , 107.10 , 4376.36 , 0.54
496.54 , 613.37 , 116.83 , 4366.63 , 0.58
506.28 , 627.98 , 121.70 , 4352.02 , 0.61
506.28 , 632.84 , 126.57 , 4347.16 , 0.63
506.28 , 642.58 , 136.30 , 4337.42 , 0.68
511.14 , 657.18 , 146.04 , 4322.82 , 0.73
516.01 , 662.05 , 146.04 , 4317.95 , 0.73
516.01 , 676.66 , 160.65 , 4303.34 , 0.80
525.75 , 691.26 , 165.51 , 4288.74 , 0.83
516.01 , 710.73 , 194.72 , 4269.27 , 0.97
530.62 , 735.07 , 204.46 , 4244.93 , 1.02
530.62 , 754.55 , 223.93 , 4225.45 , 1.12
540.35 , 778.89 , 238.53 , 4201.11 , 1.19
540.35 , 817.83 , 277.48 , 4162.17 , 1.39
550.09 , 856.77 , 306.69 , 4123.23 , 1.53
554.96 , 915.19 , 360.23 , 4064.81 , 1.80
564.69 , 983.34 , 418.65 , 3996.66 , 2.09
574.43 , 1080.70 , 506.28 , 3899.30 , 2.53
589.03 , 1236.48 , 647.45 , 3743.52 , 3.24
603.64 , 1499.35 , 895.72 , 3480.64 , 4.48
637.71 , 2078.65 , 1440.94 , 2901.35 , 7.20
720.47 , 4425.04 , 3704.57 , 554.96 , 18.52
720.47 , 4425.04 , 3704.57 , 554.96 , 18.52
