68.15 , 63.28 , -4.87 , 4916.72 , -0.02
107.10 , 107.10 , 0.00 , 4872.90 , 0.00
146.04 , 141.17 , -4.87 , 4838.83 , -0.02
189.85 , 184.99 , -4.87 , 4795.01 , -0.02
219.06 , 223.93 , 4.87 , 4756.07 , 0.02
258.01 , 258.01 , 0.00 , 4721.99 , 0.00
296.95 , 287.21 , -9.74 , 4692.79 , -0.05
316.42 , 316.42 , 0.00 , 4663.58 , 0.00
340.76 , 340.76 , 0.00 , 4639.24 , 0.00
350.50 , 355.37 , 4.87 , 4624.63 , 0.02
360.23 , 369.97 , 9.74 , 4610.03 , 0.05
369.97 , 379.71 , 9.74 , 4600.29 , 0.05
374.84 , 384.57 , 9.74 , 4595.43 , 0.05
384.57 , 399.18 , 14.60 , 4580.82 , 0.07
389.44 , 394.31 , 4.87 , 4585.69 , 0.02
389.44 , 399.18 , 9.74 , 4580.82 , 0.05
394.31 , 404.05 , 9.74 , 4575.95 , 0.05
399.18 , 404.05 , 4.87 , 4575.95 , 0.02
394.31 , 413.78 , 19.47 , 4566.22 , 0.10
404.05 , 413.78 , 9.74 , 4566.22 , 0.05
404.05 , 413.78 , 9.74 , 4566.22 , 0.05
404.05 , 418.65 , 14.60 , 4561.35 , 0.07
404.05 , 418.65 , 14.60 , 4561.35 , 0.07
408.91 , 423.52 , 14.60 , 4556.48 , 0.07
408.91 , 423.52 , 14.60 , 4556.48 , 0.07
413.78 , 423.52 , 9.74 , 4556.48 , 0.05
413.78 , 428.39 , 14.60 , 4551.61 , 0.07
413.78 , 428.39 , 14.60 , 4551.61 , 0.07
418.65 , 433.26 , 14.60 , 4546.75 , 0.07
418.65 , 433.26 , 14.60 , 4546.75 , 0.07
418.65 , 433.26 , 14.60 , 4546.75 , 0.07
413.78 , 438.12 , 24.34 , 4541.88 , 0.12
418.65 , 438.12 , 19.47 , 4541.88 , 0.10
418.65 , 438.12 , 19.47 , 4541.88 , 0.10
418.65 , 442.99 , 24.34 , 4537.01 , 0.12
423.52 , 442.99 , 19.47 , 4537.01 , 0.10
418.65 , 442.99 , 24.34 , 4537.01 , 0.12
423.52 , 447.86 , 24.34 , 4532.14 , 0.12
428.39 , 447.86 , 19.47 , 4532.14 , 0.10
423.52 , 447.86 , 24.34 , 4532.14 , 0.12
428.39 , 447.86 , 19.47 , 4532.14 , 0.10
428.39 , 447.86 , 19.47 , 4532.14 , 0.10
428.39 , 447.86 , 19.47 , 4532.14 , 0.10
428.39 , 452.73 , 24.34 , 4527.27 , 0.12
428.39 , 457.60 , 29.21 , 4522.40 , 0.15
428.39 , 452.73 , 24.34 , 4527.27 , 0.12
433.26 , 452.73 , 19.47 , 4527.27 , 0.10
433.26 , 462.46 , 29.21 , 4517.54 , 0.15
433.26 , 462.46 , 29.21 , 4517.54 , 0.15
433.26 , 462.46 , 29.21 , 4517.54 , 0.15
438.12 , 462.46 , 24.34 , 4517.54 , 0.12
438.12 , 462.46 , 24.34 , 4517.54 , 0.12
438.12 , 462.46 , 24.34 , 4517.54 , 0.12
438.12 , 467.33 , 29.21 , 4512.67 , 0.15
438.12 , 467.33 , 29.21 , 4512.67 , 0.15
438.12 , 472.20 , 34.08 , 4507.80 , 0.17
438.12 , 467.33 , 29.21 , 4512.67 , 0.15
442.99 , 477.07 , 34.08 , 4502.93 , 0.17
442.99 , 472.20 , 29.21 , 4507.80 , 0.15
442.99 , 472.20 , 29.21 , 4507.80 , 0.15
442.99 , 477.07 , 34.08 , 4502.93 , 0.17
438.12 , 477.07 , 38.94 , 4502.93 , 0.19
442.99 , 481.94 , 38.94 , 4498.06 , 0.19
442.99 , 477.07 , 34.08 , 4502.93 , 0.17
447.86 , 481.94 , 34.08 , 4498.06 , 0.17
447.86 , 481.94 , 34.08 , 4498.06 , 0.17
447.86 , 481.94 , 34.08 , 4498.06 , 0.17
447.86 , 481.94 , 34.08 , 4498.06 , 0.17
447.86 , 486.80 , 38.94 , 4493.20 , 0.19
447.86 , 486.80 , 38.94 , 4493.20 , 0.19
447.86 , 486.80 , 38.94 , 4493.20 , 0.19
452.73 , 486.80 , 34.08 , 4493.20 , 0.17
452.73 , 491.67 , 38.94 , 4488.33 , 0.19
457.60 , 496.54 , 38.94 , 4483.46 , 0.19
457.60 , 496.54 , 38.94 , 4483.46 , 0.19
452.73 , 496.54 , 43.81 , 4483.46 , 0.22
457.60 , 506.28 , 48.68 , 4473.72 , 0.24
457.60 , 501.41 , 43.81 , 4478.59 , 0.22
457.60 , 501.41 , 43.81 , 4478.59 , 0.22
457.60 , 506.28 , 48.68 , 4473.72 , 0.24
462.46 , 506.28 , 43.81 , 4473.72 , 0.22
457.60 , 511.14 , 53.55 , 4468.86 , 0.27
467.33 , 516.01 , 48.68 , 4463.99 , 0.24
462.46 , 511.14 , 48.68 , 4468.86 , 0.24
462.46 , 520.88 , 58.42 , 4459.12 , 0.29
467.33 , 520.88 , 53.55 , 4459.12 , 0.27
467.33 , 525.75 , 58.42 , 4454.25 , 0.29
467.33 , 525.75 , 58.42 , 4454.25 , 0.29
467.33 , 530.62 , 63.28 , 4449.38 , 0.32
467.33 , 530.62 , 63.28 , 4449.38 , 0.32
472.20 , 530.62 , 58.42 , 4449.38 , 0.29
477.07 , 535.48 , 58.42 , 4444.52 , 0.29
477.07 , 535.48 , 58.42 , 4444.52 , 0.29
477.07 , 550.09 , 73.02 , 4429.91 , 0.37
477.07 , 550.09 , 73.02 , 4429.91 , 0.37
481.94 , 554.96 , 73.02 , 4425.04 , 0.37
477.07 , 559.82 , 82.76 , 4420.18 , 0.41
481.94 , 559.82 , 77.89 , 4420.18 , 0.39
486.80 , 569.56 , 82.76 , 4410.44 , 0.41
481.94 , 569.56 , 87.62 , 4410.44 , 0.44
481.94 , 574.43 , 92.49 , 4405.57 , 0.46
491.67 , 579.30 , 87.62 , 4400.70 , 0.44
491.67 , 584.16 , 92.49 , 4395.84 , 0.46
491.67 , 589.03 , 97.36 , 4390.97 , 0.49
491.67 , 593.90 , 102.23 , 4386.10 , 0.51
496.54 , 603.64 , 107.10 , 4376.36 , 0.54
496.54 , 608.50 , 111.96 , 4371.50 , 0.56
501.41 , 618.24 , 116.83 , 4361.76 , 0.58
506.28 , 632.84 , 126.57 , 4347.16 , 0.63
506.28 , 642.58 , 136.30 , 4337.42 , 0.68
511.14 , 657.18 , 146.04 , 4322.82 , 0.73
511.14 , 662.05 , 150.91 , 4317.95 , 0.75
516.01 , 676.66 , 160.65 , 4303.34 , 0.80
516.01 , 691.26 , 175.25 , 4288.74 , 0.88
525.75 , 710.73 , 184.99 , 4269.27 , 0.92
530.62 , 730.21 , 199.59 , 4249.79 , 1.00
530.62 , 754.55 , 223.93 , 4225.45 , 1.12
535.48 , 778.89 , 243.40 , 4201.11 , 1.22
545.22 , 812.96 , 267.74 , 4167.04 , 1.34
545.22 , 856.77 , 311.55 , 4123.23 , 1.56
554.96 , 910.32 , 355.37 , 4069.68 , 1.78
564.69 , 988.21 , 423.52 , 3991.79 , 2.12
574.43 , 1080.70 , 506.28 , 3899.30 , 2.53
589.03 , 1236.48 , 647.45 , 3743.52 , 3.24
603.64 , 1504.22 , 900.59 , 3475.78 , 4.50
637.71 , 2078.65 , 1440.94 , 2901.35 , 7.20
720.47 , 4425.04 , 3704.57 , 554.96 , 18.52
720.47 , 4425.04 , 3704.57 , 554.96 , 18.52
