68.15 , 68.15 , 0.00 , 4911.85 , 0.00
107.10 , 107.10 , 0.00 , 4872.90 , 0.00
141.17 , 146.04 , 4.87 , 4833.96 , 0.02
184.99 , 184.99 , 0.00 , 4795.01 , 0.00
228.80 , 219.06 , -9.74 , 4760.94 , -0.05
262.87 , 262.87 , 0.00 , 4717.13 , 0.00
287.21 , 292.08 , 4.87 , 4687.92 , 0.02
331.03 , 321.29 , -9.74 , 4658.71 , -0.05
340.76 , 340.76 , 0.00 , 4639.24 , 0.00
355.37 , 350.50 , -4.87 , 4629.50 , -0.02
365.10 , 369.97 , 4.87 , 4610.03 , 0.02
369.97 , 379.71 , 9.74 , 4600.29 , 0.05
379.71 , 384.57 , 4.87 , 4595.43 , 0.02
384.57 , 389.44 , 4.87 , 4590.56 , 0.02
389.44 , 394.31 , 4.87 , 4585.69 , 0.02
394.31 , 399.18 , 4.87 , 4580.82 , 0.02
394.31 , 404.05 , 9.74 , 4575.95 , 0.05
394.31 , 404.05 , 9.74 , 4575.95 , 0.05
404.05 , 408.91 , 4.87 , 4571.08 , 0.02
404.05 , 408.91 , 4.87 , 4571.08 , 0.02
404.05 , 418.65 , 14.60 , 4561.35 , 0.07
408.91 , 418.65 , 9.74 , 4561.35 , 0.05
408.91 , 423.52 , 14.60 , 4556.48 , 0.07
408.91 , 418.65 , 9.74 , 4561.35 , 0.05
408.91 , 423.52 , 14.60 , 4556.48 , 0.07
413.78 , 428.39 , 14.60 , 4551.61 , 0.07
413.78 , 433.26 , 19.47 , 4546.75 , 0.10
413.78 , 438.12 , 24.34 , 4541.88 , 0.12
418.65 , 433.26 , 14.60 , 4546.75 , 0.07
418.65 , 433.26 , 14.60 , 4546.75 , 0.07
418.65 , 438.12 , 19.47 , 4541.88 , 0.10
418.65 , 438.12 , 19.47 , 4541.88 , 0.10
418.65 , 442.99 , 24.34 , 4537.01 , 0.12
418.65 , 438.12 , 19.47 , 4541.88 , 0.10
423.52 , 442.99 , 19.47 , 4537.01 , 0.10
418.65 , 442.99 , 24.34 , 4537.01 , 0.12
418.65 , 442.99 , 24.34 , 4537.01 , 0.12
423.52 , 438.12 , 14.60 , 4541.88 , 0.07
423.52 , 447.86 , 24.34 , 4532.14 , 0.12
423.52 , 447.86 , 24.34 , 4532.14 , 0.12
423.52 , 447.86 , 24.34 , 4532.14 , 0.12
428.39 , 447.86 , 19.47 , 4532.14 , 0.10
423.52 , 452.73 , 29.21 , 4527.27 , 0.15
428.39 , 457.60 , 29.21 , 4522.40 , 0.15
433.26 , 457.60 , 24.34 , 4522.40 , 0.12
433.26 , 452.73 , 19.47 , 4527.27 , 0.10
433.26 , 457.60 , 24.34 , 4522.40 , 0.12
433.26 , 457.60 , 24.34 , 4522.40 , 0.12
433.26 , 457.60 , 24.34 , 4522.40 , 0.12
433.26 , 462.46 , 29.21 , 4517.54 , 0.15
438.12 , 462.46 , 24.34 , 4517.54 , 0.12
433.26 , 462.46 , 29.21 , 4517.54 , 0.15
438.12 , 467.33 , 29.21 , 4512.67 , 0.15
438.12 , 467.33 , 29.21 , 4512.67 , 0.15
438.12 , 462.46 , 24.34 , 4517.54 , 0.12
433.26 , 467.33 , 34.08 , 4512.67 , 0.17
438.12 , 472.20 , 34.08 , 4507.80 , 0.17
442.99 , 472.20 , 29.21 , 4507.80 , 0.15
438.12 , 472.20 , 34.08 , 4507.80 , 0.17
438.12 , 477.07 , 38.94 , 4502.93 , 0.19
442.99 , 477.07 , 34.08 , 4502.93 , 0.17
442.99 , 477.07 , 34.08 , 4502.93 , 0.17
442.99 , 481.94 , 38.94 , 4498.06 , 0.19
447.86 , 481.94 , 34.08 , 4498.06 , 0.17
442.99 , 477.07 , 34.08 , 4502.93 , 0.17
452.73 , 481.94 , 29.21 , 4498.06 , 0.15
447.86 , 486.80 , 38.94 , 4493.20 , 0.19
442.99 , 486.80 , 43.81 , 4493.20 , 0.22
447.86 , 486.80 , 38.94 , 4493.20 , 0.19
447.86 , 491.67 , 43.81 , 4488.33 , 0.22
452.73 , 491.67 , 38.94 , 4488.33 , 0.19
452.73 , 491.67 , 38.94 , 4488.33 , 0.19
452.73 , 491.67 , 38.94 , 4488.33 , 0.19
452.73 , 496.54 , 43.81 , 4483.46 , 0.22
452.73 , 501.41 , 48.68 , 4478.59 , 0.24
457.60 , 496.54 , 38.94 , 4483.46 , 0.19
462.46 , 501.41 , 38.94 , 4478.59 , 0.19
457.60 , 501.41 , 43.81 , 4478.59 , 0.22
457.60 , 501.41 , 43.81 , 4478.59 , 0.22
457.60 , 506.28 , 48.68 , 4473.72 , 0.24
457.60 , 511.14 , 53.55 , 4468.86 , 0.27
462.46 , 511.14 , 48.68 , 4468.86 , 0.24
462.46 , 511.14 , 48.68 , 4468.86 , 0.24
462.46 , 516.01 , 53.55 , 4463.99 , 0.27
467.33 , 516.01 , 48.68 , 4463.99 , 0.24
462.46 , 516.01 , 53.55 , 4463.99 , 0.27
467.33 , 520.88 , 53.55 , 4459.12 , 0.27
467.33 , 525.75 , 58.42 , 4454.25 , 0.29
467.33 , 530.62 , 63.28 , 4449.38 , 0.32
472.20 , 530.62 , 58.42 , 4449.38 , 0.29
467.33 , 535.48 , 68.15 , 4444.52 , 0.34
472.20 , 535.48 , 63.28 , 4444.52 , 0.32
472.20 , 540.35 , 68.15 , 4439.65 , 0.34
472.20 , 545.22 , 73.02 , 4434.78 , 0.37
472.20 , 550.09 , 77.89 , 4429.91 , 0.39
481.94 , 550.09 , 68.15 , 4429.91 , 0.34
481.94 , 554.96 , 73.02 , 4425.04 , 0.37
481.94 , 559.82 , 77.89 , 4420.18 , 0.39
481.94 , 564.69 , 82.76 , 4415.31 , 0.41
481.94 , 569.56 , 87.62 , 4410.44 , 0.44
486.80 , 574.43 , 87.62 , 4405.57 , 0.44
486.80 , 584.16 , 97.36 , 4395.84 , 0.49
491.67 , 589.03 , 97.36 , 4390.97 , 0.49
491.67 , 589.03 , 97.36 , 4390.97 , 0.49
491.67 , 598.77 , 107.10 , 4381.23 , 0.54
496.54 , 603.64 , 107.10 , 4376.36 , 0.54
501.41 , 608.50 , 107.10 , 4371.50 , 0.54
501.41 , 618.24 , 116.83 , 4361.76 , 0.58
501.41 , 627.98 , 126.57 , 4352.02 , 0.63
506.28 , 637.71 , 131.44 , 4342.29 , 0.66
511.14 , 652.32 , 141.17 , 4327.68 , 0.71
511.14 , 666.92 , 155.78 , 4313.08 , 0.78
520.88 , 671.79 , 150.91 , 4308.21 , 0.75
520.88 , 691.26 , 170.38 , 4288.74 , 0.85
525.75 , 710.73 , 184.99 , 4269.27 , 0.92
530.62 , 730.21 , 199.59 , 4249.79 , 1.00
530.62 , 749.68 , 219.06 , 4230.32 , 1.10
535.48 , 783.75 , 248.27 , 4196.25 , 1.24
545.22 , 817.83 , 272.61 , 4162.17 , 1.36
550.09 , 856.77 , 306.69 , 4123.23 , 1.53
554.96 , 915.19 , 360.23 , 4064.81 , 1.80
564.69 , 983.34 , 418.65 , 3996.66 , 2.09
574.43 , 1085.57 , 511.14 , 3894.43 , 2.56
589.03 , 1236.48 , 647.45 , 3743.52 , 3.24
608.50 , 1504.22 , 895.72 , 3475.78 , 4.48
647.45 , 2078.65 , 1431.20 , 2901.35 , 7.16
725.34 , 4415.31 , 3689.97 , 564.69 , 18.45
725.34 , 4410.44 , 3685.10 , 569.56 , 18.43
