63.28 , 73.02 , 9.74 , 4906.98 , 0.05
107.10 , 107.10 , 0.00 , 4872.90 , 0.00
146.04 , 141.17 , -4.87 , 4838.83 , -0.02
189.85 , 180.12 , -9.74 , 4799.88 , -0.05
219.06 , 223.93 , 4.87 , 4756.07 , 0.02
262.87 , 258.01 , -4.87 , 4721.99 , -0.02
287.21 , 292.08 , 4.87 , 4687.92 , 0.02
316.42 , 321.29 , 4.87 , 4658.71 , 0.02
335.89 , 340.76 , 4.87 , 4639.24 , 0.02
350.50 , 355.37 , 4.87 , 4624.63 , 0.02
365.10 , 365.10 , 0.00 , 4614.90 , 0.00
374.84 , 374.84 , 0.00 , 4605.16 , 0.00
374.84 , 384.57 , 9.74 , 4595.43 , 0.05
384.57 , 394.31 , 9.74 , 4585.69 , 0.05
389.44 , 394.31 , 4.87 , 4585.69 , 0.02
389.44 , 399.18 , 9.74 , 4580.82 , 0.05
394.31 , 399.18 , 4.87 , 4580.82 , 0.02
394.31 , 408.91 , 14.60 , 4571.08 , 0.07
399.18 , 413.78 , 14.60 , 4566.22 , 0.07
404.05 , 413.78 , 9.74 , 4566.22 , 0.05
404.05 , 413.78 , 9.74 , 4566.22 , 0.05
404.05 , 418.65 , 14.60 , 4561.35 , 0.07
408.91 , 418.65 , 9.74 , 4561.35 , 0.05
408.91 , 423.52 , 14.60 , 4556.48 , 0.07
413.78 , 428.39 , 14.60 , 4551.61 , 0.07
413.78 , 428.39 , 14.60 , 4551.61 , 0.07
413.78 , 428.39 , 14.60 , 4551.61 , 0.07
418.65 , 428.39 , 9.74 , 4551.61 , 0.05
418.65 , 433.26 , 14.60 , 4546.75 , 0.07
418.65 , 438.12 , 19.47 , 4541.88 , 0.10
418.65 , 438.12 , 19.47 , 4541.88 , 0.10
418.65 , 438.12 , 19.47 , 4541.88 , 0.10
418.65 , 438.12 , 19.47 , 4541.88 , 0.10
423.52 , 442.99 , 19.47 , 4537.01 , 0.10
423.52 , 442.99 , 19.47 , 4537.01 , 0.10
423.52 , 438.12 , 14.60 , 4541.88 , 0.07
423.52 , 442.99 , 19.47 , 4537.01 , 0.10
428.39 , 442.99 , 14.60 , 4537.01 , 0.07
423.52 , 447.86 , 24.34 , 4532.14 , 0.12
423.52 , 442.99 , 19.47 , 4537.01 , 0.10
428.39 , 447.86 , 19.47 , 4532.14 , 0.10
433.26 , 452.73 , 19.47 , 4527.27 , 0.10
428.39 , 447.86 , 19.47 , 4532.14 , 0.10
428.39 , 457.60 , 29.21 , 4522.40 , 0.15
433.26 , 447.86 , 14.60 , 4532.14 , 0.07
433.26 , 452.73 , 19.47 , 4527.27 , 0.10
428.39 , 457.60 , 29.21 , 4522.40 , 0.15
433.26 , 452.73 , 19.47 , 4527.27 , 0.10
433.26 , 462.46 , 29.21 , 4517.54 , 0.15
438.12 , 462.46 , 24.34 , 4517.54 , 0.12
433.26 , 462.46 , 29.21 , 4517.54 , 0.15
433.26 , 457.60 , 24.34 , 4522.40 , 0.12
433.26 , 462.46 , 29.21 , 4517.54 , 0.15
438.12 , 462.46 , 24.34 , 4517.54 , 0.12
442.99 , 467.33 , 24.34 , 4512.67 , 0.12
438.12 , 467.33 , 29.21 , 4512.67 , 0.15
438.12 , 472.20 , 34.08 , 4507.80 , 0.17
438.12 , 472.20 , 34.08 , 4507.80 , 0.17
442.99 , 472.20 , 29.21 , 4507.80 , 0.15
442.99 , 472.20 , 29.21 , 4507.80 , 0.15
442.99 , 472.20 , 29.21 , 4507.80 , 0.15
442.99 , 472.20 , 29.21 , 4507.80 , 0.15
442.99 , 481.94 , 38.94 , 4498.06 , 0.19
442.99 , 477.07 , 34.08 , 4502.93 , 0.17
447.86 , 481.94 , 34.08 , 4498.06 , 0.17
447.86 , 481.94 , 34.08 , 4498.06 , 0.17
447.86 , 486.80 , 38.94 , 4493.20 , 0.19
452.73 , 481.94 , 29.21 , 4498.06 , 0.15
447.86 , 486.80 , 38.94 , 4493.20 , 0.19
452.73 , 486.80 , 34.08 , 4493.20 , 0.17
452.73 , 491.67 , 38.94 , 4488.33 , 0.19
452.73 , 491.67 , 38.94 , 4488.33 , 0.19
447.86 , 491.67 , 43.81 , 4488.33 , 0.22
457.60 , 501.41 , 43.81 , 4478.59 , 0.22
452.73 , 496.54 , 43.81 , 4483.46 , 0.22
452.73 , 501.41 , 48.68 , 4478.59 , 0.24
452.73 , 496.54 , 43.81 , 4483.46 , 0.22
457.60 , 506.28 , 48.68 , 4473.72 , 0.24
462.46 , 501.41 , 38.94 , 4478.59 , 0.19
462.46 , 506.28 , 43.81 , 4473.72 , 0.22
462.46 , 506.28 , 43.81 , 4473.72 , 0.22
462.46 , 506.28 , 43.81 , 4473.72 , 0.22
467.33 , 511.14 , 43.81 , 4468.86 , 0.22
467.33 , 516.01 , 48.68 , 4463.99 , 0.24
467.33 , 520.88 , 53.55 , 4459.12 , 0.27
467.33 , 520.88 , 53.55 , 4459.12 , 0.27
467.33 , 525.75 , 58.42 , 4454.25 , 0.29
467.33 , 525.75 , 58.42 , 4454.25 , 0.29
472.20 , 530.62 , 58.42 , 4449.38 , 0.29
467.33 , 530.62 , 63.28 , 4449.38 , 0.32
472.20 , 535.48 , 63.28 , 4444.52 , 0.32
472.20 , 540.35 , 68.15 , 4439.65 , 0.34
472.20 , 540.35 , 68.15 , 4439.65 , 0.34
472.20 , 545.22 , 73.02 , 4434.78 , 0.37
477.07 , 545.22 , 68.15 , 4434.78 , 0.34
477.07 , 554.96 , 77.89 , 4425.04 , 0.39
481.94 , 554.96 , 73.02 , 4425.04 , 0.37
481.94 , 559.82 , 77.89 , 4420.18 , 0.39
486.80 , 564.69 , 77.89 , 4415.31 , 0.39
481.94 , 569.56 , 87.62 , 4410.44 , 0.44
486.80 , 574.43 , 87.62 , 4405.57 , 0.44
491.67 , 574.43 , 82.76 , 4405.57 , 0.41
491.67 , 584.16 , 92.49 , 4395.84 , 0.46
491.67 , 593.90 , 102.23 , 4386.10 , 0.51
491.67 , 598.77 , 107.10 , 4381.23 , 0.54
496.54 , 603.64 , 107.10 , 4376.36 , 0.54
501.41 , 613.37 , 111.96 , 4366.63 , 0.56
501.41 , 623.11 , 121.70 , 4356.89 , 0.61
506.28 , 632.84 , 126.57 , 4347.16 , 0.63
506.28 , 642.58 , 136.30 , 4337.42 , 0.68
506.28 , 652.32 , 146.04 , 4327.68 , 0.73
511.14 , 666.92 , 155.78 , 4313.08 , 0.78
516.01 , 681.52 , 165.51 , 4298.47 , 0.83
516.01 , 691.26 , 175.25 , 4288.74 , 0.88
520.88 , 705.87 , 184.99 , 4274.13 , 0.92
530.62 , 730.21 , 199.59 , 4249.79 , 1.00
530.62 , 754.55 , 223.93 , 4225.45 , 1.12
535.48 , 783.75 , 248.27 , 4196.25 , 1.24
540.35 , 812.96 , 272.61 , 4167.04 , 1.36
550.09 , 856.77 , 306.69 , 4123.23 , 1.53
554.96 , 910.32 , 355.37 , 4069.68 , 1.78
569.56 , 983.34 , 413.78 , 3996.66 , 2.07
574.43 , 1085.57 , 511.14 , 3894.43 , 2.56
584.16 , 1236.48 , 652.32 , 3743.52 , 3.26
608.50 , 1504.22 , 895.72 , 3475.78 , 4.48
642.58 , 2078.65 , 1436.07 , 2901.35 , 7.18
730.21 , 4410.44 , 3680.23 , 569.56 , 18.40
730.21 , 4415.31 , 3685.10 , 564.69 , 18.43
