102.23 , 68.15 , -34.08 , 4911.85 , -0.17
107.10 , 102.23 , -4.87 , 4877.77 , -0.02
146.04 , 150.91 , 4.87 , 4829.09 , 0.02
189.85 , 184.99 , -4.87 , 4795.01 , -0.02
223.93 , 219.06 , -4.87 , 4760.94 , -0.02
262.87 , 258.01 , -4.87 , 4721.99 , -0.02
287.21 , 287.21 , 0.00 , 4692.79 , 0.00
311.55 , 316.42 , 4.87 , 4663.58 , 0.02
335.89 , 340.76 , 4.87 , 4639.24 , 0.02
350.50 , 355.37 , 4.87 , 4624.63 , 0.02
360.23 , 360.23 , 0.00 , 4619.77 , 0.00
374.84 , 374.84 , 0.00 , 4605.16 , 0.00
374.84 , 384.57 , 9.74 , 4595.43 , 0.05
384.57 , 389.44 , 4.87 , 4590.56 , 0.02
384.57 , 399.18 , 14.60 , 4580.82 , 0.07
389.44 , 399.18 , 9.74 , 4580.82 , 0.05
389.44 , 399.18 , 9.74 , 4580.82 , 0.05
394.31 , 404.05 , 9.74 , 4575.95 , 0.05
399.18 , 408.91 , 9.74 , 4571.08 , 0.05
399.18 , 413.78 , 14.60 , 4566.22 , 0.07
404.05 , 408.91 , 4.87 , 4571.08 , 0.02
404.05 , 418.65 , 14.60 , 4561.35 , 0.07
404.05 , 418.65 , 14.60 , 4561.35 , 0.07
408.91 , 423.52 , 14.60 , 4556.48 , 0.07
408.91 , 418.65 , 9.74 , 4561.35 , 0.05
404.05 , 428.39 , 24.34 , 4551.61 , 0.12
408.91 , 433.26 , 24.34 , 4546.75 , 0.12
413.78 , 428.39 , 14.60 , 4551.61 , 0.07
413.78 , 428.39 , 14.60 , 4551.61 , 0.07
418.65 , 428.39 , 9.74 , 4551.61 , 0.05
418.65 , 428.39 , 9.74 , 4551.61 , 0.05
413.78 , 433.26 , 19.47 , 4546.75 , 0.10
418.65 , 438.12 , 19.47 , 4541.88 , 0.10
418.65 , 438.12 , 19.47 , 4541.88 , 0.10
423.52 , 438.12 , 14.60 , 4541.88 , 0.07
423.52 , 438.12 , 14.60 , 4541.88 , 0.07
418.65 , 442.99 , 24.34 , 4537.01 , 0.12
423.52 , 438.12 , 14.60 , 4541.88 , 0.07
423.52 , 447.86 , 24.34 , 4532.14 , 0.12
423.52 , 447.86 , 24.34 , 4532.14 , 0.12
423.52 , 447.86 , 24.34 , 4532.14 , 0.12
423.52 , 447.86 , 24.34 , 4532.14 , 0.12
428.39 , 447.86 , 19.47 , 4532.14 , 0.10
428.39 , 452.73 , 24.34 , 4527.27 , 0.12
428.39 , 452.73 , 24.34 , 4527.27 , 0.12
428.39 , 452.73 , 24.34 , 4527.27 , 0.12
433.26 , 457.60 , 24.34 , 4522.40 , 0.12
433.26 , 452.73 , 19.47 , 4527.27 , 0.10
433.26 , 457.60 , 24.34 , 4522.40 , 0.12
433.26 , 457.60 , 24.34 , 4522.40 , 0.12
438.12 , 462.46 , 24.34 , 4517.54 , 0.12
433.26 , 467.33 , 34.08 , 4512.67 , 0.17
438.12 , 462.46 , 24.34 , 4517.54 , 0.12
438.12 , 462.46 , 24.34 , 4517.54 , 0.12
438.12 , 462.46 , 24.34 , 4517.54 , 0.12
438.12 , 467.33 , 29.21 , 4512.67 , 0.15
438.12 , 467.33 , 29.21 , 4512.67 , 0.15
438.12 , 467.33 , 29.21 , 4512.67 , 0.15
438.12 , 472.20 , 34.08 , 4507.80 , 0.17
442.99 , 472.20 , 29.21 , 4507.80 , 0.15
438.12 , 472.20 , 34.08 , 4507.80 , 0.17
442.99 , 472.20 , 29.21 , 4507.80 , 0.15
438.12 , 477.07 , 38.94 , 4502.93 , 0.19
442.99 , 477.07 , 34.08 , 4502.93 , 0.17
442.99 , 477.07 , 34.08 , 4502.93 , 0.17
442.99 , 477.07 , 34.08 , 4502.93 , 0.17
442.99 , 481.94 , 38.94 , 4498.06 , 0.19
452.73 , 486.80 , 34.08 , 4493.20 , 0.17
447.86 , 481.94 , 34.08 , 4498.06 , 0.17
452.73 , 481.94 , 29.21 , 4498.06 , 0.15
452.73 , 486.80 , 34.08 , 4493.20 , 0.17
447.86 , 491.67 , 43.81 , 4488.33 , 0.22
452.73 , 491.67 , 38.94 , 4488.33 , 0.19
452.73 , 491.67 , 38.94 , 4488.33 , 0.19
452.73 , 496.54 , 43.81 , 4483.46 , 0.22
452.73 , 496.54 , 43.81 , 4483.46 , 0.22
457.60 , 501.41 , 43.81 , 4478.59 , 0.22
457.60 , 501.41 , 43.81 , 4478.59 , 0.22
457.60 , 506.28 , 48.68 , 4473.72 , 0.24
457.60 , 506.28 , 48.68 , 4473.72 , 0.24
462.46 , 506.28 , 43.81 , 4473.72 , 0.22
457.60 , 511.14 , 53.55 , 4468.86 , 0.27
457.60 , 516.01 , 58.42 , 4463.99 , 0.29
462.46 , 516.01 , 53.55 , 4463.99 , 0.27
467.33 , 516.01 , 48.68 , 4463.99 , 0.24
462.46 , 520.88 , 58.42 , 4459.12 , 0.29
467.33 , 520.88 , 53.55 , 4459.12 , 0.27
467.33 , 520.88 , 53.55 , 4459.12 , 0.27
467.33 , 525.75 , 58.42 , 4454.25 , 0.29
467.33 , 525.75 , 58.42 , 4454.25 , 0.29
477.07 , 535.48 , 58.42 , 4444.52 , 0.29
472.20 , 535.48 , 63.28 , 4444.52 , 0.32
472.20 , 540.35 , 68.15 , 4439.65 , 0.34
477.07 , 545.22 , 68.15 , 4434.78 , 0.34
477.07 , 545.22 , 68.15 , 4434.78 , 0.34
477.07 , 550.09 , 73.02 , 4429.91 , 0.37
481.94 , 550.09 , 68.15 , 4429.91 , 0.34
481.94 , 559.82 , 77.89 , 4420.18 , 0.39
481.94 , 564.69 , 82.76 , 4415.31 , 0.41
486.80 , 564.69 , 77.89 , 4415.31 , 0.39
486.80 , 574.43 , 87.62 , 4405.57 , 0.44
486.80 , 579.30 , 92.49 , 4400.70 , 0.46
491.67 , 584.16 , 92.49 , 4395.84 , 0.46
491.67 , 589.03 , 97.36 , 4390.97 , 0.49
491.67 , 598.77 , 107.10 , 4381.23 , 0.54
496.54 , 598.77 , 102.23 , 4381.23 , 0.51
496.54 , 613.37 , 116.83 , 4366.63 , 0.58
496.54 , 618.24 , 121.70 , 4361.76 , 0.61
501.41 , 627.98 , 126.57 , 4352.02 , 0.63
506.28 , 642.58 , 136.30 , 4337.42 , 0.68
506.28 , 652.32 , 146.04 , 4327.68 , 0.73
511.14 , 662.05 , 150.91 , 4317.95 , 0.75
511.14 , 676.66 , 165.51 , 4303.34 , 0.83
520.88 , 696.13 , 175.25 , 4283.87 , 0.88
520.88 , 710.73 , 189.85 , 4269.27 , 0.95
525.75 , 730.21 , 204.46 , 4249.79 , 1.02
530.62 , 749.68 , 219.06 , 4230.32 , 1.10
535.48 , 783.75 , 248.27 , 4196.25 , 1.24
540.35 , 817.83 , 277.48 , 4162.17 , 1.39
550.09 , 856.77 , 306.69 , 4123.23 , 1.53
554.96 , 910.32 , 355.37 , 4069.68 , 1.78
564.69 , 983.34 , 418.65 , 3996.66 , 2.09
574.43 , 1080.70 , 506.28 , 3899.30 , 2.53
589.03 , 1236.48 , 647.45 , 3743.52 , 3.24
608.50 , 1504.22 , 895.72 , 3475.78 , 4.48
642.58 , 2078.65 , 1436.07 , 2901.35 , 7.18
730.21 , 4410.44 , 3680.23 , 569.56 , 18.40
730.21 , 4410.44 , 3680.23 , 569.56 , 18.40
