68.15 , 68.15 , 0.00 , 4911.85 , 0.00
107.10 , 107.10 , 0.00 , 4872.90 , 0.00
141.17 , 150.91 , 9.74 , 4829.09 , 0.05
180.12 , 180.12 , 0.00 , 4799.88 , 0.00
223.93 , 223.93 , 0.00 , 4756.07 , 0.00
262.87 , 258.01 , -4.87 , 4721.99 , -0.02
296.95 , 306.69 , 9.74 , 4673.31 , 0.05
311.55 , 321.29 , 9.74 , 4658.71 , 0.05
335.89 , 335.89 , 0.00 , 4644.11 , 0.00
355.37 , 355.37 , 0.00 , 4624.63 , 0.00
360.23 , 369.97 , 9.74 , 4610.03 , 0.05
369.97 , 379.71 , 9.74 , 4600.29 , 0.05
374.84 , 379.71 , 4.87 , 4600.29 , 0.02
384.57 , 389.44 , 4.87 , 4590.56 , 0.02
389.44 , 394.31 , 4.87 , 4585.69 , 0.02
389.44 , 399.18 , 9.74 , 4580.82 , 0.05
394.31 , 404.05 , 9.74 , 4575.95 , 0.05
399.18 , 404.05 , 4.87 , 4575.95 , 0.02
399.18 , 408.91 , 9.74 , 4571.08 , 0.05
399.18 , 413.78 , 14.60 , 4566.22 , 0.07
404.05 , 418.65 , 14.60 , 4561.35 , 0.07
408.91 , 418.65 , 9.74 , 4561.35 , 0.05
408.91 , 418.65 , 9.74 , 4561.35 , 0.05
408.91 , 423.52 , 14.60 , 4556.48 , 0.07
408.91 , 423.52 , 14.60 , 4556.48 , 0.07
413.78 , 428.39 , 14.60 , 4551.61 , 0.07
413.78 , 428.39 , 14.60 , 4551.61 , 0.07
413.78 , 433.26 , 19.47 , 4546.75 , 0.10
418.65 , 433.26 , 14.60 , 4546.75 , 0.07
413.78 , 433.26 , 19.47 , 4546.75 , 0.10
418.65 , 433.26 , 14.60 , 4546.75 , 0.07
418.65 , 438.12 , 19.47 , 4541.88 , 0.10
423.52 , 438.12 , 14.60 , 4541.88 , 0.07
418.65 , 438.12 , 19.47 , 4541.88 , 0.10
423.52 , 442.99 , 19.47 , 4537.01 , 0.10
423.52 , 447.86 , 24.34 , 4532.14 , 0.12
423.52 , 447.86 , 24.34 , 4532.14 , 0.12
423.52 , 442.99 , 19.47 , 4537.01 , 0.10
423.52 , 447.86 , 24.34 , 4532.14 , 0.12
433.26 , 447.86 , 14.60 , 4532.14 , 0.07
423.52 , 447.86 , 24.34 , 4532.14 , 0.12
428.39 , 447.86 , 19.47 , 4532.14 , 0.10
428.39 , 447.86 , 19.47 , 4532.14 , 0.10
428.39 , 447.86 , 19.47 , 4532.14 , 0.10
428.39 , 457.60 , 29.21 , 4522.40 , 0.15
428.39 , 457.60 , 29.21 , 4522.40 , 0.15
433.26 , 457.60 , 24.34 , 4522.40 , 0.12
433.26 , 452.73 , 19.47 , 4527.27 , 0.10
433.26 , 457.60 , 24.34 , 4522.40 , 0.12
428.39 , 462.46 , 34.08 , 4517.54 , 0.17
433.26 , 457.60 , 24.34 , 4522.40 , 0.12
433.26 , 462.46 , 29.21 , 4517.54 , 0.15
438.12 , 462.46 , 24.34 , 4517.54 , 0.12
433.26 , 467.33 , 34.08 , 4512.67 , 0.17
438.12 , 467.33 , 29.21 , 4512.67 , 0.15
438.12 , 467.33 , 29.21 , 4512.67 , 0.15
438.12 , 467.33 , 29.21 , 4512.67 , 0.15
442.99 , 472.20 , 29.21 , 4507.80 , 0.15
438.12 , 477.07 , 38.94 , 4502.93 , 0.19
442.99 , 477.07 , 34.08 , 4502.93 , 0.17
438.12 , 477.07 , 38.94 , 4502.93 , 0.19
438.12 , 472.20 , 34.08 , 4507.80 , 0.17
447.86 , 477.07 , 29.21 , 4502.93 , 0.15
447.86 , 477.07 , 29.21 , 4502.93 , 0.15
442.99 , 477.07 , 34.08 , 4502.93 , 0.17
447.86 , 486.80 , 38.94 , 4493.20 , 0.19
447.86 , 481.94 , 34.08 , 4498.06 , 0.17
452.73 , 486.80 , 34.08 , 4493.20 , 0.17
447.86 , 486.80 , 38.94 , 4493.20 , 0.19
447.86 , 491.67 , 43.81 , 4488.33 , 0.22
452.73 , 486.80 , 34.08 , 4493.20 , 0.17
452.73 , 496.54 , 43.81 , 4483.46 , 0.22
452.73 , 491.67 , 38.94 , 4488.33 , 0.19
457.60 , 496.54 , 38.94 , 4483.46 , 0.19
452.73 , 496.54 , 43.81 , 4483.46 , 0.22
452.73 , 496.54 , 43.81 , 4483.46 , 0.22
457.60 , 501.41 , 43.81 , 4478.59 , 0.22
457.60 , 501.41 , 43.81 , 4478.59 , 0.22
457.60 , 506.28 , 48.68 , 4473.72 , 0.24
457.60 , 506.28 , 48.68 , 4473.72 , 0.24
457.60 , 511.14 , 53.55 , 4468.86 , 0.27
457.60 , 511.14 , 53.55 , 4468.86 , 0.27
457.60 , 516.01 , 58.42 , 4463.99 , 0.29
462.46 , 511.14 , 48.68 , 4468.86 , 0.24
462.46 , 516.01 , 53.55 , 4463.99 , 0.27
467.33 , 520.88 , 53.55 , 4459.12 , 0.27
472.20 , 520.88 , 48.68 , 4459.12 , 0.24
467.33 , 520.88 , 53.55 , 4459.12 , 0.27
467.33 , 530.62 , 63.28 , 4449.38 , 0.32
472.20 , 535.48 , 63.28 , 4444.52 , 0.32
472.20 , 535.48 , 63.28 , 4444.52 , 0.32
477.07 , 540.35 , 63.28 , 4439.65 , 0.32
472.20 , 540.35 , 68.15 , 4439.65 , 0.34
472.20 , 545.22 , 73.02 , 4434.78 , 0.37
481.94 , 550.09 , 68.15 , 4429.91 , 0.34
477.07 , 554.96 , 77.89 , 4425.04 , 0.39
481.94 , 554.96 , 73.02 , 4425.04 , 0.37
481.94 , 559.82 , 77.89 , 4420.18 , 0.39
481.94 , 569.56 , 87.62 , 4410.44 , 0.44
486.80 , 564.69 , 77.89 , 4415.31 , 0.39
491.67 , 579.30 , 87.62 , 4400.70 , 0.44
486.80 , 579.30 , 92.49 , 4400.70 , 0.46
491.67 , 584.16 , 92.49 , 4395.84 , 0.46
491.67 , 584.16 , 92.49 , 4395.84 , 0.46
491.67 , 593.90 , 102.23 , 4386.10 , 0.51
496.54 , 603.64 , 107.10 , 4376.36 , 0.54
496.54 , 608.50 , 111.96 , 4371.50 , 0.56
501.41 , 623.11 , 121.70 , 4356.89 , 0.61
501.41 , 627.98 , 126.57 , 4352.02 , 0.63
506.28 , 642.58 , 136.30 , 4337.42 , 0.68
506.28 , 657.18 , 150.91 , 4322.82 , 0.75
511.14 , 662.05 , 150.91 , 4317.95 , 0.75
516.01 , 676.66 , 160.65 , 4303.34 , 0.80
516.01 , 691.26 , 175.25 , 4288.74 , 0.88
520.88 , 705.87 , 184.99 , 4274.13 , 0.92
525.75 , 735.07 , 209.33 , 4244.93 , 1.05
530.62 , 754.55 , 223.93 , 4225.45 , 1.12
540.35 , 778.89 , 238.53 , 4201.11 , 1.19
535.48 , 812.96 , 277.48 , 4167.04 , 1.39
545.22 , 856.77 , 311.55 , 4123.23 , 1.56
554.96 , 915.19 , 360.23 , 4064.81 , 1.80
564.69 , 983.34 , 418.65 , 3996.66 , 2.09
574.43 , 1080.70 , 506.28 , 3899.30 , 2.53
584.16 , 1231.61 , 647.45 , 3748.39 , 3.24
608.50 , 1504.22 , 895.72 , 3475.78 , 4.48
637.71 , 2078.65 , 1440.94 , 2901.35 , 7.20
720.47 , 4425.04 , 3704.57 , 554.96 , 18.52
720.47 , 4425.04 , 3704.57 , 554.96 , 18.52
