68.15 , 68.15 , 0.00 , 4911.85 , 0.00
107.10 , 102.23 , -4.87 , 4877.77 , -0.02
136.30 , 136.30 , 0.00 , 4843.69 , 0.00
184.99 , 184.99 , 0.00 , 4795.01 , 0.00
228.80 , 223.93 , -4.87 , 4756.07 , -0.02
258.01 , 258.01 , 0.00 , 4721.99 , 0.00
292.08 , 287.21 , -4.87 , 4692.79 , -0.02
316.42 , 321.29 , 4.87 , 4658.71 , 0.02
335.89 , 340.76 , 4.87 , 4639.24 , 0.02
345.63 , 350.50 , 4.87 , 4629.50 , 0.02
365.10 , 365.10 , 0.00 , 4614.90 , 0.00
369.97 , 374.84 , 4.87 , 4605.16 , 0.02
374.84 , 379.71 , 4.87 , 4600.29 , 0.02
379.71 , 384.57 , 4.87 , 4595.43 , 0.02
384.57 , 394.31 , 9.74 , 4585.69 , 0.05
389.44 , 399.18 , 9.74 , 4580.82 , 0.05
394.31 , 404.05 , 9.74 , 4575.95 , 0.05
394.31 , 408.91 , 14.60 , 4571.08 , 0.07
399.18 , 408.91 , 9.74 , 4571.08 , 0.05
399.18 , 408.91 , 9.74 , 4571.08 , 0.05
399.18 , 413.78 , 14.60 , 4566.22 , 0.07
404.05 , 413.78 , 9.74 , 4566.22 , 0.05
408.91 , 418.65 , 9.74 , 4561.35 , 0.05
408.91 , 423.52 , 14.60 , 4556.48 , 0.07
404.05 , 423.52 , 19.47 , 4556.48 , 0.10
408.91 , 423.52 , 14.60 , 4556.48 , 0.07
413.78 , 423.52 , 9.74 , 4556.48 , 0.05
413.78 , 433.26 , 19.47 , 4546.75 , 0.10
408.91 , 428.39 , 19.47 , 4551.61 , 0.10
408.91 , 433.26 , 24.34 , 4546.75 , 0.12
418.65 , 433.26 , 14.60 , 4546.75 , 0.07
413.78 , 438.12 , 24.34 , 4541.88 , 0.12
413.78 , 438.12 , 24.34 , 4541.88 , 0.12
418.65 , 438.12 , 19.47 , 4541.88 , 0.10
423.52 , 438.12 , 14.60 , 4541.88 , 0.07
418.65 , 438.12 , 19.47 , 4541.88 , 0.10
423.52 , 442.99 , 19.47 , 4537.01 , 0.10
418.65 , 442.99 , 24.34 , 4537.01 , 0.12
423.52 , 438.12 , 14.60 , 4541.88 , 0.07
418.65 , 447.86 , 29.21 , 4532.14 , 0.15
423.52 , 447.86 , 24.34 , 4532.14 , 0.12
428.39 , 447.86 , 19.47 , 4532.14 , 0.10
428.39 , 447.86 , 19.47 , 4532.14 , 0.10
428.39 , 447.86 , 19.47 , 4532.14 , 0.10
428.39 , 447.86 , 19.47 , 4532.14 , 0.10
428.39 , 452.73 , 24.34 , 4527.27 , 0.12
433.26 , 452.73 , 19.47 , 4527.27 , 0.10
433.26 , 452.73 , 19.47 , 4527.27 , 0.10
428.39 , 457.60 , 29.21 , 4522.40 , 0.15
428.39 , 457.60 , 29.21 , 4522.40 , 0.15
433.26 , 462.46 , 29.21 , 4517.54 , 0.15
438.12 , 457.60 , 19.47 , 4522.40 , 0.10
433.26 , 462.46 , 29.21 , 4517.54 , 0.15
428.39 , 457.60 , 29.21 , 4522.40 , 0.15
433.26 , 462.46 , 29.21 , 4517.54 , 0.15
433.26 , 462.46 , 29.21 , 4517.54 , 0.15
433.26 , 467.33 , 34.08 , 4512.67 , 0.17
433.26 , 467.33 , 34.08 , 4512.67 , 0.17
438.12 , 472.20 , 34.08 , 4507.80 , 0.17
438.12 , 467.33 , 29.21 , 4512.67 , 0.15
442.99 , 472.20 , 29.21 , 4507.80 , 0.15
442.99 , 477.07 , 34.08 , 4502.93 , 0.17
442.99 , 477.07 , 34.08 , 4502.93 , 0.17
442.99 , 477.07 , 34.08 , 4502.93 , 0.17
442.99 , 477.07 , 34.08 , 4502.93 , 0.17
447.86 , 481.94 , 34.08 , 4498.06 , 0.17
442.99 , 481.94 , 38.94 , 4498.06 , 0.19
447.86 , 486.80 , 38.94 , 4493.20 , 0.19
447.86 , 486.80 , 38.94 , 4493.20 , 0.19
442.99 , 486.80 , 43.81 , 4493.20 , 0.22
452.73 , 486.80 , 34.08 , 4493.20 , 0.17
452.73 , 491.67 , 38.94 , 4488.33 , 0.19
447.86 , 486.80 , 38.94 , 4493.20 , 0.19
452.73 , 496.54 , 43.81 , 4483.46 , 0.22
452.73 , 496.54 , 43.81 , 4483.46 , 0.22
452.73 , 496.54 , 43.81 , 4483.46 , 0.22
452.73 , 496.54 , 43.81 , 4483.46 , 0.22
457.60 , 496.54 , 38.94 , 4483.46 , 0.19
452.73 , 501.41 , 48.68 , 4478.59 , 0.24
457.60 , 496.54 , 38.94 , 4483.46 , 0.19
457.60 , 506.28 , 48.68 , 4473.72 , 0.24
457.60 , 506.28 , 48.68 , 4473.72 , 0.24
457.60 , 511.14 , 53.55 , 4468.86 , 0.27
462.46 , 516.01 , 53.55 , 4463.99 , 0.27
457.60 , 511.14 , 53.55 , 4468.86 , 0.27
462.46 , 516.01 , 53.55 , 4463.99 , 0.27
462.46 , 520.88 , 58.42 , 4459.12 , 0.29
467.33 , 520.88 , 53.55 , 4459.12 , 0.27
462.46 , 530.62 , 68.15 , 4449.38 , 0.34
467.33 , 525.75 , 58.42 , 4454.25 , 0.29
467.33 , 530.62 , 63.28 , 4449.38 , 0.32
472.20 , 540.35 , 68.15 , 4439.65 , 0.34
472.20 , 540.35 , 68.15 , 4439.65 , 0.34
477.07 , 540.35 , 63.28 , 4439.65 , 0.32
477.07 , 545.22 , 68.15 , 4434.78 , 0.34
477.07 , 550.09 , 73.02 , 4429.91 , 0.37
477.07 , 550.09 , 73.02 , 4429.91 , 0.37
481.94 , 559.82 , 77.89 , 4420.18 , 0.39
481.94 , 564.69 , 82.76 , 4415.31 , 0.41
481.94 , 569.56 , 87.62 , 4410.44 , 0.44
486.80 , 574.43 , 87.62 , 4405.57 , 0.44
486.80 , 579.30 , 92.49 , 4400.70 , 0.46
486.80 , 584.16 , 97.36 , 4395.84 , 0.49
491.67 , 589.03 , 97.36 , 4390.97 , 0.49
496.54 , 593.90 , 97.36 , 4386.10 , 0.49
496.54 , 603.64 , 107.10 , 4376.36 , 0.54
496.54 , 613.37 , 116.83 , 4366.63 , 0.58
501.41 , 618.24 , 116.83 , 4361.76 , 0.58
501.41 , 627.98 , 126.57 , 4352.02 , 0.63
501.41 , 637.71 , 136.30 , 4342.29 , 0.68
511.14 , 647.45 , 136.30 , 4332.55 , 0.68
511.14 , 662.05 , 150.91 , 4317.95 , 0.75
511.14 , 676.66 , 165.51 , 4303.34 , 0.83
516.01 , 691.26 , 175.25 , 4288.74 , 0.88
516.01 , 705.87 , 189.85 , 4274.13 , 0.95
525.75 , 725.34 , 199.59 , 4254.66 , 1.00
530.62 , 749.68 , 219.06 , 4230.32 , 1.10
535.48 , 778.89 , 243.40 , 4201.11 , 1.22
535.48 , 812.96 , 277.48 , 4167.04 , 1.39
545.22 , 856.77 , 311.55 , 4123.23 , 1.56
554.96 , 910.32 , 355.37 , 4069.68 , 1.78
564.69 , 983.34 , 418.65 , 3996.66 , 2.09
574.43 , 1085.57 , 511.14 , 3894.43 , 2.56
589.03 , 1236.48 , 647.45 , 3743.52 , 3.24
603.64 , 1499.35 , 895.72 , 3480.64 , 4.48
632.84 , 2078.65 , 1445.81 , 2901.35 , 7.23
720.47 , 4425.04 , 3704.57 , 554.96 , 18.52
720.47 , 4425.04 , 3704.57 , 554.96 , 18.52
