68.15 , 63.28 , -4.87 , 4916.72 , -0.02
107.10 , 116.83 , 9.74 , 4863.17 , 0.05
141.17 , 146.04 , 4.87 , 4833.96 , 0.02
189.85 , 180.12 , -9.74 , 4799.88 , -0.05
219.06 , 219.06 , 0.00 , 4760.94 , 0.00
258.01 , 258.01 , 0.00 , 4721.99 , 0.00
287.21 , 287.21 , 0.00 , 4692.79 , 0.00
316.42 , 316.42 , 0.00 , 4663.58 , 0.00
335.89 , 340.76 , 4.87 , 4639.24 , 0.02
355.37 , 355.37 , 0.00 , 4624.63 , 0.00
365.10 , 365.10 , 0.00 , 4614.90 , 0.00
369.97 , 379.71 , 9.74 , 4600.29 , 0.05
374.84 , 384.57 , 9.74 , 4595.43 , 0.05
384.57 , 389.44 , 4.87 , 4590.56 , 0.02
384.57 , 394.31 , 9.74 , 4585.69 , 0.05
389.44 , 399.18 , 9.74 , 4580.82 , 0.05
389.44 , 404.05 , 14.60 , 4575.95 , 0.07
394.31 , 408.91 , 14.60 , 4571.08 , 0.07
399.18 , 408.91 , 9.74 , 4571.08 , 0.05
399.18 , 408.91 , 9.74 , 4571.08 , 0.05
404.05 , 413.78 , 9.74 , 4566.22 , 0.05
408.91 , 418.65 , 9.74 , 4561.35 , 0.05
408.91 , 418.65 , 9.74 , 4561.35 , 0.05
408.91 , 423.52 , 14.60 , 4556.48 , 0.07
413.78 , 423.52 , 9.74 , 4556.48 , 0.05
408.91 , 428.39 , 19.47 , 4551.61 , 0.10
413.78 , 428.39 , 14.60 , 4551.61 , 0.07
413.78 , 433.26 , 19.47 , 4546.75 , 0.10
418.65 , 433.26 , 14.60 , 4546.75 , 0.07
418.65 , 438.12 , 19.47 , 4541.88 , 0.10
418.65 , 433.26 , 14.60 , 4546.75 , 0.07
418.65 , 433.26 , 14.60 , 4546.75 , 0.07
418.65 , 438.12 , 19.47 , 4541.88 , 0.10
418.65 , 438.12 , 19.47 , 4541.88 , 0.10
423.52 , 442.99 , 19.47 , 4537.01 , 0.10
418.65 , 442.99 , 24.34 , 4537.01 , 0.12
423.52 , 442.99 , 19.47 , 4537.01 , 0.10
423.52 , 442.99 , 19.47 , 4537.01 , 0.10
428.39 , 447.86 , 19.47 , 4532.14 , 0.10
428.39 , 447.86 , 19.47 , 4532.14 , 0.10
428.39 , 447.86 , 19.47 , 4532.14 , 0.10
428.39 , 447.86 , 19.47 , 4532.14 , 0.10
428.39 , 452.73 , 24.34 , 4527.27 , 0.12
428.39 , 452.73 , 24.34 , 4527.27 , 0.12
433.26 , 457.60 , 24.34 , 4522.40 , 0.12
433.26 , 457.60 , 24.34 , 4522.40 , 0.12
433.26 , 457.60 , 24.34 , 4522.40 , 0.12
438.12 , 457.60 , 19.47 , 4522.40 , 0.10
433.26 , 457.60 , 24.34 , 4522.40 , 0.12
433.26 , 457.60 , 24.34 , 4522.40 , 0.12
433.26 , 457.60 , 24.34 , 4522.40 , 0.12
438.12 , 462.46 , 24.34 , 4517.54 , 0.12
438.12 , 462.46 , 24.34 , 4517.54 , 0.12
433.26 , 467.33 , 34.08 , 4512.67 , 0.17
438.12 , 467.33 , 29.21 , 4512.67 , 0.15
442.99 , 472.20 , 29.21 , 4507.80 , 0.15
438.12 , 472.20 , 34.08 , 4507.80 , 0.17
438.12 , 467.33 , 29.21 , 4512.67 , 0.15
438.12 , 477.07 , 38.94 , 4502.93 , 0.19
442.99 , 472.20 , 29.21 , 4507.80 , 0.15
442.99 , 477.07 , 34.08 , 4502.93 , 0.17
442.99 , 477.07 , 34.08 , 4502.93 , 0.17
442.99 , 472.20 , 29.21 , 4507.80 , 0.15
442.99 , 481.94 , 38.94 , 4498.06 , 0.19
442.99 , 477.07 , 34.08 , 4502.93 , 0.17
447.86 , 481.94 , 34.08 , 4498.06 , 0.17
447.86 , 481.94 , 34.08 , 4498.06 , 0.17
447.86 , 486.80 , 38.94 , 4493.20 , 0.19
447.86 , 486.80 , 38.94 , 4493.20 , 0.19
452.73 , 491.67 , 38.94 , 4488.33 , 0.19
447.86 , 491.67 , 43.81 , 4488.33 , 0.22
452.73 , 496.54 , 43.81 , 4483.46 , 0.22
452.73 , 491.67 , 38.94 , 4488.33 , 0.19
452.73 , 491.67 , 38.94 , 4488.33 , 0.19
452.73 , 496.54 , 43.81 , 4483.46 , 0.22
457.60 , 501.41 , 43.81 , 4478.59 , 0.22
457.60 , 496.54 , 38.94 , 4483.46 , 0.19
457.60 , 501.41 , 43.81 , 4478.59 , 0.22
457.60 , 501.41 , 43.81 , 4478.59 , 0.22
457.60 , 501.41 , 43.81 , 4478.59 , 0.22
457.60 , 511.14 , 53.55 , 4468.86 , 0.27
457.60 , 516.01 , 58.42 , 4463.99 , 0.29
457.60 , 516.01 , 58.42 , 4463.99 , 0.29
462.46 , 516.01 , 53.55 , 4463.99 , 0.27
462.46 , 516.01 , 53.55 , 4463.99 , 0.27
467.33 , 520.88 , 53.55 , 4459.12 , 0.27
472.20 , 525.75 , 53.55 , 4454.25 , 0.27
467.33 , 525.75 , 58.42 , 4454.25 , 0.29
467.33 , 530.62 , 63.28 , 4449.38 , 0.32
467.33 , 530.62 , 63.28 , 4449.38 , 0.32
467.33 , 535.48 , 68.15 , 4444.52 , 0.34
472.20 , 540.35 , 68.15 , 4439.65 , 0.34
472.20 , 545.22 , 73.02 , 4434.78 , 0.37
472.20 , 545.22 , 73.02 , 4434.78 , 0.37
477.07 , 550.09 , 73.02 , 4429.91 , 0.37
477.07 , 550.09 , 73.02 , 4429.91 , 0.37
481.94 , 554.96 , 73.02 , 4425.04 , 0.37
481.94 , 559.82 , 77.89 , 4420.18 , 0.39
481.94 , 559.82 , 77.89 , 4420.18 , 0.39
486.80 , 574.43 , 87.62 , 4405.57 , 0.44
486.80 , 574.43 , 87.62 , 4405.57 , 0.44
486.80 , 579.30 , 92.49 , 4400.70 , 0.46
491.67 , 584.16 , 92.49 , 4395.84 , 0.46
496.54 , 589.03 , 92.49 , 4390.97 , 0.46
496.54 , 598.77 , 102.23 , 4381.23 , 0.51
496.54 , 603.64 , 107.10 , 4376.36 , 0.54
501.41 , 618.24 , 116.83 , 4361.76 , 0.58
501.41 , 618.24 , 116.83 , 4361.76 , 0.58
506.28 , 627.98 , 121.70 , 4352.02 , 0.61
511.14 , 642.58 , 131.44 , 4337.42 , 0.66
506.28 , 652.32 , 146.04 , 4327.68 , 0.73
516.01 , 662.05 , 146.04 , 4317.95 , 0.73
511.14 , 676.66 , 165.51 , 4303.34 , 0.83
520.88 , 696.13 , 175.25 , 4283.87 , 0.88
525.75 , 710.73 , 184.99 , 4269.27 , 0.92
525.75 , 730.21 , 204.46 , 4249.79 , 1.02
530.62 , 749.68 , 219.06 , 4230.32 , 1.10
540.35 , 783.75 , 243.40 , 4196.25 , 1.22
540.35 , 812.96 , 272.61 , 4167.04 , 1.36
550.09 , 856.77 , 306.69 , 4123.23 , 1.53
554.96 , 910.32 , 355.37 , 4069.68 , 1.78
564.69 , 983.34 , 418.65 , 3996.66 , 2.09
579.30 , 1085.57 , 506.28 , 3894.43 , 2.53
589.03 , 1236.48 , 647.45 , 3743.52 , 3.24
608.50 , 1504.22 , 895.72 , 3475.78 , 4.48
637.71 , 2078.65 , 1440.94 , 2901.35 , 7.20
725.34 , 4415.31 , 3689.97 , 564.69 , 18.45
725.34 , 4415.31 , 3689.97 , 564.69 , 18.45
