68.15 , 63.28 , -4.87 , 4916.72 , -0.02
107.10 , 107.10 , 0.00 , 4872.90 , 0.00
146.04 , 146.04 , 0.00 , 4833.96 , 0.00
180.12 , 189.85 , 9.74 , 4790.15 , 0.05
223.93 , 228.80 , 4.87 , 4751.20 , 0.02
262.87 , 258.01 , -4.87 , 4721.99 , -0.02
292.08 , 292.08 , 0.00 , 4687.92 , 0.00
316.42 , 326.16 , 9.74 , 4653.84 , 0.05
335.89 , 335.89 , 0.00 , 4644.11 , 0.00
350.50 , 355.37 , 4.87 , 4624.63 , 0.02
360.23 , 369.97 , 9.74 , 4610.03 , 0.05
374.84 , 374.84 , 0.00 , 4605.16 , 0.00
379.71 , 384.57 , 4.87 , 4595.43 , 0.02
374.84 , 389.44 , 14.60 , 4590.56 , 0.07
384.57 , 399.18 , 14.60 , 4580.82 , 0.07
389.44 , 399.18 , 9.74 , 4580.82 , 0.05
389.44 , 399.18 , 9.74 , 4580.82 , 0.05
394.31 , 404.05 , 9.74 , 4575.95 , 0.05
399.18 , 408.91 , 9.74 , 4571.08 , 0.05
399.18 , 413.78 , 14.60 , 4566.22 , 0.07
404.05 , 413.78 , 9.74 , 4566.22 , 0.05
404.05 , 413.78 , 9.74 , 4566.22 , 0.05
404.05 , 418.65 , 14.60 , 4561.35 , 0.07
408.91 , 418.65 , 9.74 , 4561.35 , 0.05
408.91 , 423.52 , 14.60 , 4556.48 , 0.07
413.78 , 428.39 , 14.60 , 4551.61 , 0.07
413.78 , 423.52 , 9.74 , 4556.48 , 0.05
413.78 , 428.39 , 14.60 , 4551.61 , 0.07
408.91 , 428.39 , 19.47 , 4551.61 , 0.10
413.78 , 428.39 , 14.60 , 4551.61 , 0.07
418.65 , 433.26 , 14.60 , 4546.75 , 0.07
418.65 , 438.12 , 19.47 , 4541.88 , 0.10
413.78 , 438.12 , 24.34 , 4541.88 , 0.12
418.65 , 433.26 , 14.60 , 4546.75 , 0.07
418.65 , 438.12 , 19.47 , 4541.88 , 0.10
423.52 , 438.12 , 14.60 , 4541.88 , 0.07
418.65 , 442.99 , 24.34 , 4537.01 , 0.12
418.65 , 447.86 , 29.21 , 4532.14 , 0.15
423.52 , 442.99 , 19.47 , 4537.01 , 0.10
428.39 , 442.99 , 14.60 , 4537.01 , 0.07
423.52 , 442.99 , 19.47 , 4537.01 , 0.10
423.52 , 452.73 , 29.21 , 4527.27 , 0.15
428.39 , 447.86 , 19.47 , 4532.14 , 0.10
428.39 , 452.73 , 24.34 , 4527.27 , 0.12
428.39 , 452.73 , 24.34 , 4527.27 , 0.12
428.39 , 452.73 , 24.34 , 4527.27 , 0.12
428.39 , 457.60 , 29.21 , 4522.40 , 0.15
428.39 , 457.60 , 29.21 , 4522.40 , 0.15
433.26 , 457.60 , 24.34 , 4522.40 , 0.12
433.26 , 457.60 , 24.34 , 4522.40 , 0.12
428.39 , 462.46 , 34.08 , 4517.54 , 0.17
433.26 , 462.46 , 29.21 , 4517.54 , 0.15
433.26 , 462.46 , 29.21 , 4517.54 , 0.15
433.26 , 462.46 , 29.21 , 4517.54 , 0.15
438.12 , 467.33 , 29.21 , 4512.67 , 0.15
438.12 , 467.33 , 29.21 , 4512.67 , 0.15
438.12 , 472.20 , 34.08 , 4507.80 , 0.17
438.12 , 467.33 , 29.21 , 4512.67 , 0.15
438.12 , 472.20 , 34.08 , 4507.80 , 0.17
442.99 , 472.20 , 29.21 , 4507.80 , 0.15
438.12 , 472.20 , 34.08 , 4507.80 , 0.17
442.99 , 477.07 , 34.08 , 4502.93 , 0.17
442.99 , 477.07 , 34.08 , 4502.93 , 0.17
442.99 , 477.07 , 34.08 , 4502.93 , 0.17
442.99 , 481.94 , 38.94 , 4498.06 , 0.19
447.86 , 477.07 , 29.21 , 4502.93 , 0.15
447.86 , 481.94 , 34.08 , 4498.06 , 0.17
452.73 , 481.94 , 29.21 , 4498.06 , 0.15
447.86 , 486.80 , 38.94 , 4493.20 , 0.19
447.86 , 486.80 , 38.94 , 4493.20 , 0.19
447.86 , 486.80 , 38.94 , 4493.20 , 0.19
447.86 , 491.67 , 43.81 , 4488.33 , 0.22
452.73 , 491.67 , 38.94 , 4488.33 , 0.19
447.86 , 496.54 , 48.68 , 4483.46 , 0.24
452.73 , 496.54 , 43.81 , 4483.46 , 0.22
452.73 , 496.54 , 43.81 , 4483.46 , 0.22
457.60 , 501.41 , 43.81 , 4478.59 , 0.22
452.73 , 506.28 , 53.55 , 4473.72 , 0.27
457.60 , 506.28 , 48.68 , 4473.72 , 0.24
457.60 , 506.28 , 48.68 , 4473.72 , 0.24
457.60 , 506.28 , 48.68 , 4473.72 , 0.24
462.46 , 506.28 , 43.81 , 4473.72 , 0.22
457.60 , 511.14 , 53.55 , 4468.86 , 0.27
462.46 , 516.01 , 53.55 , 4463.99 , 0.27
462.46 , 516.01 , 53.55 , 4463.99 , 0.27
462.46 , 520.88 , 58.42 , 4459.12 , 0.29
467.33 , 516.01 , 48.68 , 4463.99 , 0.24
472.20 , 520.88 , 48.68 , 4459.12 , 0.24
467.33 , 525.75 , 58.42 , 4454.25 , 0.29
467.33 , 530.62 , 63.28 , 4449.38 , 0.32
472.20 , 530.62 , 58.42 , 4449.38 , 0.29
472.20 , 535.48 , 63.28 , 4444.52 , 0.32
467.33 , 535.48 , 68.15 , 4444.52 , 0.34
477.07 , 545.22 , 68.15 , 4434.78 , 0.34
477.07 , 545.22 , 68.15 , 4434.78 , 0.34
477.07 , 545.22 , 68.15 , 4434.78 , 0.34
477.07 , 554.96 , 77.89 , 4425.04 , 0.39
481.94 , 559.82 , 77.89 , 4420.18 , 0.39
481.94 , 564.69 , 82.76 , 4415.31 , 0.41
481.94 , 569.56 , 87.62 , 4410.44 , 0.44
486.80 , 574.43 , 87.62 , 4405.57 , 0.44
486.80 , 574.43 , 87.62 , 4405.57 , 0.44
491.67 , 584.16 , 92.49 , 4395.84 , 0.46
486.80 , 593.90 , 107.10 , 4386.10 , 0.54
491.67 , 593.90 , 102.23 , 4386.10 , 0.51
496.54 , 603.64 , 107.10 , 4376.36 , 0.54
501.41 , 608.50 , 107.10 , 4371.50 , 0.54
501.41 , 618.24 , 116.83 , 4361.76 , 0.58
501.41 , 627.98 , 126.57 , 4352.02 , 0.63
506.28 , 642.58 , 136.30 , 4337.42 , 0.68
506.28 , 647.45 , 141.17 , 4332.55 , 0.71
516.01 , 662.05 , 146.04 , 4317.95 , 0.73
516.01 , 676.66 , 160.65 , 4303.34 , 0.80
520.88 , 691.26 , 170.38 , 4288.74 , 0.85
520.88 , 710.73 , 189.85 , 4269.27 , 0.95
525.75 , 730.21 , 204.46 , 4249.79 , 1.02
530.62 , 754.55 , 223.93 , 4225.45 , 1.12
530.62 , 783.75 , 253.14 , 4196.25 , 1.27
540.35 , 812.96 , 272.61 , 4167.04 , 1.36
545.22 , 856.77 , 311.55 , 4123.23 , 1.56
554.96 , 905.45 , 350.50 , 4074.55 , 1.75
559.82 , 983.34 , 423.52 , 3996.66 , 2.12
574.43 , 1080.70 , 506.28 , 3899.30 , 2.53
584.16 , 1236.48 , 652.32 , 3743.52 , 3.26
608.50 , 1499.35 , 890.85 , 3480.64 , 4.45
637.71 , 2078.65 , 1440.94 , 2901.35 , 7.20
715.60 , 4425.04 , 3709.44 , 554.96 , 18.55
720.47 , 4425.04 , 3704.57 , 554.96 , 18.52
