68.15 , 68.15 , 0.00 , 4911.85 , 0.00
111.96 , 102.23 , -9.74 , 4877.77 , -0.05
146.04 , 146.04 , 0.00 , 4833.96 , 0.00
184.99 , 184.99 , 0.00 , 4795.01 , 0.00
219.06 , 223.93 , 4.87 , 4756.07 , 0.02
258.01 , 267.74 , 9.74 , 4712.26 , 0.05
292.08 , 287.21 , -4.87 , 4692.79 , -0.02
321.29 , 321.29 , 0.00 , 4658.71 , 0.00
335.89 , 335.89 , 0.00 , 4644.11 , 0.00
350.50 , 350.50 , 0.00 , 4629.50 , 0.00
365.10 , 369.97 , 4.87 , 4610.03 , 0.02
369.97 , 379.71 , 9.74 , 4600.29 , 0.05
374.84 , 384.57 , 9.74 , 4595.43 , 0.05
379.71 , 389.44 , 9.74 , 4590.56 , 0.05
384.57 , 394.31 , 9.74 , 4585.69 , 0.05
394.31 , 399.18 , 4.87 , 4580.82 , 0.02
394.31 , 404.05 , 9.74 , 4575.95 , 0.05
399.18 , 404.05 , 4.87 , 4575.95 , 0.02
404.05 , 408.91 , 4.87 , 4571.08 , 0.02
404.05 , 413.78 , 9.74 , 4566.22 , 0.05
399.18 , 413.78 , 14.60 , 4566.22 , 0.07
408.91 , 418.65 , 9.74 , 4561.35 , 0.05
404.05 , 423.52 , 19.47 , 4556.48 , 0.10
404.05 , 423.52 , 19.47 , 4556.48 , 0.10
413.78 , 418.65 , 4.87 , 4561.35 , 0.02
413.78 , 428.39 , 14.60 , 4551.61 , 0.07
413.78 , 428.39 , 14.60 , 4551.61 , 0.07
413.78 , 428.39 , 14.60 , 4551.61 , 0.07
413.78 , 433.26 , 19.47 , 4546.75 , 0.10
418.65 , 438.12 , 19.47 , 4541.88 , 0.10
418.65 , 442.99 , 24.34 , 4537.01 , 0.12
418.65 , 438.12 , 19.47 , 4541.88 , 0.10
423.52 , 438.12 , 14.60 , 4541.88 , 0.07
418.65 , 438.12 , 19.47 , 4541.88 , 0.10
423.52 , 442.99 , 19.47 , 4537.01 , 0.10
423.52 , 438.12 , 14.60 , 4541.88 , 0.07
418.65 , 442.99 , 24.34 , 4537.01 , 0.12
423.52 , 442.99 , 19.47 , 4537.01 , 0.10
423.52 , 447.86 , 24.34 , 4532.14 , 0.12
428.39 , 447.86 , 19.47 , 4532.14 , 0.10
428.39 , 452.73 , 24.34 , 4527.27 , 0.12
428.39 , 452.73 , 24.34 , 4527.27 , 0.12
433.26 , 447.86 , 14.60 , 4532.14 , 0.07
428.39 , 452.73 , 24.34 , 4527.27 , 0.12
428.39 , 452.73 , 24.34 , 4527.27 , 0.12
433.26 , 457.60 , 24.34 , 4522.40 , 0.12
428.39 , 452.73 , 24.34 , 4527.27 , 0.12
433.26 , 457.60 , 24.34 , 4522.40 , 0.12
428.39 , 457.60 , 29.21 , 4522.40 , 0.15
433.26 , 462.46 , 29.21 , 4517.54 , 0.15
433.26 , 457.60 , 24.34 , 4522.40 , 0.12
433.26 , 462.46 , 29.21 , 4517.54 , 0.15
442.99 , 467.33 , 24.34 , 4512.67 , 0.12
438.12 , 467.33 , 29.21 , 4512.67 , 0.15
438.12 , 462.46 , 24.34 , 4517.54 , 0.12
438.12 , 467.33 , 29.21 , 4512.67 , 0.15
438.12 , 467.33 , 29.21 , 4512.67 , 0.15
442.99 , 472.20 , 29.21 , 4507.80 , 0.15
438.12 , 472.20 , 34.08 , 4507.80 , 0.17
442.99 , 472.20 , 29.21 , 4507.80 , 0.15
438.12 , 477.07 , 38.94 , 4502.93 , 0.19
447.86 , 477.07 , 29.21 , 4502.93 , 0.15
442.99 , 477.07 , 34.08 , 4502.93 , 0.17
447.86 , 486.80 , 38.94 , 4493.20 , 0.19
447.86 , 481.94 , 34.08 , 4498.06 , 0.17
447.86 , 481.94 , 34.08 , 4498.06 , 0.17
447.86 , 481.94 , 34.08 , 4498.06 , 0.17
447.86 , 486.80 , 38.94 , 4493.20 , 0.19
447.86 , 481.94 , 34.08 , 4498.06 , 0.17
447.86 , 486.80 , 38.94 , 4493.20 , 0.19
447.86 , 491.67 , 43.81 , 4488.33 , 0.22
447.86 , 496.54 , 48.68 , 4483.46 , 0.24
452.73 , 491.67 , 38.94 , 4488.33 , 0.19
452.73 , 496.54 , 43.81 , 4483.46 , 0.22
452.73 , 496.54 , 43.81 , 4483.46 , 0.22
452.73 , 496.54 , 43.81 , 4483.46 , 0.22
457.60 , 506.28 , 48.68 , 4473.72 , 0.24
457.60 , 501.41 , 43.81 , 4478.59 , 0.22
457.60 , 506.28 , 48.68 , 4473.72 , 0.24
457.60 , 511.14 , 53.55 , 4468.86 , 0.27
462.46 , 511.14 , 48.68 , 4468.86 , 0.24
462.46 , 516.01 , 53.55 , 4463.99 , 0.27
457.60 , 511.14 , 53.55 , 4468.86 , 0.27
462.46 , 516.01 , 53.55 , 4463.99 , 0.27
462.46 , 516.01 , 53.55 , 4463.99 , 0.27
467.33 , 520.88 , 53.55 , 4459.12 , 0.27
467.33 , 520.88 , 53.55 , 4459.12 , 0.27
467.33 , 530.62 , 63.28 , 4449.38 , 0.32
467.33 , 525.75 , 58.42 , 4454.25 , 0.29
472.20 , 530.62 , 58.42 , 4449.38 , 0.29
472.20 , 530.62 , 58.42 , 4449.38 , 0.29
472.20 , 535.48 , 63.28 , 4444.52 , 0.32
472.20 , 540.35 , 68.15 , 4439.65 , 0.34
477.07 , 540.35 , 63.28 , 4439.65 , 0.32
477.07 , 550.09 , 73.02 , 4429.91 , 0.37
481.94 , 550.09 , 68.15 , 4429.91 , 0.34
477.07 , 559.82 , 82.76 , 4420.18 , 0.41
481.94 , 559.82 , 77.89 , 4420.18 , 0.39
481.94 , 569.56 , 87.62 , 4410.44 , 0.44
486.80 , 569.56 , 82.76 , 4410.44 , 0.41
486.80 , 569.56 , 82.76 , 4410.44 , 0.41
486.80 , 579.30 , 92.49 , 4400.70 , 0.46
491.67 , 584.16 , 92.49 , 4395.84 , 0.46
496.54 , 589.03 , 92.49 , 4390.97 , 0.46
491.67 , 598.77 , 107.10 , 4381.23 , 0.54
496.54 , 608.50 , 111.96 , 4371.50 , 0.56
501.41 , 608.50 , 107.10 , 4371.50 , 0.54
501.41 , 623.11 , 121.70 , 4356.89 , 0.61
501.41 , 632.84 , 131.44 , 4347.16 , 0.66
511.14 , 642.58 , 131.44 , 4337.42 , 0.66
506.28 , 652.32 , 146.04 , 4327.68 , 0.73
516.01 , 662.05 , 146.04 , 4317.95 , 0.73
516.01 , 676.66 , 160.65 , 4303.34 , 0.80
516.01 , 691.26 , 175.25 , 4288.74 , 0.88
525.75 , 710.73 , 184.99 , 4269.27 , 0.92
525.75 , 725.34 , 199.59 , 4254.66 , 1.00
530.62 , 754.55 , 223.93 , 4225.45 , 1.12
535.48 , 783.75 , 248.27 , 4196.25 , 1.24
540.35 , 817.83 , 277.48 , 4162.17 , 1.39
550.09 , 856.77 , 306.69 , 4123.23 , 1.53
554.96 , 910.32 , 355.37 , 4069.68 , 1.78
559.82 , 983.34 , 423.52 , 3996.66 , 2.12
574.43 , 1080.70 , 506.28 , 3899.30 , 2.53
593.90 , 1236.48 , 642.58 , 3743.52 , 3.21
608.50 , 1504.22 , 895.72 , 3475.78 , 4.48
642.58 , 2078.65 , 1436.07 , 2901.35 , 7.18
725.34 , 4415.31 , 3689.97 , 564.69 , 18.45
725.34 , 4420.18 , 3694.84 , 559.82 , 18.47
