68.15 , 68.15 , 0.00 , 4911.85 , 0.00
111.96 , 107.10 , -4.87 , 4872.90 , -0.02
150.91 , 146.04 , -4.87 , 4833.96 , -0.02
180.12 , 189.85 , 9.74 , 4790.15 , 0.05
214.19 , 219.06 , 4.87 , 4760.94 , 0.02
262.87 , 258.01 , -4.87 , 4721.99 , -0.02
296.95 , 292.08 , -4.87 , 4687.92 , -0.02
321.29 , 316.42 , -4.87 , 4663.58 , -0.02
340.76 , 340.76 , 0.00 , 4639.24 , 0.00
350.50 , 350.50 , 0.00 , 4629.50 , 0.00
360.23 , 365.10 , 4.87 , 4614.90 , 0.02
369.97 , 374.84 , 4.87 , 4605.16 , 0.02
374.84 , 384.57 , 9.74 , 4595.43 , 0.05
384.57 , 389.44 , 4.87 , 4590.56 , 0.02
389.44 , 394.31 , 4.87 , 4585.69 , 0.02
394.31 , 399.18 , 4.87 , 4580.82 , 0.02
394.31 , 408.91 , 14.60 , 4571.08 , 0.07
394.31 , 408.91 , 14.60 , 4571.08 , 0.07
394.31 , 408.91 , 14.60 , 4571.08 , 0.07
399.18 , 413.78 , 14.60 , 4566.22 , 0.07
404.05 , 413.78 , 9.74 , 4566.22 , 0.05
404.05 , 418.65 , 14.60 , 4561.35 , 0.07
404.05 , 418.65 , 14.60 , 4561.35 , 0.07
408.91 , 418.65 , 9.74 , 4561.35 , 0.05
408.91 , 423.52 , 14.60 , 4556.48 , 0.07
408.91 , 428.39 , 19.47 , 4551.61 , 0.10
413.78 , 433.26 , 19.47 , 4546.75 , 0.10
413.78 , 433.26 , 19.47 , 4546.75 , 0.10
413.78 , 428.39 , 14.60 , 4551.61 , 0.07
418.65 , 428.39 , 9.74 , 4551.61 , 0.05
418.65 , 438.12 , 19.47 , 4541.88 , 0.10
413.78 , 433.26 , 19.47 , 4546.75 , 0.10
423.52 , 433.26 , 9.74 , 4546.75 , 0.05
423.52 , 438.12 , 14.60 , 4541.88 , 0.07
423.52 , 438.12 , 14.60 , 4541.88 , 0.07
423.52 , 442.99 , 19.47 , 4537.01 , 0.10
423.52 , 442.99 , 19.47 , 4537.01 , 0.10
418.65 , 442.99 , 24.34 , 4537.01 , 0.12
423.52 , 442.99 , 19.47 , 4537.01 , 0.10
423.52 , 447.86 , 24.34 , 4532.14 , 0.12
428.39 , 447.86 , 19.47 , 4532.14 , 0.10
428.39 , 452.73 , 24.34 , 4527.27 , 0.12
428.39 , 452.73 , 24.34 , 4527.27 , 0.12
428.39 , 452.73 , 24.34 , 4527.27 , 0.12
433.26 , 452.73 , 19.47 , 4527.27 , 0.10
433.26 , 452.73 , 19.47 , 4527.27 , 0.10
428.39 , 452.73 , 24.34 , 4527.27 , 0.12
428.39 , 457.60 , 29.21 , 4522.40 , 0.15
433.26 , 462.46 , 29.21 , 4517.54 , 0.15
433.26 , 457.60 , 24.34 , 4522.40 , 0.12
438.12 , 462.46 , 24.34 , 4517.54 , 0.12
438.12 , 467.33 , 29.21 , 4512.67 , 0.15
438.12 , 467.33 , 29.21 , 4512.67 , 0.15
433.26 , 462.46 , 29.21 , 4517.54 , 0.15
438.12 , 467.33 , 29.21 , 4512.67 , 0.15
438.12 , 467.33 , 29.21 , 4512.67 , 0.15
438.12 , 467.33 , 29.21 , 4512.67 , 0.15
442.99 , 467.33 , 24.34 , 4512.67 , 0.12
438.12 , 472.20 , 34.08 , 4507.80 , 0.17
442.99 , 472.20 , 29.21 , 4507.80 , 0.15
438.12 , 472.20 , 34.08 , 4507.80 , 0.17
442.99 , 477.07 , 34.08 , 4502.93 , 0.17
442.99 , 477.07 , 34.08 , 4502.93 , 0.17
442.99 , 477.07 , 34.08 , 4502.93 , 0.17
447.86 , 481.94 , 34.08 , 4498.06 , 0.17
447.86 , 481.94 , 34.08 , 4498.06 , 0.17
452.73 , 486.80 , 34.08 , 4493.20 , 0.17
442.99 , 486.80 , 43.81 , 4493.20 , 0.22
447.86 , 486.80 , 38.94 , 4493.20 , 0.19
452.73 , 486.80 , 34.08 , 4493.20 , 0.17
452.73 , 486.80 , 34.08 , 4493.20 , 0.17
447.86 , 486.80 , 38.94 , 4493.20 , 0.19
452.73 , 491.67 , 38.94 , 4488.33 , 0.19
457.60 , 496.54 , 38.94 , 4483.46 , 0.19
457.60 , 496.54 , 38.94 , 4483.46 , 0.19
457.60 , 496.54 , 38.94 , 4483.46 , 0.19
452.73 , 496.54 , 43.81 , 4483.46 , 0.22
452.73 , 501.41 , 48.68 , 4478.59 , 0.24
462.46 , 506.28 , 43.81 , 4473.72 , 0.22
462.46 , 511.14 , 48.68 , 4468.86 , 0.24
452.73 , 511.14 , 58.42 , 4468.86 , 0.29
457.60 , 511.14 , 53.55 , 4468.86 , 0.27
462.46 , 511.14 , 48.68 , 4468.86 , 0.24
467.33 , 516.01 , 48.68 , 4463.99 , 0.24
462.46 , 520.88 , 58.42 , 4459.12 , 0.29
467.33 , 520.88 , 53.55 , 4459.12 , 0.27
467.33 , 525.75 , 58.42 , 4454.25 , 0.29
467.33 , 530.62 , 63.28 , 4449.38 , 0.32
467.33 , 525.75 , 58.42 , 4454.25 , 0.29
472.20 , 535.48 , 63.28 , 4444.52 , 0.32
472.20 , 535.48 , 63.28 , 4444.52 , 0.32
472.20 , 540.35 , 68.15 , 4439.65 , 0.34
472.20 , 540.35 , 68.15 , 4439.65 , 0.34
477.07 , 550.09 , 73.02 , 4429.91 , 0.37
477.07 , 545.22 , 68.15 , 4434.78 , 0.34
481.94 , 550.09 , 68.15 , 4429.91 , 0.34
481.94 , 554.96 , 73.02 , 4425.04 , 0.37
481.94 , 559.82 , 77.89 , 4420.18 , 0.39
481.94 , 564.69 , 82.76 , 4415.31 , 0.41
486.80 , 569.56 , 82.76 , 4410.44 , 0.41
486.80 , 574.43 , 87.62 , 4405.57 , 0.44
491.67 , 579.30 , 87.62 , 4400.70 , 0.44
491.67 , 584.16 , 92.49 , 4395.84 , 0.46
491.67 , 593.90 , 102.23 , 4386.10 , 0.51
491.67 , 598.77 , 107.10 , 4381.23 , 0.54
496.54 , 603.64 , 107.10 , 4376.36 , 0.54
496.54 , 613.37 , 116.83 , 4366.63 , 0.58
501.41 , 618.24 , 116.83 , 4361.76 , 0.58
501.41 , 632.84 , 131.44 , 4347.16 , 0.66
506.28 , 642.58 , 136.30 , 4337.42 , 0.68
511.14 , 652.32 , 141.17 , 4327.68 , 0.71
516.01 , 662.05 , 146.04 , 4317.95 , 0.73
520.88 , 676.66 , 155.78 , 4303.34 , 0.78
520.88 , 691.26 , 170.38 , 4288.74 , 0.85
520.88 , 710.73 , 189.85 , 4269.27 , 0.95
525.75 , 730.21 , 204.46 , 4249.79 , 1.02
535.48 , 749.68 , 214.19 , 4230.32 , 1.07
535.48 , 778.89 , 243.40 , 4201.11 , 1.22
540.35 , 817.83 , 277.48 , 4162.17 , 1.39
550.09 , 856.77 , 306.69 , 4123.23 , 1.53
554.96 , 915.19 , 360.23 , 4064.81 , 1.80
564.69 , 983.34 , 418.65 , 3996.66 , 2.09
579.30 , 1085.57 , 506.28 , 3894.43 , 2.53
593.90 , 1236.48 , 642.58 , 3743.52 , 3.21
613.37 , 1504.22 , 890.85 , 3475.78 , 4.45
637.71 , 2078.65 , 1440.94 , 2901.35 , 7.20
730.21 , 4410.44 , 3680.23 , 569.56 , 18.40
735.07 , 4405.57 , 3670.50 , 574.43 , 18.35
