68.15 , 68.15 , 0.00 , 4911.85 , 0.00
107.10 , 107.10 , 0.00 , 4872.90 , 0.00
150.91 , 141.17 , -9.74 , 4838.83 , -0.05
189.85 , 184.99 , -4.87 , 4795.01 , -0.02
223.93 , 219.06 , -4.87 , 4760.94 , -0.02
258.01 , 258.01 , 0.00 , 4721.99 , 0.00
292.08 , 287.21 , -4.87 , 4692.79 , -0.02
316.42 , 316.42 , 0.00 , 4663.58 , 0.00
335.89 , 335.89 , 0.00 , 4644.11 , 0.00
350.50 , 355.37 , 4.87 , 4624.63 , 0.02
365.10 , 369.97 , 4.87 , 4610.03 , 0.02
369.97 , 374.84 , 4.87 , 4605.16 , 0.02
374.84 , 384.57 , 9.74 , 4595.43 , 0.05
379.71 , 384.57 , 4.87 , 4595.43 , 0.02
384.57 , 394.31 , 9.74 , 4585.69 , 0.05
394.31 , 399.18 , 4.87 , 4580.82 , 0.02
394.31 , 404.05 , 9.74 , 4575.95 , 0.05
394.31 , 408.91 , 14.60 , 4571.08 , 0.07
394.31 , 408.91 , 14.60 , 4571.08 , 0.07
399.18 , 413.78 , 14.60 , 4566.22 , 0.07
404.05 , 413.78 , 9.74 , 4566.22 , 0.05
404.05 , 418.65 , 14.60 , 4561.35 , 0.07
408.91 , 418.65 , 9.74 , 4561.35 , 0.05
408.91 , 423.52 , 14.60 , 4556.48 , 0.07
408.91 , 428.39 , 19.47 , 4551.61 , 0.10
413.78 , 428.39 , 14.60 , 4551.61 , 0.07
413.78 , 428.39 , 14.60 , 4551.61 , 0.07
408.91 , 428.39 , 19.47 , 4551.61 , 0.10
413.78 , 433.26 , 19.47 , 4546.75 , 0.10
413.78 , 433.26 , 19.47 , 4546.75 , 0.10
413.78 , 433.26 , 19.47 , 4546.75 , 0.10
418.65 , 433.26 , 14.60 , 4546.75 , 0.07
418.65 , 438.12 , 19.47 , 4541.88 , 0.10
418.65 , 438.12 , 19.47 , 4541.88 , 0.10
418.65 , 438.12 , 19.47 , 4541.88 , 0.10
418.65 , 447.86 , 29.21 , 4532.14 , 0.15
423.52 , 442.99 , 19.47 , 4537.01 , 0.10
423.52 , 447.86 , 24.34 , 4532.14 , 0.12
423.52 , 447.86 , 24.34 , 4532.14 , 0.12
423.52 , 447.86 , 24.34 , 4532.14 , 0.12
428.39 , 447.86 , 19.47 , 4532.14 , 0.10
428.39 , 447.86 , 19.47 , 4532.14 , 0.10
428.39 , 452.73 , 24.34 , 4527.27 , 0.12
428.39 , 452.73 , 24.34 , 4527.27 , 0.12
428.39 , 452.73 , 24.34 , 4527.27 , 0.12
433.26 , 452.73 , 19.47 , 4527.27 , 0.10
433.26 , 452.73 , 19.47 , 4527.27 , 0.10
428.39 , 452.73 , 24.34 , 4527.27 , 0.12
428.39 , 457.60 , 29.21 , 4522.40 , 0.15
433.26 , 457.60 , 24.34 , 4522.40 , 0.12
438.12 , 462.46 , 24.34 , 4517.54 , 0.12
433.26 , 462.46 , 29.21 , 4517.54 , 0.15
438.12 , 462.46 , 24.34 , 4517.54 , 0.12
433.26 , 467.33 , 34.08 , 4512.67 , 0.17
438.12 , 467.33 , 29.21 , 4512.67 , 0.15
438.12 , 467.33 , 29.21 , 4512.67 , 0.15
438.12 , 467.33 , 29.21 , 4512.67 , 0.15
442.99 , 472.20 , 29.21 , 4507.80 , 0.15
442.99 , 467.33 , 24.34 , 4512.67 , 0.12
442.99 , 472.20 , 29.21 , 4507.80 , 0.15
442.99 , 477.07 , 34.08 , 4502.93 , 0.17
442.99 , 472.20 , 29.21 , 4507.80 , 0.15
438.12 , 472.20 , 34.08 , 4507.80 , 0.17
442.99 , 477.07 , 34.08 , 4502.93 , 0.17
447.86 , 477.07 , 29.21 , 4502.93 , 0.15
447.86 , 477.07 , 29.21 , 4502.93 , 0.15
447.86 , 481.94 , 34.08 , 4498.06 , 0.17
447.86 , 481.94 , 34.08 , 4498.06 , 0.17
442.99 , 486.80 , 43.81 , 4493.20 , 0.22
452.73 , 486.80 , 34.08 , 4493.20 , 0.17
452.73 , 486.80 , 34.08 , 4493.20 , 0.17
452.73 , 491.67 , 38.94 , 4488.33 , 0.19
452.73 , 491.67 , 38.94 , 4488.33 , 0.19
452.73 , 496.54 , 43.81 , 4483.46 , 0.22
447.86 , 491.67 , 43.81 , 4488.33 , 0.22
452.73 , 496.54 , 43.81 , 4483.46 , 0.22
457.60 , 501.41 , 43.81 , 4478.59 , 0.22
457.60 , 501.41 , 43.81 , 4478.59 , 0.22
457.60 , 506.28 , 48.68 , 4473.72 , 0.24
462.46 , 506.28 , 43.81 , 4473.72 , 0.22
457.60 , 511.14 , 53.55 , 4468.86 , 0.27
462.46 , 506.28 , 43.81 , 4473.72 , 0.22
457.60 , 511.14 , 53.55 , 4468.86 , 0.27
467.33 , 516.01 , 48.68 , 4463.99 , 0.24
467.33 , 520.88 , 53.55 , 4459.12 , 0.27
467.33 , 516.01 , 48.68 , 4463.99 , 0.24
462.46 , 520.88 , 58.42 , 4459.12 , 0.29
467.33 , 525.75 , 58.42 , 4454.25 , 0.29
467.33 , 525.75 , 58.42 , 4454.25 , 0.29
472.20 , 530.62 , 58.42 , 4449.38 , 0.29
472.20 , 535.48 , 63.28 , 4444.52 , 0.32
472.20 , 535.48 , 63.28 , 4444.52 , 0.32
477.07 , 540.35 , 63.28 , 4439.65 , 0.32
472.20 , 540.35 , 68.15 , 4439.65 , 0.34
477.07 , 545.22 , 68.15 , 4434.78 , 0.34
477.07 , 550.09 , 73.02 , 4429.91 , 0.37
481.94 , 554.96 , 73.02 , 4425.04 , 0.37
481.94 , 559.82 , 77.89 , 4420.18 , 0.39
481.94 , 564.69 , 82.76 , 4415.31 , 0.41
481.94 , 564.69 , 82.76 , 4415.31 , 0.41
486.80 , 574.43 , 87.62 , 4405.57 , 0.44
486.80 , 579.30 , 92.49 , 4400.70 , 0.46
491.67 , 589.03 , 97.36 , 4390.97 , 0.49
491.67 , 593.90 , 102.23 , 4386.10 , 0.51
491.67 , 598.77 , 107.10 , 4381.23 , 0.54
496.54 , 608.50 , 111.96 , 4371.50 , 0.56
496.54 , 608.50 , 111.96 , 4371.50 , 0.56
501.41 , 623.11 , 121.70 , 4356.89 , 0.61
506.28 , 627.98 , 121.70 , 4352.02 , 0.61
506.28 , 642.58 , 136.30 , 4337.42 , 0.68
506.28 , 652.32 , 146.04 , 4327.68 , 0.73
511.14 , 666.92 , 155.78 , 4313.08 , 0.78
511.14 , 676.66 , 165.51 , 4303.34 , 0.83
516.01 , 691.26 , 175.25 , 4288.74 , 0.88
520.88 , 705.87 , 184.99 , 4274.13 , 0.92
525.75 , 735.07 , 209.33 , 4244.93 , 1.05
535.48 , 749.68 , 214.19 , 4230.32 , 1.07
535.48 , 778.89 , 243.40 , 4201.11 , 1.22
540.35 , 812.96 , 272.61 , 4167.04 , 1.36
545.22 , 861.64 , 316.42 , 4118.36 , 1.58
554.96 , 915.19 , 360.23 , 4064.81 , 1.80
559.82 , 983.34 , 423.52 , 3996.66 , 2.12
574.43 , 1080.70 , 506.28 , 3899.30 , 2.53
589.03 , 1236.48 , 647.45 , 3743.52 , 3.24
608.50 , 1499.35 , 890.85 , 3480.64 , 4.45
637.71 , 2078.65 , 1440.94 , 2901.35 , 7.20
720.47 , 4425.04 , 3704.57 , 554.96 , 18.52
720.47 , 4425.04 , 3704.57 , 554.96 , 18.52
