68.15 , 63.28 , -4.87 , 4916.72 , -0.02
107.10 , 107.10 , 0.00 , 4872.90 , 0.00
150.91 , 146.04 , -4.87 , 4833.96 , -0.02
184.99 , 184.99 , 0.00 , 4795.01 , 0.00
219.06 , 219.06 , 0.00 , 4760.94 , 0.00
209.33 , 258.01 , 48.68 , 4721.99 , 0.24
292.08 , 292.08 , 0.00 , 4687.92 , 0.00
316.42 , 321.29 , 4.87 , 4658.71 , 0.02
340.76 , 340.76 , 0.00 , 4639.24 , 0.00
350.50 , 350.50 , 0.00 , 4629.50 , 0.00
360.23 , 369.97 , 9.74 , 4610.03 , 0.05
374.84 , 374.84 , 0.00 , 4605.16 , 0.00
374.84 , 384.57 , 9.74 , 4595.43 , 0.05
379.71 , 389.44 , 9.74 , 4590.56 , 0.05
389.44 , 394.31 , 4.87 , 4585.69 , 0.02
389.44 , 394.31 , 4.87 , 4585.69 , 0.02
389.44 , 404.05 , 14.60 , 4575.95 , 0.07
394.31 , 408.91 , 14.60 , 4571.08 , 0.07
399.18 , 408.91 , 9.74 , 4571.08 , 0.05
399.18 , 413.78 , 14.60 , 4566.22 , 0.07
404.05 , 413.78 , 9.74 , 4566.22 , 0.05
404.05 , 418.65 , 14.60 , 4561.35 , 0.07
408.91 , 413.78 , 4.87 , 4566.22 , 0.02
404.05 , 423.52 , 19.47 , 4556.48 , 0.10
408.91 , 428.39 , 19.47 , 4551.61 , 0.10
408.91 , 423.52 , 14.60 , 4556.48 , 0.07
413.78 , 433.26 , 19.47 , 4546.75 , 0.10
413.78 , 428.39 , 14.60 , 4551.61 , 0.07
418.65 , 428.39 , 9.74 , 4551.61 , 0.05
418.65 , 438.12 , 19.47 , 4541.88 , 0.10
418.65 , 433.26 , 14.60 , 4546.75 , 0.07
418.65 , 433.26 , 14.60 , 4546.75 , 0.07
418.65 , 438.12 , 19.47 , 4541.88 , 0.10
413.78 , 438.12 , 24.34 , 4541.88 , 0.12
423.52 , 442.99 , 19.47 , 4537.01 , 0.10
418.65 , 447.86 , 29.21 , 4532.14 , 0.15
423.52 , 442.99 , 19.47 , 4537.01 , 0.10
418.65 , 442.99 , 24.34 , 4537.01 , 0.12
423.52 , 447.86 , 24.34 , 4532.14 , 0.12
428.39 , 447.86 , 19.47 , 4532.14 , 0.10
423.52 , 447.86 , 24.34 , 4532.14 , 0.12
428.39 , 452.73 , 24.34 , 4527.27 , 0.12
428.39 , 447.86 , 19.47 , 4532.14 , 0.10
428.39 , 452.73 , 24.34 , 4527.27 , 0.12
423.52 , 452.73 , 29.21 , 4527.27 , 0.15
428.39 , 457.60 , 29.21 , 4522.40 , 0.15
428.39 , 457.60 , 29.21 , 4522.40 , 0.15
433.26 , 457.60 , 24.34 , 4522.40 , 0.12
438.12 , 457.60 , 19.47 , 4522.40 , 0.10
433.26 , 457.60 , 24.34 , 4522.40 , 0.12
433.26 , 462.46 , 29.21 , 4517.54 , 0.15
433.26 , 457.60 , 24.34 , 4522.40 , 0.12
433.26 , 467.33 , 34.08 , 4512.67 , 0.17
438.12 , 462.46 , 24.34 , 4517.54 , 0.12
433.26 , 467.33 , 34.08 , 4512.67 , 0.17
438.12 , 467.33 , 29.21 , 4512.67 , 0.15
438.12 , 467.33 , 29.21 , 4512.67 , 0.15
442.99 , 472.20 , 29.21 , 4507.80 , 0.15
442.99 , 472.20 , 29.21 , 4507.80 , 0.15
442.99 , 472.20 , 29.21 , 4507.80 , 0.15
447.86 , 472.20 , 24.34 , 4507.80 , 0.12
442.99 , 477.07 , 34.08 , 4502.93 , 0.17
438.12 , 477.07 , 38.94 , 4502.93 , 0.19
438.12 , 472.20 , 34.08 , 4507.80 , 0.17
442.99 , 481.94 , 38.94 , 4498.06 , 0.19
447.86 , 486.80 , 38.94 , 4493.20 , 0.19
447.86 , 486.80 , 38.94 , 4493.20 , 0.19
442.99 , 486.80 , 43.81 , 4493.20 , 0.22
447.86 , 486.80 , 38.94 , 4493.20 , 0.19
447.86 , 491.67 , 43.81 , 4488.33 , 0.22
447.86 , 486.80 , 38.94 , 4493.20 , 0.19
452.73 , 491.67 , 38.94 , 4488.33 , 0.19
452.73 , 491.67 , 38.94 , 4488.33 , 0.19
447.86 , 496.54 , 48.68 , 4483.46 , 0.24
452.73 , 491.67 , 38.94 , 4488.33 , 0.19
457.60 , 501.41 , 43.81 , 4478.59 , 0.22
452.73 , 501.41 , 48.68 , 4478.59 , 0.24
457.60 , 496.54 , 38.94 , 4483.46 , 0.19
457.60 , 501.41 , 43.81 , 4478.59 , 0.22
462.46 , 506.28 , 43.81 , 4473.72 , 0.22
462.46 , 511.14 , 48.68 , 4468.86 , 0.24
457.60 , 511.14 , 53.55 , 4468.86 , 0.27
462.46 , 511.14 , 48.68 , 4468.86 , 0.24
462.46 , 511.14 , 48.68 , 4468.86 , 0.24
467.33 , 516.01 , 48.68 , 4463.99 , 0.24
467.33 , 520.88 , 53.55 , 4459.12 , 0.27
462.46 , 520.88 , 58.42 , 4459.12 , 0.29
467.33 , 525.75 , 58.42 , 4454.25 , 0.29
472.20 , 525.75 , 53.55 , 4454.25 , 0.27
467.33 , 530.62 , 63.28 , 4449.38 , 0.32
467.33 , 535.48 , 68.15 , 4444.52 , 0.34
472.20 , 535.48 , 63.28 , 4444.52 , 0.32
477.07 , 540.35 , 63.28 , 4439.65 , 0.32
472.20 , 540.35 , 68.15 , 4439.65 , 0.34
472.20 , 545.22 , 73.02 , 4434.78 , 0.37
477.07 , 550.09 , 73.02 , 4429.91 , 0.37
481.94 , 554.96 , 73.02 , 4425.04 , 0.37
481.94 , 554.96 , 73.02 , 4425.04 , 0.37
481.94 , 564.69 , 82.76 , 4415.31 , 0.41
486.80 , 569.56 , 82.76 , 4410.44 , 0.41
486.80 , 569.56 , 82.76 , 4410.44 , 0.41
486.80 , 579.30 , 92.49 , 4400.70 , 0.46
486.80 , 584.16 , 97.36 , 4395.84 , 0.49
496.54 , 593.90 , 97.36 , 4386.10 , 0.49
491.67 , 598.77 , 107.10 , 4381.23 , 0.54
496.54 , 603.64 , 107.10 , 4376.36 , 0.54
501.41 , 613.37 , 111.96 , 4366.63 , 0.56
496.54 , 623.11 , 126.57 , 4356.89 , 0.63
506.28 , 627.98 , 121.70 , 4352.02 , 0.61
506.28 , 637.71 , 131.44 , 4342.29 , 0.66
511.14 , 652.32 , 141.17 , 4327.68 , 0.71
511.14 , 662.05 , 150.91 , 4317.95 , 0.75
520.88 , 676.66 , 155.78 , 4303.34 , 0.78
520.88 , 696.13 , 175.25 , 4283.87 , 0.88
520.88 , 710.73 , 189.85 , 4269.27 , 0.95
530.62 , 730.21 , 199.59 , 4249.79 , 1.00
530.62 , 754.55 , 223.93 , 4225.45 , 1.12
535.48 , 778.89 , 243.40 , 4201.11 , 1.22
540.35 , 812.96 , 272.61 , 4167.04 , 1.36
545.22 , 856.77 , 311.55 , 4123.23 , 1.56
554.96 , 910.32 , 355.37 , 4069.68 , 1.78
564.69 , 983.34 , 418.65 , 3996.66 , 2.09
574.43 , 1080.70 , 506.28 , 3899.30 , 2.53
589.03 , 1236.48 , 647.45 , 3743.52 , 3.24
608.50 , 1504.22 , 895.72 , 3475.78 , 4.48
647.45 , 2078.65 , 1431.20 , 2901.35 , 7.16
735.07 , 4405.57 , 3670.50 , 574.43 , 18.35
730.21 , 4410.44 , 3680.23 , 569.56 , 18.40
