63.28 , 68.15 , 4.87 , 4911.85 , 0.02
107.10 , 107.10 , 0.00 , 4872.90 , 0.00
136.30 , 146.04 , 9.74 , 4833.96 , 0.05
184.99 , 184.99 , 0.00 , 4795.01 , 0.00
223.93 , 219.06 , -4.87 , 4760.94 , -0.02
262.87 , 258.01 , -4.87 , 4721.99 , -0.02
292.08 , 292.08 , 0.00 , 4687.92 , 0.00
321.29 , 321.29 , 0.00 , 4658.71 , 0.00
335.89 , 340.76 , 4.87 , 4639.24 , 0.02
355.37 , 360.23 , 4.87 , 4619.77 , 0.02
360.23 , 365.10 , 4.87 , 4614.90 , 0.02
374.84 , 379.71 , 4.87 , 4600.29 , 0.02
379.71 , 384.57 , 4.87 , 4595.43 , 0.02
379.71 , 389.44 , 9.74 , 4590.56 , 0.05
389.44 , 399.18 , 9.74 , 4580.82 , 0.05
389.44 , 404.05 , 14.60 , 4575.95 , 0.07
389.44 , 404.05 , 14.60 , 4575.95 , 0.07
394.31 , 404.05 , 9.74 , 4575.95 , 0.05
399.18 , 408.91 , 9.74 , 4571.08 , 0.05
399.18 , 413.78 , 14.60 , 4566.22 , 0.07
408.91 , 413.78 , 4.87 , 4566.22 , 0.02
404.05 , 418.65 , 14.60 , 4561.35 , 0.07
404.05 , 423.52 , 19.47 , 4556.48 , 0.10
408.91 , 418.65 , 9.74 , 4561.35 , 0.05
408.91 , 423.52 , 14.60 , 4556.48 , 0.07
408.91 , 423.52 , 14.60 , 4556.48 , 0.07
413.78 , 433.26 , 19.47 , 4546.75 , 0.10
413.78 , 428.39 , 14.60 , 4551.61 , 0.07
413.78 , 433.26 , 19.47 , 4546.75 , 0.10
418.65 , 433.26 , 14.60 , 4546.75 , 0.07
418.65 , 438.12 , 19.47 , 4541.88 , 0.10
418.65 , 438.12 , 19.47 , 4541.88 , 0.10
418.65 , 438.12 , 19.47 , 4541.88 , 0.10
418.65 , 438.12 , 19.47 , 4541.88 , 0.10
423.52 , 442.99 , 19.47 , 4537.01 , 0.10
418.65 , 438.12 , 19.47 , 4541.88 , 0.10
423.52 , 447.86 , 24.34 , 4532.14 , 0.12
423.52 , 442.99 , 19.47 , 4537.01 , 0.10
423.52 , 442.99 , 19.47 , 4537.01 , 0.10
423.52 , 452.73 , 29.21 , 4527.27 , 0.15
428.39 , 452.73 , 24.34 , 4527.27 , 0.12
428.39 , 447.86 , 19.47 , 4532.14 , 0.10
428.39 , 452.73 , 24.34 , 4527.27 , 0.12
433.26 , 452.73 , 19.47 , 4527.27 , 0.10
433.26 , 452.73 , 19.47 , 4527.27 , 0.10
428.39 , 457.60 , 29.21 , 4522.40 , 0.15
428.39 , 457.60 , 29.21 , 4522.40 , 0.15
433.26 , 457.60 , 24.34 , 4522.40 , 0.12
438.12 , 457.60 , 19.47 , 4522.40 , 0.10
433.26 , 457.60 , 24.34 , 4522.40 , 0.12
433.26 , 462.46 , 29.21 , 4517.54 , 0.15
433.26 , 462.46 , 29.21 , 4517.54 , 0.15
438.12 , 462.46 , 24.34 , 4517.54 , 0.12
438.12 , 467.33 , 29.21 , 4512.67 , 0.15
438.12 , 472.20 , 34.08 , 4507.80 , 0.17
438.12 , 472.20 , 34.08 , 4507.80 , 0.17
438.12 , 467.33 , 29.21 , 4512.67 , 0.15
438.12 , 472.20 , 34.08 , 4507.80 , 0.17
438.12 , 472.20 , 34.08 , 4507.80 , 0.17
442.99 , 472.20 , 29.21 , 4507.80 , 0.15
442.99 , 472.20 , 29.21 , 4507.80 , 0.15
442.99 , 472.20 , 29.21 , 4507.80 , 0.15
442.99 , 477.07 , 34.08 , 4502.93 , 0.17
447.86 , 477.07 , 29.21 , 4502.93 , 0.15
447.86 , 481.94 , 34.08 , 4498.06 , 0.17
447.86 , 481.94 , 34.08 , 4498.06 , 0.17
447.86 , 486.80 , 38.94 , 4493.20 , 0.19
447.86 , 486.80 , 38.94 , 4493.20 , 0.19
447.86 , 481.94 , 34.08 , 4498.06 , 0.17
447.86 , 486.80 , 38.94 , 4493.20 , 0.19
447.86 , 491.67 , 43.81 , 4488.33 , 0.22
452.73 , 491.67 , 38.94 , 4488.33 , 0.19
452.73 , 496.54 , 43.81 , 4483.46 , 0.22
452.73 , 496.54 , 43.81 , 4483.46 , 0.22
457.60 , 501.41 , 43.81 , 4478.59 , 0.22
452.73 , 501.41 , 48.68 , 4478.59 , 0.24
457.60 , 501.41 , 43.81 , 4478.59 , 0.22
452.73 , 501.41 , 48.68 , 4478.59 , 0.24
457.60 , 506.28 , 48.68 , 4473.72 , 0.24
457.60 , 506.28 , 48.68 , 4473.72 , 0.24
457.60 , 511.14 , 53.55 , 4468.86 , 0.27
457.60 , 506.28 , 48.68 , 4473.72 , 0.24
462.46 , 516.01 , 53.55 , 4463.99 , 0.27
457.60 , 516.01 , 58.42 , 4463.99 , 0.29
462.46 , 516.01 , 53.55 , 4463.99 , 0.27
462.46 , 516.01 , 53.55 , 4463.99 , 0.27
462.46 , 525.75 , 63.28 , 4454.25 , 0.32
467.33 , 525.75 , 58.42 , 4454.25 , 0.29
467.33 , 530.62 , 63.28 , 4449.38 , 0.32
472.20 , 530.62 , 58.42 , 4449.38 , 0.29
472.20 , 535.48 , 63.28 , 4444.52 , 0.32
477.07 , 535.48 , 58.42 , 4444.52 , 0.29
472.20 , 545.22 , 73.02 , 4434.78 , 0.37
477.07 , 545.22 , 68.15 , 4434.78 , 0.34
477.07 , 550.09 , 73.02 , 4429.91 , 0.37
477.07 , 550.09 , 73.02 , 4429.91 , 0.37
481.94 , 554.96 , 73.02 , 4425.04 , 0.37
477.07 , 559.82 , 82.76 , 4420.18 , 0.41
481.94 , 559.82 , 77.89 , 4420.18 , 0.39
486.80 , 569.56 , 82.76 , 4410.44 , 0.41
486.80 , 574.43 , 87.62 , 4405.57 , 0.44
486.80 , 579.30 , 92.49 , 4400.70 , 0.46
486.80 , 584.16 , 97.36 , 4395.84 , 0.49
496.54 , 589.03 , 92.49 , 4390.97 , 0.46
491.67 , 598.77 , 107.10 , 4381.23 , 0.54
496.54 , 603.64 , 107.10 , 4376.36 , 0.54
496.54 , 608.50 , 111.96 , 4371.50 , 0.56
501.41 , 623.11 , 121.70 , 4356.89 , 0.61
506.28 , 627.98 , 121.70 , 4352.02 , 0.61
511.14 , 642.58 , 131.44 , 4337.42 , 0.66
506.28 , 652.32 , 146.04 , 4327.68 , 0.73
516.01 , 666.92 , 150.91 , 4313.08 , 0.75
511.14 , 676.66 , 165.51 , 4303.34 , 0.83
516.01 , 691.26 , 175.25 , 4288.74 , 0.88
520.88 , 710.73 , 189.85 , 4269.27 , 0.95
525.75 , 730.21 , 204.46 , 4249.79 , 1.02
530.62 , 749.68 , 219.06 , 4230.32 , 1.10
535.48 , 778.89 , 243.40 , 4201.11 , 1.22
545.22 , 817.83 , 272.61 , 4162.17 , 1.36
550.09 , 856.77 , 306.69 , 4123.23 , 1.53
554.96 , 915.19 , 360.23 , 4064.81 , 1.80
564.69 , 978.48 , 413.78 , 4001.52 , 2.07
574.43 , 1080.70 , 506.28 , 3899.30 , 2.53
589.03 , 1236.48 , 647.45 , 3743.52 , 3.24
608.50 , 1504.22 , 895.72 , 3475.78 , 4.48
637.71 , 2078.65 , 1440.94 , 2901.35 , 7.20
720.47 , 4425.04 , 3704.57 , 554.96 , 18.52
715.60 , 4425.04 , 3709.44 , 554.96 , 18.55
