68.15 , 68.15 , 0.00 , 4911.85 , 0.00
107.10 , 107.10 , 0.00 , 4872.90 , 0.00
150.91 , 146.04 , -4.87 , 4833.96 , -0.02
184.99 , 184.99 , 0.00 , 4795.01 , 0.00
223.93 , 223.93 , 0.00 , 4756.07 , 0.00
258.01 , 258.01 , 0.00 , 4721.99 , 0.00
292.08 , 292.08 , 0.00 , 4687.92 , 0.00
321.29 , 316.42 , -4.87 , 4663.58 , -0.02
331.03 , 340.76 , 9.74 , 4639.24 , 0.05
350.50 , 355.37 , 4.87 , 4624.63 , 0.02
360.23 , 369.97 , 9.74 , 4610.03 , 0.05
374.84 , 379.71 , 4.87 , 4600.29 , 0.02
374.84 , 384.57 , 9.74 , 4595.43 , 0.05
384.57 , 389.44 , 4.87 , 4590.56 , 0.02
389.44 , 394.31 , 4.87 , 4585.69 , 0.02
394.31 , 399.18 , 4.87 , 4580.82 , 0.02
394.31 , 399.18 , 4.87 , 4580.82 , 0.02
399.18 , 408.91 , 9.74 , 4571.08 , 0.05
399.18 , 408.91 , 9.74 , 4571.08 , 0.05
399.18 , 413.78 , 14.60 , 4566.22 , 0.07
404.05 , 413.78 , 9.74 , 4566.22 , 0.05
408.91 , 413.78 , 4.87 , 4566.22 , 0.02
408.91 , 423.52 , 14.60 , 4556.48 , 0.07
408.91 , 423.52 , 14.60 , 4556.48 , 0.07
408.91 , 423.52 , 14.60 , 4556.48 , 0.07
408.91 , 428.39 , 19.47 , 4551.61 , 0.10
413.78 , 428.39 , 14.60 , 4551.61 , 0.07
413.78 , 433.26 , 19.47 , 4546.75 , 0.10
413.78 , 433.26 , 19.47 , 4546.75 , 0.10
418.65 , 433.26 , 14.60 , 4546.75 , 0.07
418.65 , 438.12 , 19.47 , 4541.88 , 0.10
423.52 , 433.26 , 9.74 , 4546.75 , 0.05
423.52 , 438.12 , 14.60 , 4541.88 , 0.07
418.65 , 438.12 , 19.47 , 4541.88 , 0.10
418.65 , 442.99 , 24.34 , 4537.01 , 0.12
423.52 , 442.99 , 19.47 , 4537.01 , 0.10
423.52 , 442.99 , 19.47 , 4537.01 , 0.10
423.52 , 447.86 , 24.34 , 4532.14 , 0.12
428.39 , 447.86 , 19.47 , 4532.14 , 0.10
428.39 , 447.86 , 19.47 , 4532.14 , 0.10
428.39 , 447.86 , 19.47 , 4532.14 , 0.10
428.39 , 447.86 , 19.47 , 4532.14 , 0.10
428.39 , 452.73 , 24.34 , 4527.27 , 0.12
433.26 , 452.73 , 19.47 , 4527.27 , 0.10
433.26 , 457.60 , 24.34 , 4522.40 , 0.12
433.26 , 452.73 , 19.47 , 4527.27 , 0.10
433.26 , 462.46 , 29.21 , 4517.54 , 0.15
433.26 , 457.60 , 24.34 , 4522.40 , 0.12
433.26 , 457.60 , 24.34 , 4522.40 , 0.12
433.26 , 457.60 , 24.34 , 4522.40 , 0.12
438.12 , 457.60 , 19.47 , 4522.40 , 0.10
433.26 , 467.33 , 34.08 , 4512.67 , 0.17
438.12 , 467.33 , 29.21 , 4512.67 , 0.15
438.12 , 462.46 , 24.34 , 4517.54 , 0.12
438.12 , 467.33 , 29.21 , 4512.67 , 0.15
433.26 , 472.20 , 38.94 , 4507.80 , 0.19
438.12 , 467.33 , 29.21 , 4512.67 , 0.15
438.12 , 467.33 , 29.21 , 4512.67 , 0.15
438.12 , 472.20 , 34.08 , 4507.80 , 0.17
447.86 , 472.20 , 24.34 , 4507.80 , 0.12
447.86 , 472.20 , 24.34 , 4507.80 , 0.12
442.99 , 477.07 , 34.08 , 4502.93 , 0.17
447.86 , 481.94 , 34.08 , 4498.06 , 0.17
442.99 , 481.94 , 38.94 , 4498.06 , 0.19
442.99 , 481.94 , 38.94 , 4498.06 , 0.19
447.86 , 486.80 , 38.94 , 4493.20 , 0.19
447.86 , 481.94 , 34.08 , 4498.06 , 0.17
447.86 , 486.80 , 38.94 , 4493.20 , 0.19
452.73 , 486.80 , 34.08 , 4493.20 , 0.17
447.86 , 491.67 , 43.81 , 4488.33 , 0.22
452.73 , 491.67 , 38.94 , 4488.33 , 0.19
452.73 , 496.54 , 43.81 , 4483.46 , 0.22
457.60 , 496.54 , 38.94 , 4483.46 , 0.19
452.73 , 496.54 , 43.81 , 4483.46 , 0.22
457.60 , 496.54 , 38.94 , 4483.46 , 0.19
452.73 , 496.54 , 43.81 , 4483.46 , 0.22
457.60 , 496.54 , 38.94 , 4483.46 , 0.19
452.73 , 501.41 , 48.68 , 4478.59 , 0.24
457.60 , 501.41 , 43.81 , 4478.59 , 0.22
462.46 , 511.14 , 48.68 , 4468.86 , 0.24
462.46 , 511.14 , 48.68 , 4468.86 , 0.24
462.46 , 511.14 , 48.68 , 4468.86 , 0.24
462.46 , 516.01 , 53.55 , 4463.99 , 0.27
462.46 , 516.01 , 53.55 , 4463.99 , 0.27
467.33 , 516.01 , 48.68 , 4463.99 , 0.24
467.33 , 520.88 , 53.55 , 4459.12 , 0.27
467.33 , 520.88 , 53.55 , 4459.12 , 0.27
472.20 , 530.62 , 58.42 , 4449.38 , 0.29
472.20 , 530.62 , 58.42 , 4449.38 , 0.29
467.33 , 530.62 , 63.28 , 4449.38 , 0.32
477.07 , 535.48 , 58.42 , 4444.52 , 0.29
477.07 , 540.35 , 63.28 , 4439.65 , 0.32
472.20 , 540.35 , 68.15 , 4439.65 , 0.34
472.20 , 545.22 , 73.02 , 4434.78 , 0.37
477.07 , 550.09 , 73.02 , 4429.91 , 0.37
477.07 , 550.09 , 73.02 , 4429.91 , 0.37
481.94 , 559.82 , 77.89 , 4420.18 , 0.39
481.94 , 559.82 , 77.89 , 4420.18 , 0.39
486.80 , 569.56 , 82.76 , 4410.44 , 0.41
486.80 , 569.56 , 82.76 , 4410.44 , 0.41
486.80 , 579.30 , 92.49 , 4400.70 , 0.46
491.67 , 579.30 , 87.62 , 4400.70 , 0.44
486.80 , 589.03 , 102.23 , 4390.97 , 0.51
496.54 , 593.90 , 97.36 , 4386.10 , 0.49
496.54 , 598.77 , 102.23 , 4381.23 , 0.51
496.54 , 603.64 , 107.10 , 4376.36 , 0.54
496.54 , 613.37 , 116.83 , 4366.63 , 0.58
501.41 , 623.11 , 121.70 , 4356.89 , 0.61
501.41 , 627.98 , 126.57 , 4352.02 , 0.63
506.28 , 642.58 , 136.30 , 4337.42 , 0.68
511.14 , 652.32 , 141.17 , 4327.68 , 0.71
516.01 , 662.05 , 146.04 , 4317.95 , 0.73
516.01 , 676.66 , 160.65 , 4303.34 , 0.80
520.88 , 691.26 , 170.38 , 4288.74 , 0.85
520.88 , 710.73 , 189.85 , 4269.27 , 0.95
530.62 , 730.21 , 199.59 , 4249.79 , 1.00
530.62 , 754.55 , 223.93 , 4225.45 , 1.12
535.48 , 783.75 , 248.27 , 4196.25 , 1.24
540.35 , 817.83 , 277.48 , 4162.17 , 1.39
545.22 , 861.64 , 316.42 , 4118.36 , 1.58
550.09 , 915.19 , 365.10 , 4064.81 , 1.83
564.69 , 983.34 , 418.65 , 3996.66 , 2.09
574.43 , 1085.57 , 511.14 , 3894.43 , 2.56
589.03 , 1236.48 , 647.45 , 3743.52 , 3.24
608.50 , 1504.22 , 895.72 , 3475.78 , 4.48
642.58 , 2078.65 , 1436.07 , 2901.35 , 7.18
725.34 , 4415.31 , 3689.97 , 564.69 , 18.45
730.21 , 4415.31 , 3685.10 , 564.69 , 18.43
