68.15 , 68.15 , 0.00 , 4911.85 , 0.00
107.10 , 107.10 , 0.00 , 4872.90 , 0.00
146.04 , 141.17 , -4.87 , 4838.83 , -0.02
184.99 , 184.99 , 0.00 , 4795.01 , 0.00
219.06 , 223.93 , 4.87 , 4756.07 , 0.02
253.14 , 282.35 , 29.21 , 4697.65 , 0.15
287.21 , 287.21 , 0.00 , 4692.79 , 0.00
316.42 , 321.29 , 4.87 , 4658.71 , 0.02
340.76 , 340.76 , 0.00 , 4639.24 , 0.00
350.50 , 355.37 , 4.87 , 4624.63 , 0.02
360.23 , 365.10 , 4.87 , 4614.90 , 0.02
374.84 , 379.71 , 4.87 , 4600.29 , 0.02
369.97 , 384.57 , 14.60 , 4595.43 , 0.07
384.57 , 389.44 , 4.87 , 4590.56 , 0.02
384.57 , 399.18 , 14.60 , 4580.82 , 0.07
394.31 , 404.05 , 9.74 , 4575.95 , 0.05
394.31 , 404.05 , 9.74 , 4575.95 , 0.05
394.31 , 408.91 , 14.60 , 4571.08 , 0.07
399.18 , 408.91 , 9.74 , 4571.08 , 0.05
404.05 , 408.91 , 4.87 , 4571.08 , 0.02
399.18 , 413.78 , 14.60 , 4566.22 , 0.07
404.05 , 418.65 , 14.60 , 4561.35 , 0.07
413.78 , 423.52 , 9.74 , 4556.48 , 0.05
404.05 , 423.52 , 19.47 , 4556.48 , 0.10
408.91 , 423.52 , 14.60 , 4556.48 , 0.07
413.78 , 428.39 , 14.60 , 4551.61 , 0.07
413.78 , 428.39 , 14.60 , 4551.61 , 0.07
413.78 , 428.39 , 14.60 , 4551.61 , 0.07
413.78 , 433.26 , 19.47 , 4546.75 , 0.10
418.65 , 433.26 , 14.60 , 4546.75 , 0.07
418.65 , 438.12 , 19.47 , 4541.88 , 0.10
418.65 , 433.26 , 14.60 , 4546.75 , 0.07
418.65 , 438.12 , 19.47 , 4541.88 , 0.10
423.52 , 442.99 , 19.47 , 4537.01 , 0.10
418.65 , 442.99 , 24.34 , 4537.01 , 0.12
418.65 , 442.99 , 24.34 , 4537.01 , 0.12
428.39 , 442.99 , 14.60 , 4537.01 , 0.07
428.39 , 452.73 , 24.34 , 4527.27 , 0.12
428.39 , 447.86 , 19.47 , 4532.14 , 0.10
423.52 , 447.86 , 24.34 , 4532.14 , 0.12
428.39 , 447.86 , 19.47 , 4532.14 , 0.10
423.52 , 452.73 , 29.21 , 4527.27 , 0.15
428.39 , 452.73 , 24.34 , 4527.27 , 0.12
428.39 , 452.73 , 24.34 , 4527.27 , 0.12
428.39 , 452.73 , 24.34 , 4527.27 , 0.12
428.39 , 452.73 , 24.34 , 4527.27 , 0.12
433.26 , 457.60 , 24.34 , 4522.40 , 0.12
433.26 , 452.73 , 19.47 , 4527.27 , 0.10
428.39 , 457.60 , 29.21 , 4522.40 , 0.15
433.26 , 462.46 , 29.21 , 4517.54 , 0.15
433.26 , 462.46 , 29.21 , 4517.54 , 0.15
433.26 , 467.33 , 34.08 , 4512.67 , 0.17
438.12 , 462.46 , 24.34 , 4517.54 , 0.12
438.12 , 467.33 , 29.21 , 4512.67 , 0.15
438.12 , 467.33 , 29.21 , 4512.67 , 0.15
438.12 , 467.33 , 29.21 , 4512.67 , 0.15
438.12 , 467.33 , 29.21 , 4512.67 , 0.15
442.99 , 472.20 , 29.21 , 4507.80 , 0.15
442.99 , 472.20 , 29.21 , 4507.80 , 0.15
438.12 , 477.07 , 38.94 , 4502.93 , 0.19
442.99 , 472.20 , 29.21 , 4507.80 , 0.15
442.99 , 477.07 , 34.08 , 4502.93 , 0.17
447.86 , 477.07 , 29.21 , 4502.93 , 0.15
442.99 , 486.80 , 43.81 , 4493.20 , 0.22
442.99 , 481.94 , 38.94 , 4498.06 , 0.19
442.99 , 481.94 , 38.94 , 4498.06 , 0.19
447.86 , 481.94 , 34.08 , 4498.06 , 0.17
447.86 , 486.80 , 38.94 , 4493.20 , 0.19
447.86 , 486.80 , 38.94 , 4493.20 , 0.19
452.73 , 486.80 , 34.08 , 4493.20 , 0.17
447.86 , 491.67 , 43.81 , 4488.33 , 0.22
447.86 , 491.67 , 43.81 , 4488.33 , 0.22
452.73 , 491.67 , 38.94 , 4488.33 , 0.19
452.73 , 491.67 , 38.94 , 4488.33 , 0.19
452.73 , 496.54 , 43.81 , 4483.46 , 0.22
457.60 , 496.54 , 38.94 , 4483.46 , 0.19
457.60 , 496.54 , 38.94 , 4483.46 , 0.19
457.60 , 506.28 , 48.68 , 4473.72 , 0.24
462.46 , 506.28 , 43.81 , 4473.72 , 0.22
457.60 , 506.28 , 48.68 , 4473.72 , 0.24
462.46 , 511.14 , 48.68 , 4468.86 , 0.24
462.46 , 511.14 , 48.68 , 4468.86 , 0.24
462.46 , 516.01 , 53.55 , 4463.99 , 0.27
457.60 , 516.01 , 58.42 , 4463.99 , 0.29
467.33 , 520.88 , 53.55 , 4459.12 , 0.27
467.33 , 520.88 , 53.55 , 4459.12 , 0.27
467.33 , 525.75 , 58.42 , 4454.25 , 0.29
467.33 , 530.62 , 63.28 , 4449.38 , 0.32
467.33 , 530.62 , 63.28 , 4449.38 , 0.32
477.07 , 535.48 , 58.42 , 4444.52 , 0.29
467.33 , 535.48 , 68.15 , 4444.52 , 0.34
472.20 , 540.35 , 68.15 , 4439.65 , 0.34
477.07 , 545.22 , 68.15 , 4434.78 , 0.34
472.20 , 545.22 , 73.02 , 4434.78 , 0.37
477.07 , 550.09 , 73.02 , 4429.91 , 0.37
477.07 , 554.96 , 77.89 , 4425.04 , 0.39
477.07 , 554.96 , 77.89 , 4425.04 , 0.39
481.94 , 559.82 , 77.89 , 4420.18 , 0.39
486.80 , 559.82 , 73.02 , 4420.18 , 0.37
486.80 , 569.56 , 82.76 , 4410.44 , 0.41
486.80 , 574.43 , 87.62 , 4405.57 , 0.44
491.67 , 579.30 , 87.62 , 4400.70 , 0.44
491.67 , 584.16 , 92.49 , 4395.84 , 0.46
491.67 , 589.03 , 97.36 , 4390.97 , 0.49
496.54 , 593.90 , 97.36 , 4386.10 , 0.49
496.54 , 608.50 , 111.96 , 4371.50 , 0.56
496.54 , 613.37 , 116.83 , 4366.63 , 0.58
506.28 , 623.11 , 116.83 , 4356.89 , 0.58
506.28 , 632.84 , 126.57 , 4347.16 , 0.63
506.28 , 642.58 , 136.30 , 4337.42 , 0.68
511.14 , 652.32 , 141.17 , 4327.68 , 0.71
511.14 , 662.05 , 150.91 , 4317.95 , 0.75
511.14 , 671.79 , 160.65 , 4308.21 , 0.80
516.01 , 691.26 , 175.25 , 4288.74 , 0.88
520.88 , 710.73 , 189.85 , 4269.27 , 0.95
525.75 , 730.21 , 204.46 , 4249.79 , 1.02
530.62 , 749.68 , 219.06 , 4230.32 , 1.10
535.48 , 778.89 , 243.40 , 4201.11 , 1.22
540.35 , 817.83 , 277.48 , 4162.17 , 1.39
550.09 , 856.77 , 306.69 , 4123.23 , 1.53
550.09 , 910.32 , 360.23 , 4069.68 , 1.80
564.69 , 983.34 , 418.65 , 3996.66 , 2.09
569.56 , 1080.70 , 511.14 , 3899.30 , 2.56
589.03 , 1236.48 , 647.45 , 3743.52 , 3.24
608.50 , 1499.35 , 890.85 , 3480.64 , 4.45
637.71 , 2078.65 , 1440.94 , 2901.35 , 7.20
725.34 , 4429.91 , 3704.57 , 550.09 , 18.52
720.47 , 4425.04 , 3704.57 , 554.96 , 18.52
