68.15 , 68.15 , 0.00 , 4911.85 , 0.00
107.10 , 107.10 , 0.00 , 4872.90 , 0.00
146.04 , 141.17 , -4.87 , 4838.83 , -0.02
184.99 , 175.25 , -9.74 , 4804.75 , -0.05
219.06 , 223.93 , 4.87 , 4756.07 , 0.02
258.01 , 253.14 , -4.87 , 4726.86 , -0.02
296.95 , 292.08 , -4.87 , 4687.92 , -0.02
321.29 , 321.29 , 0.00 , 4658.71 , 0.00
335.89 , 335.89 , 0.00 , 4644.11 , 0.00
350.50 , 355.37 , 4.87 , 4624.63 , 0.02
365.10 , 369.97 , 4.87 , 4610.03 , 0.02
369.97 , 369.97 , 0.00 , 4610.03 , 0.00
379.71 , 384.57 , 4.87 , 4595.43 , 0.02
384.57 , 389.44 , 4.87 , 4590.56 , 0.02
389.44 , 394.31 , 4.87 , 4585.69 , 0.02
394.31 , 404.05 , 9.74 , 4575.95 , 0.05
394.31 , 404.05 , 9.74 , 4575.95 , 0.05
394.31 , 404.05 , 9.74 , 4575.95 , 0.05
399.18 , 408.91 , 9.74 , 4571.08 , 0.05
399.18 , 408.91 , 9.74 , 4571.08 , 0.05
408.91 , 418.65 , 9.74 , 4561.35 , 0.05
404.05 , 418.65 , 14.60 , 4561.35 , 0.07
408.91 , 418.65 , 9.74 , 4561.35 , 0.05
408.91 , 418.65 , 9.74 , 4561.35 , 0.05
408.91 , 423.52 , 14.60 , 4556.48 , 0.07
408.91 , 423.52 , 14.60 , 4556.48 , 0.07
413.78 , 428.39 , 14.60 , 4551.61 , 0.07
413.78 , 428.39 , 14.60 , 4551.61 , 0.07
418.65 , 433.26 , 14.60 , 4546.75 , 0.07
418.65 , 438.12 , 19.47 , 4541.88 , 0.10
418.65 , 438.12 , 19.47 , 4541.88 , 0.10
418.65 , 433.26 , 14.60 , 4546.75 , 0.07
418.65 , 438.12 , 19.47 , 4541.88 , 0.10
418.65 , 438.12 , 19.47 , 4541.88 , 0.10
418.65 , 438.12 , 19.47 , 4541.88 , 0.10
423.52 , 442.99 , 19.47 , 4537.01 , 0.10
418.65 , 442.99 , 24.34 , 4537.01 , 0.12
428.39 , 442.99 , 14.60 , 4537.01 , 0.07
428.39 , 442.99 , 14.60 , 4537.01 , 0.07
423.52 , 447.86 , 24.34 , 4532.14 , 0.12
428.39 , 452.73 , 24.34 , 4527.27 , 0.12
428.39 , 447.86 , 19.47 , 4532.14 , 0.10
428.39 , 452.73 , 24.34 , 4527.27 , 0.12
428.39 , 457.60 , 29.21 , 4522.40 , 0.15
428.39 , 452.73 , 24.34 , 4527.27 , 0.12
433.26 , 452.73 , 19.47 , 4527.27 , 0.10
428.39 , 457.60 , 29.21 , 4522.40 , 0.15
438.12 , 457.60 , 19.47 , 4522.40 , 0.10
433.26 , 462.46 , 29.21 , 4517.54 , 0.15
433.26 , 457.60 , 24.34 , 4522.40 , 0.12
438.12 , 462.46 , 24.34 , 4517.54 , 0.12
433.26 , 462.46 , 29.21 , 4517.54 , 0.15
433.26 , 467.33 , 34.08 , 4512.67 , 0.17
438.12 , 462.46 , 24.34 , 4517.54 , 0.12
438.12 , 467.33 , 29.21 , 4512.67 , 0.15
438.12 , 472.20 , 34.08 , 4507.80 , 0.17
442.99 , 467.33 , 24.34 , 4512.67 , 0.12
438.12 , 472.20 , 34.08 , 4507.80 , 0.17
438.12 , 472.20 , 34.08 , 4507.80 , 0.17
442.99 , 467.33 , 24.34 , 4512.67 , 0.12
442.99 , 472.20 , 29.21 , 4507.80 , 0.15
442.99 , 472.20 , 29.21 , 4507.80 , 0.15
447.86 , 477.07 , 29.21 , 4502.93 , 0.15
447.86 , 477.07 , 29.21 , 4502.93 , 0.15
447.86 , 481.94 , 34.08 , 4498.06 , 0.17
447.86 , 481.94 , 34.08 , 4498.06 , 0.17
447.86 , 481.94 , 34.08 , 4498.06 , 0.17
447.86 , 481.94 , 34.08 , 4498.06 , 0.17
447.86 , 481.94 , 34.08 , 4498.06 , 0.17
447.86 , 491.67 , 43.81 , 4488.33 , 0.22
452.73 , 486.80 , 34.08 , 4493.20 , 0.17
452.73 , 491.67 , 38.94 , 4488.33 , 0.19
452.73 , 491.67 , 38.94 , 4488.33 , 0.19
452.73 , 496.54 , 43.81 , 4483.46 , 0.22
452.73 , 496.54 , 43.81 , 4483.46 , 0.22
452.73 , 496.54 , 43.81 , 4483.46 , 0.22
452.73 , 501.41 , 48.68 , 4478.59 , 0.24
457.60 , 501.41 , 43.81 , 4478.59 , 0.22
457.60 , 501.41 , 43.81 , 4478.59 , 0.22
462.46 , 506.28 , 43.81 , 4473.72 , 0.22
457.60 , 506.28 , 48.68 , 4473.72 , 0.24
457.60 , 511.14 , 53.55 , 4468.86 , 0.27
462.46 , 516.01 , 53.55 , 4463.99 , 0.27
462.46 , 516.01 , 53.55 , 4463.99 , 0.27
467.33 , 520.88 , 53.55 , 4459.12 , 0.27
467.33 , 520.88 , 53.55 , 4459.12 , 0.27
467.33 , 525.75 , 58.42 , 4454.25 , 0.29
467.33 , 530.62 , 63.28 , 4449.38 , 0.32
467.33 , 530.62 , 63.28 , 4449.38 , 0.32
472.20 , 525.75 , 53.55 , 4454.25 , 0.27
472.20 , 535.48 , 63.28 , 4444.52 , 0.32
472.20 , 535.48 , 63.28 , 4444.52 , 0.32
472.20 , 540.35 , 68.15 , 4439.65 , 0.34
472.20 , 545.22 , 73.02 , 4434.78 , 0.37
477.07 , 545.22 , 68.15 , 4434.78 , 0.34
477.07 , 550.09 , 73.02 , 4429.91 , 0.37
477.07 , 559.82 , 82.76 , 4420.18 , 0.41
486.80 , 559.82 , 73.02 , 4420.18 , 0.37
486.80 , 559.82 , 73.02 , 4420.18 , 0.37
481.94 , 569.56 , 87.62 , 4410.44 , 0.44
486.80 , 569.56 , 82.76 , 4410.44 , 0.41
486.80 , 579.30 , 92.49 , 4400.70 , 0.46
491.67 , 584.16 , 92.49 , 4395.84 , 0.46
491.67 , 589.03 , 97.36 , 4390.97 , 0.49
491.67 , 598.77 , 107.10 , 4381.23 , 0.54
496.54 , 603.64 , 107.10 , 4376.36 , 0.54
496.54 , 613.37 , 116.83 , 4366.63 , 0.58
501.41 , 623.11 , 121.70 , 4356.89 , 0.61
501.41 , 632.84 , 131.44 , 4347.16 , 0.66
506.28 , 637.71 , 131.44 , 4342.29 , 0.66
511.14 , 647.45 , 136.30 , 4332.55 , 0.68
516.01 , 662.05 , 146.04 , 4317.95 , 0.73
516.01 , 676.66 , 160.65 , 4303.34 , 0.80
520.88 , 691.26 , 170.38 , 4288.74 , 0.85
520.88 , 710.73 , 189.85 , 4269.27 , 0.95
525.75 , 730.21 , 204.46 , 4249.79 , 1.02
530.62 , 754.55 , 223.93 , 4225.45 , 1.12
535.48 , 783.75 , 248.27 , 4196.25 , 1.24
540.35 , 812.96 , 272.61 , 4167.04 , 1.36
545.22 , 856.77 , 311.55 , 4123.23 , 1.56
554.96 , 910.32 , 355.37 , 4069.68 , 1.78
559.82 , 983.34 , 423.52 , 3996.66 , 2.12
579.30 , 1085.57 , 506.28 , 3894.43 , 2.53
584.16 , 1236.48 , 652.32 , 3743.52 , 3.26
613.37 , 1504.22 , 890.85 , 3475.78 , 4.45
637.71 , 2078.65 , 1440.94 , 2901.35 , 7.20
730.21 , 4410.44 , 3680.23 , 569.56 , 18.40
725.34 , 4410.44 , 3685.10 , 569.56 , 18.43
