68.15 , 63.28 , -4.87 , 4916.72 , -0.02
107.10 , 107.10 , 0.00 , 4872.90 , 0.00
146.04 , 150.91 , 4.87 , 4829.09 , 0.02
180.12 , 184.99 , 4.87 , 4795.01 , 0.02
233.67 , 223.93 , -9.74 , 4756.07 , -0.05
258.01 , 258.01 , 0.00 , 4721.99 , 0.00
292.08 , 287.21 , -4.87 , 4692.79 , -0.02
316.42 , 321.29 , 4.87 , 4658.71 , 0.02
335.89 , 340.76 , 4.87 , 4639.24 , 0.02
350.50 , 355.37 , 4.87 , 4624.63 , 0.02
360.23 , 365.10 , 4.87 , 4614.90 , 0.02
369.97 , 374.84 , 4.87 , 4605.16 , 0.02
374.84 , 384.57 , 9.74 , 4595.43 , 0.05
384.57 , 389.44 , 4.87 , 4590.56 , 0.02
389.44 , 394.31 , 4.87 , 4585.69 , 0.02
389.44 , 399.18 , 9.74 , 4580.82 , 0.05
394.31 , 399.18 , 4.87 , 4580.82 , 0.02
394.31 , 408.91 , 14.60 , 4571.08 , 0.07
399.18 , 413.78 , 14.60 , 4566.22 , 0.07
399.18 , 413.78 , 14.60 , 4566.22 , 0.07
404.05 , 418.65 , 14.60 , 4561.35 , 0.07
404.05 , 418.65 , 14.60 , 4561.35 , 0.07
408.91 , 418.65 , 9.74 , 4561.35 , 0.05
408.91 , 428.39 , 19.47 , 4551.61 , 0.10
413.78 , 423.52 , 9.74 , 4556.48 , 0.05
408.91 , 428.39 , 19.47 , 4551.61 , 0.10
408.91 , 428.39 , 19.47 , 4551.61 , 0.10
413.78 , 433.26 , 19.47 , 4546.75 , 0.10
418.65 , 433.26 , 14.60 , 4546.75 , 0.07
418.65 , 428.39 , 9.74 , 4551.61 , 0.05
418.65 , 438.12 , 19.47 , 4541.88 , 0.10
418.65 , 438.12 , 19.47 , 4541.88 , 0.10
423.52 , 433.26 , 9.74 , 4546.75 , 0.05
418.65 , 438.12 , 19.47 , 4541.88 , 0.10
418.65 , 438.12 , 19.47 , 4541.88 , 0.10
418.65 , 442.99 , 24.34 , 4537.01 , 0.12
423.52 , 447.86 , 24.34 , 4532.14 , 0.12
423.52 , 442.99 , 19.47 , 4537.01 , 0.10
423.52 , 442.99 , 19.47 , 4537.01 , 0.10
423.52 , 452.73 , 29.21 , 4527.27 , 0.15
423.52 , 447.86 , 24.34 , 4532.14 , 0.12
428.39 , 447.86 , 19.47 , 4532.14 , 0.10
428.39 , 447.86 , 19.47 , 4532.14 , 0.10
433.26 , 452.73 , 19.47 , 4527.27 , 0.10
428.39 , 457.60 , 29.21 , 4522.40 , 0.15
428.39 , 452.73 , 24.34 , 4527.27 , 0.12
433.26 , 457.60 , 24.34 , 4522.40 , 0.12
433.26 , 457.60 , 24.34 , 4522.40 , 0.12
433.26 , 457.60 , 24.34 , 4522.40 , 0.12
433.26 , 462.46 , 29.21 , 4517.54 , 0.15
433.26 , 457.60 , 24.34 , 4522.40 , 0.12
433.26 , 457.60 , 24.34 , 4522.40 , 0.12
433.26 , 467.33 , 34.08 , 4512.67 , 0.17
438.12 , 467.33 , 29.21 , 4512.67 , 0.15
438.12 , 467.33 , 29.21 , 4512.67 , 0.15
433.26 , 467.33 , 34.08 , 4512.67 , 0.17
442.99 , 467.33 , 24.34 , 4512.67 , 0.12
438.12 , 477.07 , 38.94 , 4502.93 , 0.19
438.12 , 472.20 , 34.08 , 4507.80 , 0.17
442.99 , 477.07 , 34.08 , 4502.93 , 0.17
442.99 , 472.20 , 29.21 , 4507.80 , 0.15
442.99 , 472.20 , 29.21 , 4507.80 , 0.15
442.99 , 477.07 , 34.08 , 4502.93 , 0.17
442.99 , 477.07 , 34.08 , 4502.93 , 0.17
447.86 , 481.94 , 34.08 , 4498.06 , 0.17
447.86 , 481.94 , 34.08 , 4498.06 , 0.17
447.86 , 481.94 , 34.08 , 4498.06 , 0.17
447.86 , 486.80 , 38.94 , 4493.20 , 0.19
447.86 , 486.80 , 38.94 , 4493.20 , 0.19
447.86 , 486.80 , 38.94 , 4493.20 , 0.19
447.86 , 486.80 , 38.94 , 4493.20 , 0.19
447.86 , 491.67 , 43.81 , 4488.33 , 0.22
452.73 , 486.80 , 34.08 , 4493.20 , 0.17
452.73 , 496.54 , 43.81 , 4483.46 , 0.22
457.60 , 501.41 , 43.81 , 4478.59 , 0.22
457.60 , 496.54 , 38.94 , 4483.46 , 0.19
452.73 , 496.54 , 43.81 , 4483.46 , 0.22
452.73 , 506.28 , 53.55 , 4473.72 , 0.27
457.60 , 506.28 , 48.68 , 4473.72 , 0.24
457.60 , 506.28 , 48.68 , 4473.72 , 0.24
462.46 , 506.28 , 43.81 , 4473.72 , 0.22
457.60 , 511.14 , 53.55 , 4468.86 , 0.27
462.46 , 511.14 , 48.68 , 4468.86 , 0.24
457.60 , 516.01 , 58.42 , 4463.99 , 0.29
467.33 , 516.01 , 48.68 , 4463.99 , 0.24
467.33 , 520.88 , 53.55 , 4459.12 , 0.27
467.33 , 520.88 , 53.55 , 4459.12 , 0.27
467.33 , 520.88 , 53.55 , 4459.12 , 0.27
467.33 , 530.62 , 63.28 , 4449.38 , 0.32
472.20 , 535.48 , 63.28 , 4444.52 , 0.32
477.07 , 535.48 , 58.42 , 4444.52 , 0.29
472.20 , 540.35 , 68.15 , 4439.65 , 0.34
477.07 , 540.35 , 63.28 , 4439.65 , 0.32
477.07 , 545.22 , 68.15 , 4434.78 , 0.34
472.20 , 550.09 , 77.89 , 4429.91 , 0.39
477.07 , 550.09 , 73.02 , 4429.91 , 0.37
481.94 , 559.82 , 77.89 , 4420.18 , 0.39
481.94 , 559.82 , 77.89 , 4420.18 , 0.39
481.94 , 559.82 , 77.89 , 4420.18 , 0.39
486.80 , 569.56 , 82.76 , 4410.44 , 0.41
486.80 , 574.43 , 87.62 , 4405.57 , 0.44
491.67 , 574.43 , 82.76 , 4405.57 , 0.41
491.67 , 579.30 , 87.62 , 4400.70 , 0.44
491.67 , 593.90 , 102.23 , 4386.10 , 0.51
491.67 , 598.77 , 107.10 , 4381.23 , 0.54
491.67 , 603.64 , 111.96 , 4376.36 , 0.56
496.54 , 613.37 , 116.83 , 4366.63 , 0.58
501.41 , 618.24 , 116.83 , 4361.76 , 0.58
506.28 , 632.84 , 126.57 , 4347.16 , 0.63
506.28 , 647.45 , 141.17 , 4332.55 , 0.71
506.28 , 652.32 , 146.04 , 4327.68 , 0.73
516.01 , 662.05 , 146.04 , 4317.95 , 0.73
520.88 , 676.66 , 155.78 , 4303.34 , 0.78
516.01 , 691.26 , 175.25 , 4288.74 , 0.88
520.88 , 710.73 , 189.85 , 4269.27 , 0.95
525.75 , 730.21 , 204.46 , 4249.79 , 1.02
530.62 , 749.68 , 219.06 , 4230.32 , 1.10
535.48 , 783.75 , 248.27 , 4196.25 , 1.24
540.35 , 812.96 , 272.61 , 4167.04 , 1.36
550.09 , 856.77 , 306.69 , 4123.23 , 1.53
559.82 , 910.32 , 350.50 , 4069.68 , 1.75
559.82 , 983.34 , 423.52 , 3996.66 , 2.12
574.43 , 1080.70 , 506.28 , 3899.30 , 2.53
584.16 , 1236.48 , 652.32 , 3743.52 , 3.26
608.50 , 1499.35 , 890.85 , 3480.64 , 4.45
637.71 , 2078.65 , 1440.94 , 2901.35 , 7.20
720.47 , 4429.91 , 3709.44 , 550.09 , 18.55
720.47 , 4425.04 , 3704.57 , 554.96 , 18.52
