73.02 , 68.15 , -4.87 , 4911.85 , -0.02
111.96 , 97.36 , -14.60 , 4882.64 , -0.07
146.04 , 141.17 , -4.87 , 4838.83 , -0.02
184.99 , 180.12 , -4.87 , 4799.88 , -0.02
223.93 , 223.93 , 0.00 , 4756.07 , 0.00
258.01 , 258.01 , 0.00 , 4721.99 , 0.00
287.21 , 292.08 , 4.87 , 4687.92 , 0.02
316.42 , 316.42 , 0.00 , 4663.58 , 0.00
335.89 , 335.89 , 0.00 , 4644.11 , 0.00
350.50 , 355.37 , 4.87 , 4624.63 , 0.02
360.23 , 365.10 , 4.87 , 4614.90 , 0.02
369.97 , 374.84 , 4.87 , 4605.16 , 0.02
374.84 , 384.57 , 9.74 , 4595.43 , 0.05
384.57 , 389.44 , 4.87 , 4590.56 , 0.02
384.57 , 394.31 , 9.74 , 4585.69 , 0.05
394.31 , 399.18 , 4.87 , 4580.82 , 0.02
394.31 , 399.18 , 4.87 , 4580.82 , 0.02
394.31 , 408.91 , 14.60 , 4571.08 , 0.07
399.18 , 404.05 , 4.87 , 4575.95 , 0.02
404.05 , 413.78 , 9.74 , 4566.22 , 0.05
404.05 , 413.78 , 9.74 , 4566.22 , 0.05
399.18 , 418.65 , 19.47 , 4561.35 , 0.10
408.91 , 423.52 , 14.60 , 4556.48 , 0.07
408.91 , 423.52 , 14.60 , 4556.48 , 0.07
408.91 , 428.39 , 19.47 , 4551.61 , 0.10
408.91 , 428.39 , 19.47 , 4551.61 , 0.10
413.78 , 428.39 , 14.60 , 4551.61 , 0.07
413.78 , 433.26 , 19.47 , 4546.75 , 0.10
413.78 , 433.26 , 19.47 , 4546.75 , 0.10
418.65 , 433.26 , 14.60 , 4546.75 , 0.07
413.78 , 433.26 , 19.47 , 4546.75 , 0.10
418.65 , 433.26 , 14.60 , 4546.75 , 0.07
418.65 , 438.12 , 19.47 , 4541.88 , 0.10
423.52 , 438.12 , 14.60 , 4541.88 , 0.07
418.65 , 438.12 , 19.47 , 4541.88 , 0.10
423.52 , 442.99 , 19.47 , 4537.01 , 0.10
423.52 , 447.86 , 24.34 , 4532.14 , 0.12
423.52 , 442.99 , 19.47 , 4537.01 , 0.10
423.52 , 442.99 , 19.47 , 4537.01 , 0.10
423.52 , 447.86 , 24.34 , 4532.14 , 0.12
428.39 , 447.86 , 19.47 , 4532.14 , 0.10
423.52 , 447.86 , 24.34 , 4532.14 , 0.12
423.52 , 447.86 , 24.34 , 4532.14 , 0.12
433.26 , 452.73 , 19.47 , 4527.27 , 0.10
428.39 , 457.60 , 29.21 , 4522.40 , 0.15
433.26 , 452.73 , 19.47 , 4527.27 , 0.10
428.39 , 457.60 , 29.21 , 4522.40 , 0.15
428.39 , 457.60 , 29.21 , 4522.40 , 0.15
428.39 , 457.60 , 29.21 , 4522.40 , 0.15
433.26 , 457.60 , 24.34 , 4522.40 , 0.12
433.26 , 462.46 , 29.21 , 4517.54 , 0.15
438.12 , 462.46 , 24.34 , 4517.54 , 0.12
433.26 , 462.46 , 29.21 , 4517.54 , 0.15
438.12 , 462.46 , 24.34 , 4517.54 , 0.12
438.12 , 467.33 , 29.21 , 4512.67 , 0.15
438.12 , 467.33 , 29.21 , 4512.67 , 0.15
438.12 , 467.33 , 29.21 , 4512.67 , 0.15
438.12 , 472.20 , 34.08 , 4507.80 , 0.17
438.12 , 472.20 , 34.08 , 4507.80 , 0.17
442.99 , 477.07 , 34.08 , 4502.93 , 0.17
442.99 , 472.20 , 29.21 , 4507.80 , 0.15
442.99 , 477.07 , 34.08 , 4502.93 , 0.17
442.99 , 477.07 , 34.08 , 4502.93 , 0.17
442.99 , 477.07 , 34.08 , 4502.93 , 0.17
442.99 , 472.20 , 29.21 , 4507.80 , 0.15
442.99 , 481.94 , 38.94 , 4498.06 , 0.19
447.86 , 486.80 , 38.94 , 4493.20 , 0.19
447.86 , 486.80 , 38.94 , 4493.20 , 0.19
442.99 , 486.80 , 43.81 , 4493.20 , 0.22
447.86 , 486.80 , 38.94 , 4493.20 , 0.19
447.86 , 486.80 , 38.94 , 4493.20 , 0.19
452.73 , 491.67 , 38.94 , 4488.33 , 0.19
457.60 , 491.67 , 34.08 , 4488.33 , 0.17
457.60 , 496.54 , 38.94 , 4483.46 , 0.19
452.73 , 496.54 , 43.81 , 4483.46 , 0.22
457.60 , 501.41 , 43.81 , 4478.59 , 0.22
457.60 , 501.41 , 43.81 , 4478.59 , 0.22
457.60 , 501.41 , 43.81 , 4478.59 , 0.22
452.73 , 506.28 , 53.55 , 4473.72 , 0.27
457.60 , 506.28 , 48.68 , 4473.72 , 0.24
462.46 , 511.14 , 48.68 , 4468.86 , 0.24
462.46 , 511.14 , 48.68 , 4468.86 , 0.24
462.46 , 511.14 , 48.68 , 4468.86 , 0.24
462.46 , 516.01 , 53.55 , 4463.99 , 0.27
462.46 , 516.01 , 53.55 , 4463.99 , 0.27
467.33 , 525.75 , 58.42 , 4454.25 , 0.29
467.33 , 520.88 , 53.55 , 4459.12 , 0.27
467.33 , 525.75 , 58.42 , 4454.25 , 0.29
472.20 , 530.62 , 58.42 , 4449.38 , 0.29
467.33 , 530.62 , 63.28 , 4449.38 , 0.32
467.33 , 530.62 , 63.28 , 4449.38 , 0.32
467.33 , 535.48 , 68.15 , 4444.52 , 0.34
472.20 , 535.48 , 63.28 , 4444.52 , 0.32
472.20 , 545.22 , 73.02 , 4434.78 , 0.37
477.07 , 545.22 , 68.15 , 4434.78 , 0.34
477.07 , 550.09 , 73.02 , 4429.91 , 0.37
477.07 , 550.09 , 73.02 , 4429.91 , 0.37
481.94 , 564.69 , 82.76 , 4415.31 , 0.41
481.94 , 564.69 , 82.76 , 4415.31 , 0.41
481.94 , 564.69 , 82.76 , 4415.31 , 0.41
491.67 , 579.30 , 87.62 , 4400.70 , 0.44
486.80 , 579.30 , 92.49 , 4400.70 , 0.46
486.80 , 584.16 , 97.36 , 4395.84 , 0.49
491.67 , 593.90 , 102.23 , 4386.10 , 0.51
491.67 , 598.77 , 107.10 , 4381.23 , 0.54
501.41 , 603.64 , 102.23 , 4376.36 , 0.51
501.41 , 608.50 , 107.10 , 4371.50 , 0.54
501.41 , 623.11 , 121.70 , 4356.89 , 0.61
506.28 , 632.84 , 126.57 , 4347.16 , 0.63
511.14 , 637.71 , 126.57 , 4342.29 , 0.63
511.14 , 652.32 , 141.17 , 4327.68 , 0.71
511.14 , 662.05 , 150.91 , 4317.95 , 0.75
516.01 , 676.66 , 160.65 , 4303.34 , 0.80
520.88 , 696.13 , 175.25 , 4283.87 , 0.88
520.88 , 710.73 , 189.85 , 4269.27 , 0.95
530.62 , 725.34 , 194.72 , 4254.66 , 0.97
530.62 , 749.68 , 219.06 , 4230.32 , 1.10
530.62 , 778.89 , 248.27 , 4201.11 , 1.24
540.35 , 817.83 , 277.48 , 4162.17 , 1.39
550.09 , 856.77 , 306.69 , 4123.23 , 1.53
559.82 , 910.32 , 350.50 , 4069.68 , 1.75
559.82 , 983.34 , 423.52 , 3996.66 , 2.12
574.43 , 1085.57 , 511.14 , 3894.43 , 2.56
589.03 , 1236.48 , 647.45 , 3743.52 , 3.24
608.50 , 1504.22 , 895.72 , 3475.78 , 4.48
642.58 , 2078.65 , 1436.07 , 2901.35 , 7.18
725.34 , 4415.31 , 3689.97 , 564.69 , 18.45
725.34 , 4420.18 , 3694.84 , 559.82 , 18.47
