68.15 , 63.28 , -4.87 , 4916.72 , -0.02
102.23 , 111.96 , 9.74 , 4868.04 , 0.05
146.04 , 136.30 , -9.74 , 4843.69 , -0.05
184.99 , 184.99 , 0.00 , 4795.01 , 0.00
228.80 , 223.93 , -4.87 , 4756.07 , -0.02
258.01 , 258.01 , 0.00 , 4721.99 , 0.00
287.21 , 292.08 , 4.87 , 4687.92 , 0.02
316.42 , 321.29 , 4.87 , 4658.71 , 0.02
335.89 , 321.29 , -14.60 , 4658.71 , -0.07
355.37 , 355.37 , 0.00 , 4624.63 , 0.00
365.10 , 365.10 , 0.00 , 4614.90 , 0.00
369.97 , 374.84 , 4.87 , 4605.16 , 0.02
379.71 , 384.57 , 4.87 , 4595.43 , 0.02
379.71 , 384.57 , 4.87 , 4595.43 , 0.02
384.57 , 394.31 , 9.74 , 4585.69 , 0.05
389.44 , 399.18 , 9.74 , 4580.82 , 0.05
394.31 , 404.05 , 9.74 , 4575.95 , 0.05
394.31 , 404.05 , 9.74 , 4575.95 , 0.05
399.18 , 408.91 , 9.74 , 4571.08 , 0.05
404.05 , 413.78 , 9.74 , 4566.22 , 0.05
404.05 , 413.78 , 9.74 , 4566.22 , 0.05
408.91 , 413.78 , 4.87 , 4566.22 , 0.02
408.91 , 418.65 , 9.74 , 4561.35 , 0.05
408.91 , 423.52 , 14.60 , 4556.48 , 0.07
408.91 , 428.39 , 19.47 , 4551.61 , 0.10
408.91 , 423.52 , 14.60 , 4556.48 , 0.07
413.78 , 428.39 , 14.60 , 4551.61 , 0.07
413.78 , 428.39 , 14.60 , 4551.61 , 0.07
413.78 , 433.26 , 19.47 , 4546.75 , 0.10
413.78 , 433.26 , 19.47 , 4546.75 , 0.10
418.65 , 433.26 , 14.60 , 4546.75 , 0.07
418.65 , 433.26 , 14.60 , 4546.75 , 0.07
418.65 , 438.12 , 19.47 , 4541.88 , 0.10
423.52 , 438.12 , 14.60 , 4541.88 , 0.07
423.52 , 438.12 , 14.60 , 4541.88 , 0.07
418.65 , 442.99 , 24.34 , 4537.01 , 0.12
423.52 , 447.86 , 24.34 , 4532.14 , 0.12
423.52 , 442.99 , 19.47 , 4537.01 , 0.10
423.52 , 447.86 , 24.34 , 4532.14 , 0.12
423.52 , 447.86 , 24.34 , 4532.14 , 0.12
423.52 , 447.86 , 24.34 , 4532.14 , 0.12
428.39 , 447.86 , 19.47 , 4532.14 , 0.10
428.39 , 447.86 , 19.47 , 4532.14 , 0.10
428.39 , 457.60 , 29.21 , 4522.40 , 0.15
433.26 , 457.60 , 24.34 , 4522.40 , 0.12
428.39 , 452.73 , 24.34 , 4527.27 , 0.12
428.39 , 457.60 , 29.21 , 4522.40 , 0.15
433.26 , 457.60 , 24.34 , 4522.40 , 0.12
428.39 , 457.60 , 29.21 , 4522.40 , 0.15
433.26 , 462.46 , 29.21 , 4517.54 , 0.15
433.26 , 462.46 , 29.21 , 4517.54 , 0.15
433.26 , 462.46 , 29.21 , 4517.54 , 0.15
438.12 , 462.46 , 24.34 , 4517.54 , 0.12
433.26 , 467.33 , 34.08 , 4512.67 , 0.17
438.12 , 462.46 , 24.34 , 4517.54 , 0.12
438.12 , 467.33 , 29.21 , 4512.67 , 0.15
438.12 , 472.20 , 34.08 , 4507.80 , 0.17
438.12 , 472.20 , 34.08 , 4507.80 , 0.17
442.99 , 472.20 , 29.21 , 4507.80 , 0.15
442.99 , 472.20 , 29.21 , 4507.80 , 0.15
438.12 , 472.20 , 34.08 , 4507.80 , 0.17
442.99 , 477.07 , 34.08 , 4502.93 , 0.17
442.99 , 477.07 , 34.08 , 4502.93 , 0.17
442.99 , 477.07 , 34.08 , 4502.93 , 0.17
447.86 , 477.07 , 29.21 , 4502.93 , 0.15
442.99 , 481.94 , 38.94 , 4498.06 , 0.19
447.86 , 486.80 , 38.94 , 4493.20 , 0.19
447.86 , 481.94 , 34.08 , 4498.06 , 0.17
447.86 , 481.94 , 34.08 , 4498.06 , 0.17
447.86 , 491.67 , 43.81 , 4488.33 , 0.22
447.86 , 491.67 , 43.81 , 4488.33 , 0.22
447.86 , 491.67 , 43.81 , 4488.33 , 0.22
452.73 , 496.54 , 43.81 , 4483.46 , 0.22
447.86 , 491.67 , 43.81 , 4488.33 , 0.22
457.60 , 496.54 , 38.94 , 4483.46 , 0.19
452.73 , 501.41 , 48.68 , 4478.59 , 0.24
457.60 , 501.41 , 43.81 , 4478.59 , 0.22
457.60 , 506.28 , 48.68 , 4473.72 , 0.24
457.60 , 506.28 , 48.68 , 4473.72 , 0.24
457.60 , 501.41 , 43.81 , 4478.59 , 0.22
457.60 , 511.14 , 53.55 , 4468.86 , 0.27
462.46 , 511.14 , 48.68 , 4468.86 , 0.24
462.46 , 511.14 , 48.68 , 4468.86 , 0.24
462.46 , 511.14 , 48.68 , 4468.86 , 0.24
462.46 , 516.01 , 53.55 , 4463.99 , 0.27
462.46 , 520.88 , 58.42 , 4459.12 , 0.29
467.33 , 520.88 , 53.55 , 4459.12 , 0.27
472.20 , 525.75 , 53.55 , 4454.25 , 0.27
467.33 , 525.75 , 58.42 , 4454.25 , 0.29
467.33 , 535.48 , 68.15 , 4444.52 , 0.34
472.20 , 535.48 , 63.28 , 4444.52 , 0.32
472.20 , 540.35 , 68.15 , 4439.65 , 0.34
472.20 , 540.35 , 68.15 , 4439.65 , 0.34
477.07 , 545.22 , 68.15 , 4434.78 , 0.34
477.07 , 550.09 , 73.02 , 4429.91 , 0.37
477.07 , 554.96 , 77.89 , 4425.04 , 0.39
481.94 , 550.09 , 68.15 , 4429.91 , 0.34
481.94 , 559.82 , 77.89 , 4420.18 , 0.39
486.80 , 564.69 , 77.89 , 4415.31 , 0.39
486.80 , 569.56 , 82.76 , 4410.44 , 0.41
486.80 , 569.56 , 82.76 , 4410.44 , 0.41
491.67 , 574.43 , 82.76 , 4405.57 , 0.41
486.80 , 584.16 , 97.36 , 4395.84 , 0.49
491.67 , 589.03 , 97.36 , 4390.97 , 0.49
491.67 , 598.77 , 107.10 , 4381.23 , 0.54
496.54 , 603.64 , 107.10 , 4376.36 , 0.54
496.54 , 608.50 , 111.96 , 4371.50 , 0.56
501.41 , 623.11 , 121.70 , 4356.89 , 0.61
506.28 , 627.98 , 121.70 , 4352.02 , 0.61
501.41 , 637.71 , 136.30 , 4342.29 , 0.68
511.14 , 647.45 , 136.30 , 4332.55 , 0.68
511.14 , 662.05 , 150.91 , 4317.95 , 0.75
511.14 , 671.79 , 160.65 , 4308.21 , 0.80
516.01 , 691.26 , 175.25 , 4288.74 , 0.88
520.88 , 705.87 , 184.99 , 4274.13 , 0.92
525.75 , 725.34 , 199.59 , 4254.66 , 1.00
525.75 , 749.68 , 223.93 , 4230.32 , 1.12
540.35 , 778.89 , 238.53 , 4201.11 , 1.19
540.35 , 812.96 , 272.61 , 4167.04 , 1.36
545.22 , 856.77 , 311.55 , 4123.23 , 1.56
559.82 , 915.19 , 355.37 , 4064.81 , 1.78
564.69 , 983.34 , 418.65 , 3996.66 , 2.09
569.56 , 1080.70 , 511.14 , 3899.30 , 2.56
589.03 , 1231.61 , 642.58 , 3748.39 , 3.21
608.50 , 1504.22 , 895.72 , 3475.78 , 4.48
637.71 , 2078.65 , 1440.94 , 2901.35 , 7.20
720.47 , 4429.91 , 3709.44 , 550.09 , 18.55
725.34 , 4429.91 , 3704.57 , 550.09 , 18.52
