63.28 , 63.28 , 0.00 , 4916.72 , 0.00
107.10 , 102.23 , -4.87 , 4877.77 , -0.02
146.04 , 146.04 , 0.00 , 4833.96 , 0.00
184.99 , 184.99 , 0.00 , 4795.01 , 0.00
228.80 , 219.06 , -9.74 , 4760.94 , -0.05
258.01 , 253.14 , -4.87 , 4726.86 , -0.02
287.21 , 292.08 , 4.87 , 4687.92 , 0.02
321.29 , 316.42 , -4.87 , 4663.58 , -0.02
331.03 , 340.76 , 9.74 , 4639.24 , 0.05
350.50 , 350.50 , 0.00 , 4629.50 , 0.00
360.23 , 365.10 , 4.87 , 4614.90 , 0.02
369.97 , 374.84 , 4.87 , 4605.16 , 0.02
374.84 , 384.57 , 9.74 , 4595.43 , 0.05
379.71 , 389.44 , 9.74 , 4590.56 , 0.05
384.57 , 394.31 , 9.74 , 4585.69 , 0.05
389.44 , 399.18 , 9.74 , 4580.82 , 0.05
394.31 , 399.18 , 4.87 , 4580.82 , 0.02
399.18 , 404.05 , 4.87 , 4575.95 , 0.02
399.18 , 408.91 , 9.74 , 4571.08 , 0.05
399.18 , 413.78 , 14.60 , 4566.22 , 0.07
404.05 , 418.65 , 14.60 , 4561.35 , 0.07
404.05 , 413.78 , 9.74 , 4566.22 , 0.05
404.05 , 413.78 , 9.74 , 4566.22 , 0.05
408.91 , 418.65 , 9.74 , 4561.35 , 0.05
404.05 , 423.52 , 19.47 , 4556.48 , 0.10
413.78 , 423.52 , 9.74 , 4556.48 , 0.05
413.78 , 428.39 , 14.60 , 4551.61 , 0.07
413.78 , 428.39 , 14.60 , 4551.61 , 0.07
413.78 , 428.39 , 14.60 , 4551.61 , 0.07
418.65 , 433.26 , 14.60 , 4546.75 , 0.07
413.78 , 433.26 , 19.47 , 4546.75 , 0.10
413.78 , 433.26 , 19.47 , 4546.75 , 0.10
418.65 , 438.12 , 19.47 , 4541.88 , 0.10
423.52 , 438.12 , 14.60 , 4541.88 , 0.07
423.52 , 438.12 , 14.60 , 4541.88 , 0.07
418.65 , 442.99 , 24.34 , 4537.01 , 0.12
423.52 , 442.99 , 19.47 , 4537.01 , 0.10
423.52 , 447.86 , 24.34 , 4532.14 , 0.12
423.52 , 447.86 , 24.34 , 4532.14 , 0.12
428.39 , 442.99 , 14.60 , 4537.01 , 0.07
423.52 , 442.99 , 19.47 , 4537.01 , 0.10
428.39 , 447.86 , 19.47 , 4532.14 , 0.10
428.39 , 447.86 , 19.47 , 4532.14 , 0.10
428.39 , 447.86 , 19.47 , 4532.14 , 0.10
423.52 , 452.73 , 29.21 , 4527.27 , 0.15
428.39 , 457.60 , 29.21 , 4522.40 , 0.15
428.39 , 457.60 , 29.21 , 4522.40 , 0.15
433.26 , 452.73 , 19.47 , 4527.27 , 0.10
428.39 , 457.60 , 29.21 , 4522.40 , 0.15
433.26 , 457.60 , 24.34 , 4522.40 , 0.12
433.26 , 462.46 , 29.21 , 4517.54 , 0.15
433.26 , 462.46 , 29.21 , 4517.54 , 0.15
438.12 , 462.46 , 24.34 , 4517.54 , 0.12
433.26 , 462.46 , 29.21 , 4517.54 , 0.15
433.26 , 467.33 , 34.08 , 4512.67 , 0.17
438.12 , 462.46 , 24.34 , 4517.54 , 0.12
442.99 , 467.33 , 24.34 , 4512.67 , 0.12
438.12 , 467.33 , 29.21 , 4512.67 , 0.15
442.99 , 467.33 , 24.34 , 4512.67 , 0.12
438.12 , 477.07 , 38.94 , 4502.93 , 0.19
442.99 , 472.20 , 29.21 , 4507.80 , 0.15
442.99 , 477.07 , 34.08 , 4502.93 , 0.17
442.99 , 477.07 , 34.08 , 4502.93 , 0.17
442.99 , 477.07 , 34.08 , 4502.93 , 0.17
447.86 , 477.07 , 29.21 , 4502.93 , 0.15
442.99 , 481.94 , 38.94 , 4498.06 , 0.19
447.86 , 477.07 , 29.21 , 4502.93 , 0.15
447.86 , 486.80 , 38.94 , 4493.20 , 0.19
447.86 , 486.80 , 38.94 , 4493.20 , 0.19
447.86 , 486.80 , 38.94 , 4493.20 , 0.19
447.86 , 486.80 , 38.94 , 4493.20 , 0.19
447.86 , 491.67 , 43.81 , 4488.33 , 0.22
452.73 , 496.54 , 43.81 , 4483.46 , 0.22
452.73 , 491.67 , 38.94 , 4488.33 , 0.19
447.86 , 496.54 , 48.68 , 4483.46 , 0.24
447.86 , 496.54 , 48.68 , 4483.46 , 0.24
452.73 , 501.41 , 48.68 , 4478.59 , 0.24
452.73 , 501.41 , 48.68 , 4478.59 , 0.24
457.60 , 506.28 , 48.68 , 4473.72 , 0.24
457.60 , 506.28 , 48.68 , 4473.72 , 0.24
457.60 , 506.28 , 48.68 , 4473.72 , 0.24
457.60 , 516.01 , 58.42 , 4463.99 , 0.29
462.46 , 511.14 , 48.68 , 4468.86 , 0.24
457.60 , 511.14 , 53.55 , 4468.86 , 0.27
462.46 , 516.01 , 53.55 , 4463.99 , 0.27
462.46 , 520.88 , 58.42 , 4459.12 , 0.29
467.33 , 525.75 , 58.42 , 4454.25 , 0.29
467.33 , 520.88 , 53.55 , 4459.12 , 0.27
467.33 , 525.75 , 58.42 , 4454.25 , 0.29
472.20 , 530.62 , 58.42 , 4449.38 , 0.29
472.20 , 530.62 , 58.42 , 4449.38 , 0.29
472.20 , 535.48 , 63.28 , 4444.52 , 0.32
472.20 , 540.35 , 68.15 , 4439.65 , 0.34
477.07 , 545.22 , 68.15 , 4434.78 , 0.34
472.20 , 550.09 , 77.89 , 4429.91 , 0.39
477.07 , 550.09 , 73.02 , 4429.91 , 0.37
477.07 , 554.96 , 77.89 , 4425.04 , 0.39
477.07 , 559.82 , 82.76 , 4420.18 , 0.41
477.07 , 564.69 , 87.62 , 4415.31 , 0.44
481.94 , 569.56 , 87.62 , 4410.44 , 0.44
481.94 , 574.43 , 92.49 , 4405.57 , 0.46
486.80 , 574.43 , 87.62 , 4405.57 , 0.44
491.67 , 584.16 , 92.49 , 4395.84 , 0.46
496.54 , 593.90 , 97.36 , 4386.10 , 0.49
491.67 , 598.77 , 107.10 , 4381.23 , 0.54
496.54 , 608.50 , 111.96 , 4371.50 , 0.56
501.41 , 613.37 , 111.96 , 4366.63 , 0.56
496.54 , 623.11 , 126.57 , 4356.89 , 0.63
501.41 , 627.98 , 126.57 , 4352.02 , 0.63
501.41 , 642.58 , 141.17 , 4337.42 , 0.71
511.14 , 652.32 , 141.17 , 4327.68 , 0.71
511.14 , 662.05 , 150.91 , 4317.95 , 0.75
511.14 , 676.66 , 165.51 , 4303.34 , 0.83
516.01 , 691.26 , 175.25 , 4288.74 , 0.88
525.75 , 710.73 , 184.99 , 4269.27 , 0.92
525.75 , 730.21 , 204.46 , 4249.79 , 1.02
525.75 , 749.68 , 223.93 , 4230.32 , 1.12
530.62 , 778.89 , 248.27 , 4201.11 , 1.24
540.35 , 817.83 , 277.48 , 4162.17 , 1.39
545.22 , 856.77 , 311.55 , 4123.23 , 1.56
550.09 , 910.32 , 360.23 , 4069.68 , 1.80
564.69 , 978.48 , 413.78 , 4001.52 , 2.07
569.56 , 1080.70 , 511.14 , 3899.30 , 2.56
584.16 , 1236.48 , 652.32 , 3743.52 , 3.26
603.64 , 1499.35 , 895.72 , 3480.64 , 4.48
637.71 , 2078.65 , 1440.94 , 2901.35 , 7.20
720.47 , 4425.04 , 3704.57 , 554.96 , 18.52
720.47 , 4420.18 , 3699.71 , 559.82 , 18.50
