68.15 , 68.15 , 0.00 , 4911.85 , 0.00
116.83 , 102.23 , -14.60 , 4877.77 , -0.07
150.91 , 146.04 , -4.87 , 4833.96 , -0.02
184.99 , 184.99 , 0.00 , 4795.01 , 0.00
223.93 , 228.80 , 4.87 , 4751.20 , 0.02
258.01 , 258.01 , 0.00 , 4721.99 , 0.00
292.08 , 292.08 , 0.00 , 4687.92 , 0.00
321.29 , 321.29 , 0.00 , 4658.71 , 0.00
335.89 , 345.63 , 9.74 , 4634.37 , 0.05
355.37 , 355.37 , 0.00 , 4624.63 , 0.00
360.23 , 365.10 , 4.87 , 4614.90 , 0.02
369.97 , 374.84 , 4.87 , 4605.16 , 0.02
384.57 , 379.71 , -4.87 , 4600.29 , -0.02
379.71 , 389.44 , 9.74 , 4590.56 , 0.05
384.57 , 399.18 , 14.60 , 4580.82 , 0.07
394.31 , 404.05 , 9.74 , 4575.95 , 0.05
399.18 , 404.05 , 4.87 , 4575.95 , 0.02
394.31 , 408.91 , 14.60 , 4571.08 , 0.07
399.18 , 408.91 , 9.74 , 4571.08 , 0.05
404.05 , 408.91 , 4.87 , 4571.08 , 0.02
404.05 , 413.78 , 9.74 , 4566.22 , 0.05
404.05 , 418.65 , 14.60 , 4561.35 , 0.07
408.91 , 418.65 , 9.74 , 4561.35 , 0.05
408.91 , 418.65 , 9.74 , 4561.35 , 0.05
408.91 , 423.52 , 14.60 , 4556.48 , 0.07
413.78 , 428.39 , 14.60 , 4551.61 , 0.07
413.78 , 428.39 , 14.60 , 4551.61 , 0.07
413.78 , 433.26 , 19.47 , 4546.75 , 0.10
413.78 , 428.39 , 14.60 , 4551.61 , 0.07
418.65 , 433.26 , 14.60 , 4546.75 , 0.07
418.65 , 433.26 , 14.60 , 4546.75 , 0.07
423.52 , 433.26 , 9.74 , 4546.75 , 0.05
418.65 , 438.12 , 19.47 , 4541.88 , 0.10
418.65 , 438.12 , 19.47 , 4541.88 , 0.10
423.52 , 442.99 , 19.47 , 4537.01 , 0.10
423.52 , 442.99 , 19.47 , 4537.01 , 0.10
423.52 , 442.99 , 19.47 , 4537.01 , 0.10
423.52 , 442.99 , 19.47 , 4537.01 , 0.10
423.52 , 447.86 , 24.34 , 4532.14 , 0.12
423.52 , 447.86 , 24.34 , 4532.14 , 0.12
428.39 , 447.86 , 19.47 , 4532.14 , 0.10
428.39 , 447.86 , 19.47 , 4532.14 , 0.10
428.39 , 447.86 , 19.47 , 4532.14 , 0.10
428.39 , 452.73 , 24.34 , 4527.27 , 0.12
428.39 , 452.73 , 24.34 , 4527.27 , 0.12
433.26 , 452.73 , 19.47 , 4527.27 , 0.10
433.26 , 457.60 , 24.34 , 4522.40 , 0.12
428.39 , 457.60 , 29.21 , 4522.40 , 0.15
433.26 , 457.60 , 24.34 , 4522.40 , 0.12
438.12 , 457.60 , 19.47 , 4522.40 , 0.10
438.12 , 462.46 , 24.34 , 4517.54 , 0.12
433.26 , 467.33 , 34.08 , 4512.67 , 0.17
433.26 , 462.46 , 29.21 , 4517.54 , 0.15
438.12 , 467.33 , 29.21 , 4512.67 , 0.15
442.99 , 467.33 , 24.34 , 4512.67 , 0.12
442.99 , 472.20 , 29.21 , 4507.80 , 0.15
438.12 , 467.33 , 29.21 , 4512.67 , 0.15
442.99 , 467.33 , 24.34 , 4512.67 , 0.12
438.12 , 472.20 , 34.08 , 4507.80 , 0.17
438.12 , 472.20 , 34.08 , 4507.80 , 0.17
438.12 , 472.20 , 34.08 , 4507.80 , 0.17
447.86 , 472.20 , 24.34 , 4507.80 , 0.12
447.86 , 477.07 , 29.21 , 4502.93 , 0.15
447.86 , 481.94 , 34.08 , 4498.06 , 0.17
442.99 , 486.80 , 43.81 , 4493.20 , 0.22
447.86 , 481.94 , 34.08 , 4498.06 , 0.17
452.73 , 481.94 , 29.21 , 4498.06 , 0.15
447.86 , 486.80 , 38.94 , 4493.20 , 0.19
447.86 , 491.67 , 43.81 , 4488.33 , 0.22
452.73 , 486.80 , 34.08 , 4493.20 , 0.17
452.73 , 491.67 , 38.94 , 4488.33 , 0.19
452.73 , 496.54 , 43.81 , 4483.46 , 0.22
452.73 , 491.67 , 38.94 , 4488.33 , 0.19
452.73 , 491.67 , 38.94 , 4488.33 , 0.19
457.60 , 496.54 , 38.94 , 4483.46 , 0.19
452.73 , 496.54 , 43.81 , 4483.46 , 0.22
462.46 , 506.28 , 43.81 , 4473.72 , 0.22
457.60 , 506.28 , 48.68 , 4473.72 , 0.24
457.60 , 506.28 , 48.68 , 4473.72 , 0.24
457.60 , 506.28 , 48.68 , 4473.72 , 0.24
462.46 , 511.14 , 48.68 , 4468.86 , 0.24
462.46 , 511.14 , 48.68 , 4468.86 , 0.24
462.46 , 516.01 , 53.55 , 4463.99 , 0.27
457.60 , 516.01 , 58.42 , 4463.99 , 0.29
462.46 , 516.01 , 53.55 , 4463.99 , 0.27
462.46 , 520.88 , 58.42 , 4459.12 , 0.29
467.33 , 516.01 , 48.68 , 4463.99 , 0.24
467.33 , 525.75 , 58.42 , 4454.25 , 0.29
472.20 , 525.75 , 53.55 , 4454.25 , 0.27
467.33 , 530.62 , 63.28 , 4449.38 , 0.32
472.20 , 535.48 , 63.28 , 4444.52 , 0.32
472.20 , 535.48 , 63.28 , 4444.52 , 0.32
477.07 , 540.35 , 63.28 , 4439.65 , 0.32
477.07 , 540.35 , 63.28 , 4439.65 , 0.32
481.94 , 550.09 , 68.15 , 4429.91 , 0.34
477.07 , 550.09 , 73.02 , 4429.91 , 0.37
477.07 , 554.96 , 77.89 , 4425.04 , 0.39
481.94 , 559.82 , 77.89 , 4420.18 , 0.39
481.94 , 564.69 , 82.76 , 4415.31 , 0.41
486.80 , 569.56 , 82.76 , 4410.44 , 0.41
481.94 , 569.56 , 87.62 , 4410.44 , 0.44
486.80 , 579.30 , 92.49 , 4400.70 , 0.46
491.67 , 584.16 , 92.49 , 4395.84 , 0.46
491.67 , 589.03 , 97.36 , 4390.97 , 0.49
491.67 , 593.90 , 102.23 , 4386.10 , 0.51
496.54 , 603.64 , 107.10 , 4376.36 , 0.54
496.54 , 608.50 , 111.96 , 4371.50 , 0.56
501.41 , 623.11 , 121.70 , 4356.89 , 0.61
506.28 , 627.98 , 121.70 , 4352.02 , 0.61
506.28 , 642.58 , 136.30 , 4337.42 , 0.68
506.28 , 652.32 , 146.04 , 4327.68 , 0.73
511.14 , 662.05 , 150.91 , 4317.95 , 0.75
516.01 , 681.52 , 165.51 , 4298.47 , 0.83
516.01 , 691.26 , 175.25 , 4288.74 , 0.88
520.88 , 710.73 , 189.85 , 4269.27 , 0.95
525.75 , 730.21 , 204.46 , 4249.79 , 1.02
535.48 , 754.55 , 219.06 , 4225.45 , 1.10
535.48 , 783.75 , 248.27 , 4196.25 , 1.24
545.22 , 812.96 , 267.74 , 4167.04 , 1.34
550.09 , 856.77 , 306.69 , 4123.23 , 1.53
554.96 , 915.19 , 360.23 , 4064.81 , 1.80
559.82 , 983.34 , 423.52 , 3996.66 , 2.12
574.43 , 1085.57 , 511.14 , 3894.43 , 2.56
589.03 , 1241.35 , 652.32 , 3738.65 , 3.26
608.50 , 1499.35 , 890.85 , 3480.64 , 4.45
642.58 , 2078.65 , 1436.07 , 2901.35 , 7.18
725.34 , 4415.31 , 3689.97 , 564.69 , 18.45
730.21 , 4410.44 , 3680.23 , 569.56 , 18.40
