63.28 , 68.15 , 4.87 , 4911.85 , 0.02
107.10 , 107.10 , 0.00 , 4872.90 , 0.00
146.04 , 146.04 , 0.00 , 4833.96 , 0.00
184.99 , 184.99 , 0.00 , 4795.01 , 0.00
228.80 , 223.93 , -4.87 , 4756.07 , -0.02
262.87 , 253.14 , -9.74 , 4726.86 , -0.05
292.08 , 292.08 , 0.00 , 4687.92 , 0.00
316.42 , 316.42 , 0.00 , 4663.58 , 0.00
335.89 , 335.89 , 0.00 , 4644.11 , 0.00
350.50 , 355.37 , 4.87 , 4624.63 , 0.02
360.23 , 365.10 , 4.87 , 4614.90 , 0.02
369.97 , 374.84 , 4.87 , 4605.16 , 0.02
379.71 , 379.71 , 0.00 , 4600.29 , 0.00
384.57 , 384.57 , 0.00 , 4595.43 , 0.00
389.44 , 389.44 , 0.00 , 4590.56 , 0.00
389.44 , 399.18 , 9.74 , 4580.82 , 0.05
394.31 , 399.18 , 4.87 , 4580.82 , 0.02
399.18 , 404.05 , 4.87 , 4575.95 , 0.02
399.18 , 404.05 , 4.87 , 4575.95 , 0.02
404.05 , 413.78 , 9.74 , 4566.22 , 0.05
404.05 , 413.78 , 9.74 , 4566.22 , 0.05
404.05 , 413.78 , 9.74 , 4566.22 , 0.05
408.91 , 418.65 , 9.74 , 4561.35 , 0.05
404.05 , 418.65 , 14.60 , 4561.35 , 0.07
404.05 , 423.52 , 19.47 , 4556.48 , 0.10
408.91 , 423.52 , 14.60 , 4556.48 , 0.07
408.91 , 423.52 , 14.60 , 4556.48 , 0.07
413.78 , 428.39 , 14.60 , 4551.61 , 0.07
413.78 , 433.26 , 19.47 , 4546.75 , 0.10
413.78 , 433.26 , 19.47 , 4546.75 , 0.10
418.65 , 433.26 , 14.60 , 4546.75 , 0.07
418.65 , 438.12 , 19.47 , 4541.88 , 0.10
418.65 , 438.12 , 19.47 , 4541.88 , 0.10
418.65 , 438.12 , 19.47 , 4541.88 , 0.10
418.65 , 438.12 , 19.47 , 4541.88 , 0.10
423.52 , 438.12 , 14.60 , 4541.88 , 0.07
428.39 , 442.99 , 14.60 , 4537.01 , 0.07
418.65 , 442.99 , 24.34 , 4537.01 , 0.12
423.52 , 447.86 , 24.34 , 4532.14 , 0.12
423.52 , 442.99 , 19.47 , 4537.01 , 0.10
423.52 , 447.86 , 24.34 , 4532.14 , 0.12
423.52 , 447.86 , 24.34 , 4532.14 , 0.12
428.39 , 447.86 , 19.47 , 4532.14 , 0.10
428.39 , 452.73 , 24.34 , 4527.27 , 0.12
428.39 , 452.73 , 24.34 , 4527.27 , 0.12
428.39 , 452.73 , 24.34 , 4527.27 , 0.12
433.26 , 452.73 , 19.47 , 4527.27 , 0.10
428.39 , 457.60 , 29.21 , 4522.40 , 0.15
433.26 , 457.60 , 24.34 , 4522.40 , 0.12
433.26 , 462.46 , 29.21 , 4517.54 , 0.15
433.26 , 462.46 , 29.21 , 4517.54 , 0.15
428.39 , 457.60 , 29.21 , 4522.40 , 0.15
438.12 , 467.33 , 29.21 , 4512.67 , 0.15
438.12 , 467.33 , 29.21 , 4512.67 , 0.15
433.26 , 462.46 , 29.21 , 4517.54 , 0.15
438.12 , 467.33 , 29.21 , 4512.67 , 0.15
433.26 , 467.33 , 34.08 , 4512.67 , 0.17
438.12 , 467.33 , 29.21 , 4512.67 , 0.15
438.12 , 472.20 , 34.08 , 4507.80 , 0.17
438.12 , 467.33 , 29.21 , 4512.67 , 0.15
442.99 , 472.20 , 29.21 , 4507.80 , 0.15
442.99 , 477.07 , 34.08 , 4502.93 , 0.17
442.99 , 477.07 , 34.08 , 4502.93 , 0.17
442.99 , 477.07 , 34.08 , 4502.93 , 0.17
442.99 , 477.07 , 34.08 , 4502.93 , 0.17
442.99 , 481.94 , 38.94 , 4498.06 , 0.19
442.99 , 477.07 , 34.08 , 4502.93 , 0.17
442.99 , 486.80 , 43.81 , 4493.20 , 0.22
447.86 , 486.80 , 38.94 , 4493.20 , 0.19
452.73 , 486.80 , 34.08 , 4493.20 , 0.17
447.86 , 486.80 , 38.94 , 4493.20 , 0.19
447.86 , 486.80 , 38.94 , 4493.20 , 0.19
447.86 , 496.54 , 48.68 , 4483.46 , 0.24
452.73 , 496.54 , 43.81 , 4483.46 , 0.22
457.60 , 496.54 , 38.94 , 4483.46 , 0.19
452.73 , 496.54 , 43.81 , 4483.46 , 0.22
457.60 , 496.54 , 38.94 , 4483.46 , 0.19
457.60 , 506.28 , 48.68 , 4473.72 , 0.24
457.60 , 501.41 , 43.81 , 4478.59 , 0.22
457.60 , 506.28 , 48.68 , 4473.72 , 0.24
462.46 , 506.28 , 43.81 , 4473.72 , 0.22
457.60 , 511.14 , 53.55 , 4468.86 , 0.27
457.60 , 511.14 , 53.55 , 4468.86 , 0.27
462.46 , 516.01 , 53.55 , 4463.99 , 0.27
467.33 , 516.01 , 48.68 , 4463.99 , 0.24
457.60 , 516.01 , 58.42 , 4463.99 , 0.29
467.33 , 525.75 , 58.42 , 4454.25 , 0.29
467.33 , 520.88 , 53.55 , 4459.12 , 0.27
462.46 , 530.62 , 68.15 , 4449.38 , 0.34
467.33 , 530.62 , 63.28 , 4449.38 , 0.32
467.33 , 530.62 , 63.28 , 4449.38 , 0.32
472.20 , 535.48 , 63.28 , 4444.52 , 0.32
477.07 , 540.35 , 63.28 , 4439.65 , 0.32
477.07 , 545.22 , 68.15 , 4434.78 , 0.34
477.07 , 545.22 , 68.15 , 4434.78 , 0.34
481.94 , 550.09 , 68.15 , 4429.91 , 0.34
477.07 , 554.96 , 77.89 , 4425.04 , 0.39
481.94 , 559.82 , 77.89 , 4420.18 , 0.39
481.94 , 564.69 , 82.76 , 4415.31 , 0.41
481.94 , 569.56 , 87.62 , 4410.44 , 0.44
486.80 , 574.43 , 87.62 , 4405.57 , 0.44
486.80 , 579.30 , 92.49 , 4400.70 , 0.46
486.80 , 584.16 , 97.36 , 4395.84 , 0.49
486.80 , 589.03 , 102.23 , 4390.97 , 0.51
491.67 , 593.90 , 102.23 , 4386.10 , 0.51
496.54 , 603.64 , 107.10 , 4376.36 , 0.54
496.54 , 613.37 , 116.83 , 4366.63 , 0.58
501.41 , 618.24 , 116.83 , 4361.76 , 0.58
501.41 , 632.84 , 131.44 , 4347.16 , 0.66
506.28 , 637.71 , 131.44 , 4342.29 , 0.66
506.28 , 652.32 , 146.04 , 4327.68 , 0.73
511.14 , 662.05 , 150.91 , 4317.95 , 0.75
511.14 , 676.66 , 165.51 , 4303.34 , 0.83
516.01 , 691.26 , 175.25 , 4288.74 , 0.88
525.75 , 705.87 , 180.12 , 4274.13 , 0.90
525.75 , 730.21 , 204.46 , 4249.79 , 1.02
530.62 , 749.68 , 219.06 , 4230.32 , 1.10
535.48 , 778.89 , 243.40 , 4201.11 , 1.22
540.35 , 812.96 , 272.61 , 4167.04 , 1.36
545.22 , 856.77 , 311.55 , 4123.23 , 1.56
554.96 , 910.32 , 355.37 , 4069.68 , 1.78
559.82 , 983.34 , 423.52 , 3996.66 , 2.12
569.56 , 1080.70 , 511.14 , 3899.30 , 2.56
584.16 , 1231.61 , 647.45 , 3748.39 , 3.24
603.64 , 1504.22 , 900.59 , 3475.78 , 4.50
637.71 , 2078.65 , 1440.94 , 2901.35 , 7.20
710.73 , 4429.91 , 3719.18 , 550.09 , 18.60
715.60 , 4425.04 , 3709.44 , 554.96 , 18.55
