68.15 , 68.15 , 0.00 , 4911.85 , 0.00
107.10 , 102.23 , -4.87 , 4877.77 , -0.02
146.04 , 146.04 , 0.00 , 4833.96 , 0.00
184.99 , 184.99 , 0.00 , 4795.01 , 0.00
223.93 , 223.93 , 0.00 , 4756.07 , 0.00
258.01 , 258.01 , 0.00 , 4721.99 , 0.00
292.08 , 292.08 , 0.00 , 4687.92 , 0.00
316.42 , 321.29 , 4.87 , 4658.71 , 0.02
335.89 , 335.89 , 0.00 , 4644.11 , 0.00
355.37 , 355.37 , 0.00 , 4624.63 , 0.00
360.23 , 365.10 , 4.87 , 4614.90 , 0.02
369.97 , 379.71 , 9.74 , 4600.29 , 0.05
379.71 , 384.57 , 4.87 , 4595.43 , 0.02
384.57 , 389.44 , 4.87 , 4590.56 , 0.02
379.71 , 394.31 , 14.60 , 4585.69 , 0.07
394.31 , 394.31 , 0.00 , 4585.69 , 0.00
394.31 , 404.05 , 9.74 , 4575.95 , 0.05
399.18 , 408.91 , 9.74 , 4571.08 , 0.05
399.18 , 408.91 , 9.74 , 4571.08 , 0.05
399.18 , 408.91 , 9.74 , 4571.08 , 0.05
404.05 , 413.78 , 9.74 , 4566.22 , 0.05
404.05 , 418.65 , 14.60 , 4561.35 , 0.07
408.91 , 418.65 , 9.74 , 4561.35 , 0.05
404.05 , 423.52 , 19.47 , 4556.48 , 0.10
408.91 , 428.39 , 19.47 , 4551.61 , 0.10
408.91 , 428.39 , 19.47 , 4551.61 , 0.10
413.78 , 428.39 , 14.60 , 4551.61 , 0.07
413.78 , 428.39 , 14.60 , 4551.61 , 0.07
413.78 , 428.39 , 14.60 , 4551.61 , 0.07
413.78 , 433.26 , 19.47 , 4546.75 , 0.10
418.65 , 433.26 , 14.60 , 4546.75 , 0.07
413.78 , 438.12 , 24.34 , 4541.88 , 0.12
418.65 , 438.12 , 19.47 , 4541.88 , 0.10
418.65 , 438.12 , 19.47 , 4541.88 , 0.10
423.52 , 442.99 , 19.47 , 4537.01 , 0.10
423.52 , 442.99 , 19.47 , 4537.01 , 0.10
423.52 , 442.99 , 19.47 , 4537.01 , 0.10
418.65 , 447.86 , 29.21 , 4532.14 , 0.15
428.39 , 442.99 , 14.60 , 4537.01 , 0.07
423.52 , 442.99 , 19.47 , 4537.01 , 0.10
423.52 , 447.86 , 24.34 , 4532.14 , 0.12
423.52 , 447.86 , 24.34 , 4532.14 , 0.12
428.39 , 447.86 , 19.47 , 4532.14 , 0.10
428.39 , 457.60 , 29.21 , 4522.40 , 0.15
428.39 , 452.73 , 24.34 , 4527.27 , 0.12
428.39 , 452.73 , 24.34 , 4527.27 , 0.12
433.26 , 452.73 , 19.47 , 4527.27 , 0.10
433.26 , 457.60 , 24.34 , 4522.40 , 0.12
433.26 , 452.73 , 19.47 , 4527.27 , 0.10
428.39 , 457.60 , 29.21 , 4522.40 , 0.15
433.26 , 457.60 , 24.34 , 4522.40 , 0.12
428.39 , 462.46 , 34.08 , 4517.54 , 0.17
438.12 , 462.46 , 24.34 , 4517.54 , 0.12
438.12 , 462.46 , 24.34 , 4517.54 , 0.12
433.26 , 467.33 , 34.08 , 4512.67 , 0.17
438.12 , 467.33 , 29.21 , 4512.67 , 0.15
438.12 , 472.20 , 34.08 , 4507.80 , 0.17
438.12 , 467.33 , 29.21 , 4512.67 , 0.15
442.99 , 472.20 , 29.21 , 4507.80 , 0.15
438.12 , 472.20 , 34.08 , 4507.80 , 0.17
438.12 , 472.20 , 34.08 , 4507.80 , 0.17
438.12 , 477.07 , 38.94 , 4502.93 , 0.19
447.86 , 477.07 , 29.21 , 4502.93 , 0.15
442.99 , 477.07 , 34.08 , 4502.93 , 0.17
442.99 , 477.07 , 34.08 , 4502.93 , 0.17
442.99 , 477.07 , 34.08 , 4502.93 , 0.17
447.86 , 481.94 , 34.08 , 4498.06 , 0.17
447.86 , 481.94 , 34.08 , 4498.06 , 0.17
447.86 , 486.80 , 38.94 , 4493.20 , 0.19
447.86 , 486.80 , 38.94 , 4493.20 , 0.19
452.73 , 491.67 , 38.94 , 4488.33 , 0.19
452.73 , 491.67 , 38.94 , 4488.33 , 0.19
447.86 , 491.67 , 43.81 , 4488.33 , 0.22
452.73 , 491.67 , 38.94 , 4488.33 , 0.19
457.60 , 496.54 , 38.94 , 4483.46 , 0.19
452.73 , 496.54 , 43.81 , 4483.46 , 0.22
457.60 , 501.41 , 43.81 , 4478.59 , 0.22
457.60 , 501.41 , 43.81 , 4478.59 , 0.22
452.73 , 501.41 , 48.68 , 4478.59 , 0.24
457.60 , 506.28 , 48.68 , 4473.72 , 0.24
457.60 , 506.28 , 48.68 , 4473.72 , 0.24
457.60 , 511.14 , 53.55 , 4468.86 , 0.27
457.60 , 511.14 , 53.55 , 4468.86 , 0.27
457.60 , 516.01 , 58.42 , 4463.99 , 0.29
467.33 , 516.01 , 48.68 , 4463.99 , 0.24
467.33 , 516.01 , 48.68 , 4463.99 , 0.24
467.33 , 525.75 , 58.42 , 4454.25 , 0.29
467.33 , 525.75 , 58.42 , 4454.25 , 0.29
467.33 , 530.62 , 63.28 , 4449.38 , 0.32
467.33 , 530.62 , 63.28 , 4449.38 , 0.32
472.20 , 530.62 , 58.42 , 4449.38 , 0.29
472.20 , 535.48 , 63.28 , 4444.52 , 0.32
472.20 , 540.35 , 68.15 , 4439.65 , 0.34
472.20 , 545.22 , 73.02 , 4434.78 , 0.37
477.07 , 545.22 , 68.15 , 4434.78 , 0.34
477.07 , 554.96 , 77.89 , 4425.04 , 0.39
477.07 , 554.96 , 77.89 , 4425.04 , 0.39
477.07 , 554.96 , 77.89 , 4425.04 , 0.39
486.80 , 569.56 , 82.76 , 4410.44 , 0.41
486.80 , 569.56 , 82.76 , 4410.44 , 0.41
486.80 , 574.43 , 87.62 , 4405.57 , 0.44
486.80 , 579.30 , 92.49 , 4400.70 , 0.46
486.80 , 584.16 , 97.36 , 4395.84 , 0.49
491.67 , 589.03 , 97.36 , 4390.97 , 0.49
491.67 , 598.77 , 107.10 , 4381.23 , 0.54
491.67 , 603.64 , 111.96 , 4376.36 , 0.56
491.67 , 613.37 , 121.70 , 4366.63 , 0.61
501.41 , 618.24 , 116.83 , 4361.76 , 0.58
501.41 , 627.98 , 126.57 , 4352.02 , 0.63
506.28 , 642.58 , 136.30 , 4337.42 , 0.68
511.14 , 652.32 , 141.17 , 4327.68 , 0.71
511.14 , 666.92 , 155.78 , 4313.08 , 0.78
516.01 , 676.66 , 160.65 , 4303.34 , 0.80
520.88 , 696.13 , 175.25 , 4283.87 , 0.88
520.88 , 710.73 , 189.85 , 4269.27 , 0.95
530.62 , 730.21 , 199.59 , 4249.79 , 1.00
530.62 , 754.55 , 223.93 , 4225.45 , 1.12
535.48 , 783.75 , 248.27 , 4196.25 , 1.24
540.35 , 817.83 , 277.48 , 4162.17 , 1.39
545.22 , 856.77 , 311.55 , 4123.23 , 1.56
554.96 , 910.32 , 355.37 , 4069.68 , 1.78
559.82 , 983.34 , 423.52 , 3996.66 , 2.12
574.43 , 1085.57 , 511.14 , 3894.43 , 2.56
589.03 , 1241.35 , 652.32 , 3738.65 , 3.26
608.50 , 1504.22 , 895.72 , 3475.78 , 4.48
642.58 , 2078.65 , 1436.07 , 2901.35 , 7.18
735.07 , 4405.57 , 3670.50 , 574.43 , 18.35
730.21 , 4410.44 , 3680.23 , 569.56 , 18.40
