68.15 , 68.15 , 0.00 , 4911.85 , 0.00
111.96 , 92.49 , -19.47 , 4887.51 , -0.10
146.04 , 146.04 , 0.00 , 4833.96 , 0.00
189.85 , 184.99 , -4.87 , 4795.01 , -0.02
228.80 , 223.93 , -4.87 , 4756.07 , -0.02
262.87 , 258.01 , -4.87 , 4721.99 , -0.02
301.82 , 301.82 , 0.00 , 4678.18 , 0.00
321.29 , 335.89 , 14.60 , 4644.11 , 0.07
365.10 , 365.10 , 0.00 , 4614.90 , 0.00
389.44 , 389.44 , 0.00 , 4590.56 , 0.00
408.91 , 399.18 , -9.74 , 4580.82 , -0.05
399.18 , 413.78 , 14.60 , 4566.22 , 0.07
423.52 , 428.39 , 4.87 , 4551.61 , 0.02
433.26 , 438.12 , 4.87 , 4541.88 , 0.02
438.12 , 438.12 , 0.00 , 4541.88 , 0.00
438.12 , 447.86 , 9.74 , 4532.14 , 0.05
447.86 , 452.73 , 4.87 , 4527.27 , 0.02
447.86 , 457.60 , 9.74 , 4522.40 , 0.05
452.73 , 462.46 , 9.74 , 4517.54 , 0.05
457.60 , 467.33 , 9.74 , 4512.67 , 0.05
457.60 , 467.33 , 9.74 , 4512.67 , 0.05
462.46 , 467.33 , 4.87 , 4512.67 , 0.02
457.60 , 472.20 , 14.60 , 4507.80 , 0.07
462.46 , 472.20 , 9.74 , 4507.80 , 0.05
467.33 , 477.07 , 9.74 , 4502.93 , 0.05
467.33 , 481.94 , 14.60 , 4498.06 , 0.07
467.33 , 481.94 , 14.60 , 4498.06 , 0.07
472.20 , 486.80 , 14.60 , 4493.20 , 0.07
467.33 , 481.94 , 14.60 , 4498.06 , 0.07
472.20 , 491.67 , 19.47 , 4488.33 , 0.10
467.33 , 491.67 , 24.34 , 4488.33 , 0.12
472.20 , 491.67 , 19.47 , 4488.33 , 0.10
472.20 , 491.67 , 19.47 , 4488.33 , 0.10
481.94 , 496.54 , 14.60 , 4483.46 , 0.07
481.94 , 496.54 , 14.60 , 4483.46 , 0.07
477.07 , 496.54 , 19.47 , 4483.46 , 0.10
481.94 , 496.54 , 14.60 , 4483.46 , 0.07
477.07 , 501.41 , 24.34 , 4478.59 , 0.12
481.94 , 501.41 , 19.47 , 4478.59 , 0.10
481.94 , 501.41 , 19.47 , 4478.59 , 0.10
486.80 , 506.28 , 19.47 , 4473.72 , 0.10
481.94 , 506.28 , 24.34 , 4473.72 , 0.12
486.80 , 506.28 , 19.47 , 4473.72 , 0.10
486.80 , 511.14 , 24.34 , 4468.86 , 0.12
486.80 , 511.14 , 24.34 , 4468.86 , 0.12
491.67 , 506.28 , 14.60 , 4473.72 , 0.07
486.80 , 511.14 , 24.34 , 4468.86 , 0.12
486.80 , 516.01 , 29.21 , 4463.99 , 0.15
486.80 , 516.01 , 29.21 , 4463.99 , 0.15
491.67 , 516.01 , 24.34 , 4463.99 , 0.12
491.67 , 516.01 , 24.34 , 4463.99 , 0.12
491.67 , 516.01 , 24.34 , 4463.99 , 0.12
491.67 , 516.01 , 24.34 , 4463.99 , 0.12
496.54 , 520.88 , 24.34 , 4459.12 , 0.12
491.67 , 525.75 , 34.08 , 4454.25 , 0.17
491.67 , 525.75 , 34.08 , 4454.25 , 0.17
496.54 , 525.75 , 29.21 , 4454.25 , 0.15
496.54 , 525.75 , 29.21 , 4454.25 , 0.15
496.54 , 525.75 , 29.21 , 4454.25 , 0.15
496.54 , 530.62 , 34.08 , 4449.38 , 0.17
501.41 , 530.62 , 29.21 , 4449.38 , 0.15
501.41 , 535.48 , 34.08 , 4444.52 , 0.17
496.54 , 530.62 , 34.08 , 4449.38 , 0.17
501.41 , 535.48 , 34.08 , 4444.52 , 0.17
501.41 , 535.48 , 34.08 , 4444.52 , 0.17
501.41 , 540.35 , 38.94 , 4439.65 , 0.19
501.41 , 535.48 , 34.08 , 4444.52 , 0.17
506.28 , 540.35 , 34.08 , 4439.65 , 0.17
506.28 , 540.35 , 34.08 , 4439.65 , 0.17
506.28 , 540.35 , 34.08 , 4439.65 , 0.17
506.28 , 545.22 , 38.94 , 4434.78 , 0.19
511.14 , 550.09 , 38.94 , 4429.91 , 0.19
511.14 , 545.22 , 34.08 , 4434.78 , 0.17
511.14 , 550.09 , 38.94 , 4429.91 , 0.19
511.14 , 550.09 , 38.94 , 4429.91 , 0.19
511.14 , 554.96 , 43.81 , 4425.04 , 0.22
516.01 , 554.96 , 38.94 , 4425.04 , 0.19
511.14 , 554.96 , 43.81 , 4425.04 , 0.22
511.14 , 559.82 , 48.68 , 4420.18 , 0.24
516.01 , 564.69 , 48.68 , 4415.31 , 0.24
520.88 , 569.56 , 48.68 , 4410.44 , 0.24
516.01 , 569.56 , 53.55 , 4410.44 , 0.27
520.88 , 569.56 , 48.68 , 4410.44 , 0.24
516.01 , 574.43 , 58.42 , 4405.57 , 0.29
525.75 , 569.56 , 43.81 , 4410.44 , 0.22
520.88 , 574.43 , 53.55 , 4405.57 , 0.27
520.88 , 579.30 , 58.42 , 4400.70 , 0.29
525.75 , 579.30 , 53.55 , 4400.70 , 0.27
525.75 , 584.16 , 58.42 , 4395.84 , 0.29
525.75 , 584.16 , 58.42 , 4395.84 , 0.29
530.62 , 589.03 , 58.42 , 4390.97 , 0.29
525.75 , 593.90 , 68.15 , 4386.10 , 0.34
535.48 , 593.90 , 58.42 , 4386.10 , 0.29
530.62 , 603.64 , 73.02 , 4376.36 , 0.37
535.48 , 598.77 , 63.28 , 4381.23 , 0.32
540.35 , 603.64 , 63.28 , 4376.36 , 0.32
535.48 , 613.37 , 77.89 , 4366.63 , 0.39
540.35 , 613.37 , 73.02 , 4366.63 , 0.37
540.35 , 613.37 , 73.02 , 4366.63 , 0.37
540.35 , 627.98 , 87.62 , 4352.02 , 0.44
540.35 , 627.98 , 87.62 , 4352.02 , 0.44
545.22 , 637.71 , 92.49 , 4342.29 , 0.46
545.22 , 637.71 , 92.49 , 4342.29 , 0.46
550.09 , 647.45 , 97.36 , 4332.55 , 0.49
545.22 , 652.32 , 107.10 , 4327.68 , 0.54
554.96 , 662.05 , 107.10 , 4317.95 , 0.54
554.96 , 666.92 , 111.96 , 4313.08 , 0.56
554.96 , 671.79 , 116.83 , 4308.21 , 0.58
559.82 , 686.39 , 126.57 , 4293.61 , 0.63
564.69 , 696.13 , 131.44 , 4283.87 , 0.66
564.69 , 705.87 , 141.17 , 4274.13 , 0.71
569.56 , 710.73 , 141.17 , 4269.27 , 0.71
569.56 , 730.21 , 160.65 , 4249.79 , 0.80
574.43 , 744.81 , 170.38 , 4235.19 , 0.85
579.30 , 764.28 , 184.99 , 4215.72 , 0.92
579.30 , 783.75 , 204.46 , 4196.25 , 1.02
589.03 , 808.09 , 219.06 , 4171.91 , 1.10
593.90 , 837.30 , 243.40 , 4142.70 , 1.22
593.90 , 866.51 , 272.61 , 4113.49 , 1.36
603.64 , 905.45 , 301.82 , 4074.55 , 1.51
608.50 , 959.00 , 350.50 , 4021.00 , 1.75
623.11 , 1032.02 , 408.91 , 3947.98 , 2.04
627.98 , 1129.38 , 501.41 , 3850.62 , 2.51
642.58 , 1280.29 , 637.71 , 3699.71 , 3.19
657.18 , 1538.30 , 881.11 , 3441.70 , 4.41
691.26 , 2107.86 , 1416.60 , 2872.14 , 7.08
754.55 , 4415.31 , 3660.76 , 564.69 , 18.30
749.68 , 4425.04 , 3675.37 , 554.96 , 18.38
