63.28 , 68.15 , 4.87 , 4911.85 , 0.02
107.10 , 107.10 , 0.00 , 4872.90 , 0.00
146.04 , 146.04 , 0.00 , 4833.96 , 0.00
165.51 , 184.99 , 19.47 , 4795.01 , 0.10
223.93 , 223.93 , 0.00 , 4756.07 , 0.00
262.87 , 267.74 , 4.87 , 4712.26 , 0.02
306.69 , 296.95 , -9.74 , 4683.05 , -0.05
335.89 , 335.89 , 0.00 , 4644.11 , 0.00
365.10 , 365.10 , 0.00 , 4614.90 , 0.00
384.57 , 394.31 , 9.74 , 4585.69 , 0.05
404.05 , 404.05 , 0.00 , 4575.95 , 0.00
418.65 , 413.78 , -4.87 , 4566.22 , -0.02
418.65 , 428.39 , 9.74 , 4551.61 , 0.05
438.12 , 433.26 , -4.87 , 4546.75 , -0.02
433.26 , 442.99 , 9.74 , 4537.01 , 0.05
442.99 , 447.86 , 4.87 , 4532.14 , 0.02
442.99 , 452.73 , 9.74 , 4527.27 , 0.05
452.73 , 457.60 , 4.87 , 4522.40 , 0.02
447.86 , 462.46 , 14.60 , 4517.54 , 0.07
457.60 , 467.33 , 9.74 , 4512.67 , 0.05
457.60 , 467.33 , 9.74 , 4512.67 , 0.05
462.46 , 472.20 , 9.74 , 4507.80 , 0.05
462.46 , 472.20 , 9.74 , 4507.80 , 0.05
462.46 , 477.07 , 14.60 , 4502.93 , 0.07
467.33 , 481.94 , 14.60 , 4498.06 , 0.07
467.33 , 481.94 , 14.60 , 4498.06 , 0.07
467.33 , 486.80 , 19.47 , 4493.20 , 0.10
467.33 , 486.80 , 19.47 , 4493.20 , 0.10
472.20 , 486.80 , 14.60 , 4493.20 , 0.07
472.20 , 486.80 , 14.60 , 4493.20 , 0.07
467.33 , 486.80 , 19.47 , 4493.20 , 0.10
472.20 , 491.67 , 19.47 , 4488.33 , 0.10
477.07 , 491.67 , 14.60 , 4488.33 , 0.07
477.07 , 491.67 , 14.60 , 4488.33 , 0.07
472.20 , 496.54 , 24.34 , 4483.46 , 0.12
477.07 , 496.54 , 19.47 , 4483.46 , 0.10
477.07 , 496.54 , 19.47 , 4483.46 , 0.10
481.94 , 501.41 , 19.47 , 4478.59 , 0.10
481.94 , 496.54 , 14.60 , 4483.46 , 0.07
481.94 , 501.41 , 19.47 , 4478.59 , 0.10
481.94 , 506.28 , 24.34 , 4473.72 , 0.12
481.94 , 506.28 , 24.34 , 4473.72 , 0.12
486.80 , 506.28 , 19.47 , 4473.72 , 0.10
486.80 , 506.28 , 19.47 , 4473.72 , 0.10
486.80 , 511.14 , 24.34 , 4468.86 , 0.12
481.94 , 511.14 , 29.21 , 4468.86 , 0.15
486.80 , 511.14 , 24.34 , 4468.86 , 0.12
491.67 , 511.14 , 19.47 , 4468.86 , 0.10
491.67 , 511.14 , 19.47 , 4468.86 , 0.10
491.67 , 516.01 , 24.34 , 4463.99 , 0.12
491.67 , 516.01 , 24.34 , 4463.99 , 0.12
491.67 , 520.88 , 29.21 , 4459.12 , 0.15
491.67 , 516.01 , 24.34 , 4463.99 , 0.12
491.67 , 520.88 , 29.21 , 4459.12 , 0.15
491.67 , 525.75 , 34.08 , 4454.25 , 0.17
501.41 , 525.75 , 24.34 , 4454.25 , 0.12
491.67 , 520.88 , 29.21 , 4459.12 , 0.15
501.41 , 525.75 , 24.34 , 4454.25 , 0.12
496.54 , 525.75 , 29.21 , 4454.25 , 0.15
496.54 , 530.62 , 34.08 , 4449.38 , 0.17
496.54 , 530.62 , 34.08 , 4449.38 , 0.17
501.41 , 535.48 , 34.08 , 4444.52 , 0.17
501.41 , 535.48 , 34.08 , 4444.52 , 0.17
501.41 , 535.48 , 34.08 , 4444.52 , 0.17
501.41 , 535.48 , 34.08 , 4444.52 , 0.17
501.41 , 535.48 , 34.08 , 4444.52 , 0.17
506.28 , 540.35 , 34.08 , 4439.65 , 0.17
501.41 , 545.22 , 43.81 , 4434.78 , 0.22
506.28 , 540.35 , 34.08 , 4439.65 , 0.17
506.28 , 545.22 , 38.94 , 4434.78 , 0.19
511.14 , 545.22 , 34.08 , 4434.78 , 0.17
506.28 , 550.09 , 43.81 , 4429.91 , 0.22
506.28 , 550.09 , 43.81 , 4429.91 , 0.22
511.14 , 554.96 , 43.81 , 4425.04 , 0.22
511.14 , 550.09 , 38.94 , 4429.91 , 0.19
511.14 , 554.96 , 43.81 , 4425.04 , 0.22
511.14 , 554.96 , 43.81 , 4425.04 , 0.22
516.01 , 559.82 , 43.81 , 4420.18 , 0.22
516.01 , 554.96 , 38.94 , 4425.04 , 0.19
516.01 , 559.82 , 43.81 , 4420.18 , 0.22
520.88 , 564.69 , 43.81 , 4415.31 , 0.22
516.01 , 564.69 , 48.68 , 4415.31 , 0.24
516.01 , 564.69 , 48.68 , 4415.31 , 0.24
516.01 , 569.56 , 53.55 , 4410.44 , 0.27
525.75 , 574.43 , 48.68 , 4405.57 , 0.24
520.88 , 579.30 , 58.42 , 4400.70 , 0.29
520.88 , 579.30 , 58.42 , 4400.70 , 0.29
525.75 , 579.30 , 53.55 , 4400.70 , 0.27
525.75 , 584.16 , 58.42 , 4395.84 , 0.29
525.75 , 584.16 , 58.42 , 4395.84 , 0.29
530.62 , 589.03 , 58.42 , 4390.97 , 0.29
530.62 , 593.90 , 63.28 , 4386.10 , 0.32
530.62 , 593.90 , 63.28 , 4386.10 , 0.32
530.62 , 598.77 , 68.15 , 4381.23 , 0.34
535.48 , 603.64 , 68.15 , 4376.36 , 0.34
530.62 , 603.64 , 73.02 , 4376.36 , 0.37
535.48 , 608.50 , 73.02 , 4371.50 , 0.37
540.35 , 613.37 , 73.02 , 4366.63 , 0.37
540.35 , 623.11 , 82.76 , 4356.89 , 0.41
540.35 , 623.11 , 82.76 , 4356.89 , 0.41
545.22 , 627.98 , 82.76 , 4352.02 , 0.41
540.35 , 632.84 , 92.49 , 4347.16 , 0.46
545.22 , 642.58 , 97.36 , 4337.42 , 0.49
550.09 , 642.58 , 92.49 , 4337.42 , 0.46
550.09 , 652.32 , 102.23 , 4327.68 , 0.51
554.96 , 662.05 , 107.10 , 4317.95 , 0.54
554.96 , 666.92 , 111.96 , 4313.08 , 0.56
554.96 , 676.66 , 121.70 , 4303.34 , 0.61
554.96 , 686.39 , 131.44 , 4293.61 , 0.66
559.82 , 696.13 , 136.30 , 4283.87 , 0.68
564.69 , 701.00 , 136.30 , 4279.00 , 0.68
569.56 , 715.60 , 146.04 , 4264.40 , 0.73
574.43 , 730.21 , 155.78 , 4249.79 , 0.78
574.43 , 744.81 , 170.38 , 4235.19 , 0.85
574.43 , 764.28 , 189.85 , 4215.72 , 0.95
579.30 , 783.75 , 204.46 , 4196.25 , 1.02
584.16 , 808.09 , 223.93 , 4171.91 , 1.12
589.03 , 832.43 , 243.40 , 4147.57 , 1.22
598.77 , 866.51 , 267.74 , 4113.49 , 1.34
603.64 , 905.45 , 301.82 , 4074.55 , 1.51
608.50 , 959.00 , 350.50 , 4021.00 , 1.75
618.24 , 1032.02 , 413.78 , 3947.98 , 2.07
632.84 , 1129.38 , 496.54 , 3850.62 , 2.48
642.58 , 1294.90 , 652.32 , 3685.10 , 3.26
657.18 , 1538.30 , 881.11 , 3441.70 , 4.41
686.39 , 2107.86 , 1421.47 , 2872.14 , 7.11
754.55 , 4415.31 , 3660.76 , 564.69 , 18.30
754.55 , 4420.18 , 3665.63 , 559.82 , 18.33
