68.15 , 77.89 , 9.74 , 4902.11 , 0.05
107.10 , 107.10 , 0.00 , 4872.90 , 0.00
146.04 , 146.04 , 0.00 , 4833.96 , 0.00
184.99 , 184.99 , 0.00 , 4795.01 , 0.00
223.93 , 223.93 , 0.00 , 4756.07 , 0.00
272.61 , 258.01 , -14.60 , 4721.99 , -0.07
301.82 , 296.95 , -4.87 , 4683.05 , -0.02
340.76 , 331.03 , -9.74 , 4648.97 , -0.05
365.10 , 360.23 , -4.87 , 4619.77 , -0.02
384.57 , 389.44 , 4.87 , 4590.56 , 0.02
408.91 , 404.05 , -4.87 , 4575.95 , -0.02
418.65 , 418.65 , 0.00 , 4561.35 , 0.00
428.39 , 433.26 , 4.87 , 4546.75 , 0.02
433.26 , 438.12 , 4.87 , 4541.88 , 0.02
438.12 , 442.99 , 4.87 , 4537.01 , 0.02
442.99 , 447.86 , 4.87 , 4532.14 , 0.02
447.86 , 452.73 , 4.87 , 4527.27 , 0.02
442.99 , 457.60 , 14.60 , 4522.40 , 0.07
447.86 , 462.46 , 14.60 , 4517.54 , 0.07
452.73 , 467.33 , 14.60 , 4512.67 , 0.07
457.60 , 467.33 , 9.74 , 4512.67 , 0.05
457.60 , 467.33 , 9.74 , 4512.67 , 0.05
457.60 , 472.20 , 14.60 , 4507.80 , 0.07
462.46 , 472.20 , 9.74 , 4507.80 , 0.05
467.33 , 472.20 , 4.87 , 4507.80 , 0.02
462.46 , 481.94 , 19.47 , 4498.06 , 0.10
467.33 , 481.94 , 14.60 , 4498.06 , 0.07
472.20 , 486.80 , 14.60 , 4493.20 , 0.07
472.20 , 486.80 , 14.60 , 4493.20 , 0.07
477.07 , 486.80 , 9.74 , 4493.20 , 0.05
472.20 , 486.80 , 14.60 , 4493.20 , 0.07
477.07 , 491.67 , 14.60 , 4488.33 , 0.07
472.20 , 496.54 , 24.34 , 4483.46 , 0.12
472.20 , 491.67 , 19.47 , 4488.33 , 0.10
472.20 , 491.67 , 19.47 , 4488.33 , 0.10
481.94 , 496.54 , 14.60 , 4483.46 , 0.07
477.07 , 501.41 , 24.34 , 4478.59 , 0.12
477.07 , 501.41 , 24.34 , 4478.59 , 0.12
477.07 , 501.41 , 24.34 , 4478.59 , 0.12
481.94 , 501.41 , 19.47 , 4478.59 , 0.10
481.94 , 506.28 , 24.34 , 4473.72 , 0.12
481.94 , 506.28 , 24.34 , 4473.72 , 0.12
486.80 , 506.28 , 19.47 , 4473.72 , 0.10
486.80 , 511.14 , 24.34 , 4468.86 , 0.12
486.80 , 511.14 , 24.34 , 4468.86 , 0.12
486.80 , 506.28 , 19.47 , 4473.72 , 0.10
491.67 , 506.28 , 14.60 , 4473.72 , 0.07
486.80 , 516.01 , 29.21 , 4463.99 , 0.15
486.80 , 516.01 , 29.21 , 4463.99 , 0.15
491.67 , 516.01 , 24.34 , 4463.99 , 0.12
491.67 , 516.01 , 24.34 , 4463.99 , 0.12
491.67 , 516.01 , 24.34 , 4463.99 , 0.12
491.67 , 516.01 , 24.34 , 4463.99 , 0.12
491.67 , 520.88 , 29.21 , 4459.12 , 0.15
491.67 , 520.88 , 29.21 , 4459.12 , 0.15
496.54 , 520.88 , 24.34 , 4459.12 , 0.12
491.67 , 520.88 , 29.21 , 4459.12 , 0.15
496.54 , 530.62 , 34.08 , 4449.38 , 0.17
496.54 , 525.75 , 29.21 , 4454.25 , 0.15
496.54 , 525.75 , 29.21 , 4454.25 , 0.15
496.54 , 525.75 , 29.21 , 4454.25 , 0.15
496.54 , 535.48 , 38.94 , 4444.52 , 0.19
501.41 , 530.62 , 29.21 , 4449.38 , 0.15
496.54 , 530.62 , 34.08 , 4449.38 , 0.17
501.41 , 535.48 , 34.08 , 4444.52 , 0.17
496.54 , 535.48 , 38.94 , 4444.52 , 0.19
501.41 , 535.48 , 34.08 , 4444.52 , 0.17
506.28 , 545.22 , 38.94 , 4434.78 , 0.19
506.28 , 540.35 , 34.08 , 4439.65 , 0.17
506.28 , 545.22 , 38.94 , 4434.78 , 0.19
506.28 , 545.22 , 38.94 , 4434.78 , 0.19
506.28 , 545.22 , 38.94 , 4434.78 , 0.19
506.28 , 550.09 , 43.81 , 4429.91 , 0.22
511.14 , 550.09 , 38.94 , 4429.91 , 0.19
511.14 , 550.09 , 38.94 , 4429.91 , 0.19
511.14 , 559.82 , 48.68 , 4420.18 , 0.24
511.14 , 554.96 , 43.81 , 4425.04 , 0.22
511.14 , 559.82 , 48.68 , 4420.18 , 0.24
511.14 , 564.69 , 53.55 , 4415.31 , 0.27
516.01 , 559.82 , 43.81 , 4420.18 , 0.22
511.14 , 564.69 , 53.55 , 4415.31 , 0.27
516.01 , 564.69 , 48.68 , 4415.31 , 0.24
516.01 , 564.69 , 48.68 , 4415.31 , 0.24
516.01 , 574.43 , 58.42 , 4405.57 , 0.29
520.88 , 574.43 , 53.55 , 4405.57 , 0.27
525.75 , 574.43 , 48.68 , 4405.57 , 0.24
520.88 , 579.30 , 58.42 , 4400.70 , 0.29
520.88 , 579.30 , 58.42 , 4400.70 , 0.29
525.75 , 584.16 , 58.42 , 4395.84 , 0.29
525.75 , 589.03 , 63.28 , 4390.97 , 0.32
525.75 , 584.16 , 58.42 , 4395.84 , 0.29
525.75 , 593.90 , 68.15 , 4386.10 , 0.34
530.62 , 598.77 , 68.15 , 4381.23 , 0.34
535.48 , 598.77 , 63.28 , 4381.23 , 0.32
530.62 , 598.77 , 68.15 , 4381.23 , 0.34
530.62 , 603.64 , 73.02 , 4376.36 , 0.37
535.48 , 608.50 , 73.02 , 4371.50 , 0.37
535.48 , 613.37 , 77.89 , 4366.63 , 0.39
540.35 , 623.11 , 82.76 , 4356.89 , 0.41
535.48 , 623.11 , 87.62 , 4356.89 , 0.44
545.22 , 627.98 , 82.76 , 4352.02 , 0.41
545.22 , 632.84 , 87.62 , 4347.16 , 0.44
545.22 , 632.84 , 87.62 , 4347.16 , 0.44
550.09 , 647.45 , 97.36 , 4332.55 , 0.49
545.22 , 652.32 , 107.10 , 4327.68 , 0.54
554.96 , 662.05 , 107.10 , 4317.95 , 0.54
554.96 , 666.92 , 111.96 , 4313.08 , 0.56
554.96 , 676.66 , 121.70 , 4303.34 , 0.61
559.82 , 681.52 , 121.70 , 4298.47 , 0.61
564.69 , 696.13 , 131.44 , 4283.87 , 0.66
559.82 , 705.87 , 146.04 , 4274.13 , 0.73
564.69 , 715.60 , 150.91 , 4264.40 , 0.75
574.43 , 725.34 , 150.91 , 4254.66 , 0.75
574.43 , 749.68 , 175.25 , 4230.32 , 0.88
574.43 , 759.41 , 184.99 , 4220.59 , 0.92
579.30 , 778.89 , 199.59 , 4201.11 , 1.00
584.16 , 803.23 , 219.06 , 4176.77 , 1.10
593.90 , 832.43 , 238.53 , 4147.57 , 1.19
598.77 , 866.51 , 267.74 , 4113.49 , 1.34
598.77 , 905.45 , 306.69 , 4074.55 , 1.53
608.50 , 963.87 , 355.37 , 4016.13 , 1.78
623.11 , 1032.02 , 408.91 , 3947.98 , 2.04
627.98 , 1129.38 , 501.41 , 3850.62 , 2.51
642.58 , 1275.43 , 632.84 , 3704.57 , 3.16
657.18 , 1538.30 , 881.11 , 3441.70 , 4.41
681.52 , 2098.12 , 1416.60 , 2881.88 , 7.08
754.55 , 4381.23 , 3626.69 , 598.77 , 18.13
749.68 , 4381.23 , 3631.55 , 598.77 , 18.16
