68.15 , 63.28 , -4.87 , 4916.72 , -0.02
121.70 , 102.23 , -19.47 , 4877.77 , -0.10
146.04 , 141.17 , -4.87 , 4838.83 , -0.02
184.99 , 184.99 , 0.00 , 4795.01 , 0.00
219.06 , 223.93 , 4.87 , 4756.07 , 0.02
272.61 , 262.87 , -9.74 , 4717.13 , -0.05
301.82 , 301.82 , 0.00 , 4678.18 , 0.00
340.76 , 335.89 , -4.87 , 4644.11 , -0.02
374.84 , 365.10 , -9.74 , 4614.90 , -0.05
384.57 , 389.44 , 4.87 , 4590.56 , 0.02
404.05 , 404.05 , 0.00 , 4575.95 , 0.00
423.52 , 418.65 , -4.87 , 4561.35 , -0.02
423.52 , 428.39 , 4.87 , 4551.61 , 0.02
428.39 , 438.12 , 9.74 , 4541.88 , 0.05
438.12 , 438.12 , 0.00 , 4541.88 , 0.00
442.99 , 452.73 , 9.74 , 4527.27 , 0.05
447.86 , 452.73 , 4.87 , 4527.27 , 0.02
447.86 , 457.60 , 9.74 , 4522.40 , 0.05
442.99 , 462.46 , 19.47 , 4517.54 , 0.10
452.73 , 467.33 , 14.60 , 4512.67 , 0.07
457.60 , 467.33 , 9.74 , 4512.67 , 0.05
457.60 , 467.33 , 9.74 , 4512.67 , 0.05
457.60 , 472.20 , 14.60 , 4507.80 , 0.07
462.46 , 477.07 , 14.60 , 4502.93 , 0.07
462.46 , 481.94 , 19.47 , 4498.06 , 0.10
467.33 , 472.20 , 4.87 , 4507.80 , 0.02
467.33 , 481.94 , 14.60 , 4498.06 , 0.07
472.20 , 481.94 , 9.74 , 4498.06 , 0.05
467.33 , 486.80 , 19.47 , 4493.20 , 0.10
472.20 , 486.80 , 14.60 , 4493.20 , 0.07
472.20 , 491.67 , 19.47 , 4488.33 , 0.10
477.07 , 491.67 , 14.60 , 4488.33 , 0.07
472.20 , 491.67 , 19.47 , 4488.33 , 0.10
477.07 , 491.67 , 14.60 , 4488.33 , 0.07
477.07 , 491.67 , 14.60 , 4488.33 , 0.07
477.07 , 491.67 , 14.60 , 4488.33 , 0.07
477.07 , 496.54 , 19.47 , 4483.46 , 0.10
481.94 , 496.54 , 14.60 , 4483.46 , 0.07
477.07 , 496.54 , 19.47 , 4483.46 , 0.10
486.80 , 501.41 , 14.60 , 4478.59 , 0.07
481.94 , 506.28 , 24.34 , 4473.72 , 0.12
481.94 , 501.41 , 19.47 , 4478.59 , 0.10
491.67 , 506.28 , 14.60 , 4473.72 , 0.07
486.80 , 506.28 , 19.47 , 4473.72 , 0.10
486.80 , 511.14 , 24.34 , 4468.86 , 0.12
486.80 , 511.14 , 24.34 , 4468.86 , 0.12
491.67 , 511.14 , 19.47 , 4468.86 , 0.10
486.80 , 511.14 , 24.34 , 4468.86 , 0.12
486.80 , 516.01 , 29.21 , 4463.99 , 0.15
486.80 , 516.01 , 29.21 , 4463.99 , 0.15
491.67 , 516.01 , 24.34 , 4463.99 , 0.12
486.80 , 516.01 , 29.21 , 4463.99 , 0.15
496.54 , 506.28 , 9.74 , 4473.72 , 0.05
496.54 , 516.01 , 19.47 , 4463.99 , 0.10
491.67 , 520.88 , 29.21 , 4459.12 , 0.15
496.54 , 520.88 , 24.34 , 4459.12 , 0.12
496.54 , 525.75 , 29.21 , 4454.25 , 0.15
496.54 , 525.75 , 29.21 , 4454.25 , 0.15
496.54 , 530.62 , 34.08 , 4449.38 , 0.17
501.41 , 530.62 , 29.21 , 4449.38 , 0.15
501.41 , 530.62 , 29.21 , 4449.38 , 0.15
501.41 , 530.62 , 29.21 , 4449.38 , 0.15
496.54 , 535.48 , 38.94 , 4444.52 , 0.19
501.41 , 530.62 , 29.21 , 4449.38 , 0.15
501.41 , 530.62 , 29.21 , 4449.38 , 0.15
506.28 , 535.48 , 29.21 , 4444.52 , 0.15
501.41 , 540.35 , 38.94 , 4439.65 , 0.19
506.28 , 535.48 , 29.21 , 4444.52 , 0.15
506.28 , 540.35 , 34.08 , 4439.65 , 0.17
511.14 , 540.35 , 29.21 , 4439.65 , 0.15
506.28 , 545.22 , 38.94 , 4434.78 , 0.19
506.28 , 545.22 , 38.94 , 4434.78 , 0.19
506.28 , 550.09 , 43.81 , 4429.91 , 0.22
511.14 , 550.09 , 38.94 , 4429.91 , 0.19
511.14 , 554.96 , 43.81 , 4425.04 , 0.22
511.14 , 550.09 , 38.94 , 4429.91 , 0.19
511.14 , 559.82 , 48.68 , 4420.18 , 0.24
511.14 , 554.96 , 43.81 , 4425.04 , 0.22
516.01 , 559.82 , 43.81 , 4420.18 , 0.22
516.01 , 564.69 , 48.68 , 4415.31 , 0.24
516.01 , 564.69 , 48.68 , 4415.31 , 0.24
516.01 , 569.56 , 53.55 , 4410.44 , 0.27
520.88 , 569.56 , 48.68 , 4410.44 , 0.24
516.01 , 569.56 , 53.55 , 4410.44 , 0.27
520.88 , 574.43 , 53.55 , 4405.57 , 0.27
525.75 , 574.43 , 48.68 , 4405.57 , 0.24
520.88 , 579.30 , 58.42 , 4400.70 , 0.29
525.75 , 579.30 , 53.55 , 4400.70 , 0.27
525.75 , 584.16 , 58.42 , 4395.84 , 0.29
525.75 , 584.16 , 58.42 , 4395.84 , 0.29
530.62 , 589.03 , 58.42 , 4390.97 , 0.29
525.75 , 593.90 , 68.15 , 4386.10 , 0.34
530.62 , 593.90 , 63.28 , 4386.10 , 0.32
530.62 , 598.77 , 68.15 , 4381.23 , 0.34
530.62 , 603.64 , 73.02 , 4376.36 , 0.37
535.48 , 608.50 , 73.02 , 4371.50 , 0.37
535.48 , 608.50 , 73.02 , 4371.50 , 0.37
540.35 , 618.24 , 77.89 , 4361.76 , 0.39
540.35 , 623.11 , 82.76 , 4356.89 , 0.41
545.22 , 623.11 , 77.89 , 4356.89 , 0.39
545.22 , 632.84 , 87.62 , 4347.16 , 0.44
540.35 , 632.84 , 92.49 , 4347.16 , 0.46
545.22 , 637.71 , 92.49 , 4342.29 , 0.46
545.22 , 647.45 , 102.23 , 4332.55 , 0.51
554.96 , 652.32 , 97.36 , 4327.68 , 0.49
550.09 , 662.05 , 111.96 , 4317.95 , 0.56
550.09 , 671.79 , 121.70 , 4308.21 , 0.61
554.96 , 676.66 , 121.70 , 4303.34 , 0.61
559.82 , 686.39 , 126.57 , 4293.61 , 0.63
564.69 , 696.13 , 131.44 , 4283.87 , 0.66
559.82 , 705.87 , 146.04 , 4274.13 , 0.73
569.56 , 720.47 , 150.91 , 4259.53 , 0.75
569.56 , 730.21 , 160.65 , 4249.79 , 0.80
574.43 , 739.94 , 165.51 , 4240.06 , 0.83
579.30 , 764.28 , 184.99 , 4215.72 , 0.92
579.30 , 783.75 , 204.46 , 4196.25 , 1.02
584.16 , 808.09 , 223.93 , 4171.91 , 1.12
589.03 , 837.30 , 248.27 , 4142.70 , 1.24
598.77 , 866.51 , 267.74 , 4113.49 , 1.34
603.64 , 905.45 , 301.82 , 4074.55 , 1.51
613.37 , 959.00 , 345.63 , 4021.00 , 1.73
618.24 , 1032.02 , 413.78 , 3947.98 , 2.07
632.84 , 1129.38 , 496.54 , 3850.62 , 2.48
642.58 , 1280.29 , 637.71 , 3699.71 , 3.19
657.18 , 1538.30 , 881.11 , 3441.70 , 4.41
686.39 , 2102.99 , 1416.60 , 2877.01 , 7.08
754.55 , 4386.10 , 3631.55 , 593.90 , 18.16
754.55 , 4386.10 , 3631.55 , 593.90 , 18.16
