68.15 , 73.02 , 4.87 , 4906.98 , 0.02
121.70 , 102.23 , -19.47 , 4877.77 , -0.10
146.04 , 146.04 , 0.00 , 4833.96 , 0.00
184.99 , 189.85 , 4.87 , 4790.15 , 0.02
223.93 , 223.93 , 0.00 , 4756.07 , 0.00
262.87 , 262.87 , 0.00 , 4717.13 , 0.00
301.82 , 301.82 , 0.00 , 4678.18 , 0.00
331.03 , 335.89 , 4.87 , 4644.11 , 0.02
360.23 , 360.23 , 0.00 , 4619.77 , 0.00
384.57 , 389.44 , 4.87 , 4590.56 , 0.02
404.05 , 404.05 , 0.00 , 4575.95 , 0.00
418.65 , 413.78 , -4.87 , 4566.22 , -0.02
423.52 , 428.39 , 4.87 , 4551.61 , 0.02
428.39 , 433.26 , 4.87 , 4546.75 , 0.02
438.12 , 442.99 , 4.87 , 4537.01 , 0.02
438.12 , 447.86 , 9.74 , 4532.14 , 0.05
442.99 , 447.86 , 4.87 , 4532.14 , 0.02
447.86 , 457.60 , 9.74 , 4522.40 , 0.05
452.73 , 457.60 , 4.87 , 4522.40 , 0.02
452.73 , 462.46 , 9.74 , 4517.54 , 0.05
457.60 , 472.20 , 14.60 , 4507.80 , 0.07
457.60 , 472.20 , 14.60 , 4507.80 , 0.07
462.46 , 472.20 , 9.74 , 4507.80 , 0.05
462.46 , 477.07 , 14.60 , 4502.93 , 0.07
462.46 , 477.07 , 14.60 , 4502.93 , 0.07
467.33 , 477.07 , 9.74 , 4502.93 , 0.05
467.33 , 481.94 , 14.60 , 4498.06 , 0.07
472.20 , 481.94 , 9.74 , 4498.06 , 0.05
467.33 , 486.80 , 19.47 , 4493.20 , 0.10
472.20 , 486.80 , 14.60 , 4493.20 , 0.07
477.07 , 491.67 , 14.60 , 4488.33 , 0.07
472.20 , 491.67 , 19.47 , 4488.33 , 0.10
472.20 , 491.67 , 19.47 , 4488.33 , 0.10
472.20 , 496.54 , 24.34 , 4483.46 , 0.12
472.20 , 496.54 , 24.34 , 4483.46 , 0.12
477.07 , 501.41 , 24.34 , 4478.59 , 0.12
477.07 , 496.54 , 19.47 , 4483.46 , 0.10
477.07 , 501.41 , 24.34 , 4478.59 , 0.12
481.94 , 501.41 , 19.47 , 4478.59 , 0.10
481.94 , 501.41 , 19.47 , 4478.59 , 0.10
481.94 , 506.28 , 24.34 , 4473.72 , 0.12
486.80 , 506.28 , 19.47 , 4473.72 , 0.10
481.94 , 501.41 , 19.47 , 4478.59 , 0.10
486.80 , 511.14 , 24.34 , 4468.86 , 0.12
486.80 , 511.14 , 24.34 , 4468.86 , 0.12
486.80 , 511.14 , 24.34 , 4468.86 , 0.12
486.80 , 511.14 , 24.34 , 4468.86 , 0.12
491.67 , 511.14 , 19.47 , 4468.86 , 0.10
486.80 , 511.14 , 24.34 , 4468.86 , 0.12
486.80 , 516.01 , 29.21 , 4463.99 , 0.15
496.54 , 520.88 , 24.34 , 4459.12 , 0.12
486.80 , 516.01 , 29.21 , 4463.99 , 0.15
491.67 , 516.01 , 24.34 , 4463.99 , 0.12
496.54 , 520.88 , 24.34 , 4459.12 , 0.12
496.54 , 525.75 , 29.21 , 4454.25 , 0.15
496.54 , 520.88 , 24.34 , 4459.12 , 0.12
491.67 , 525.75 , 34.08 , 4454.25 , 0.17
496.54 , 525.75 , 29.21 , 4454.25 , 0.15
496.54 , 530.62 , 34.08 , 4449.38 , 0.17
501.41 , 530.62 , 29.21 , 4449.38 , 0.15
501.41 , 530.62 , 29.21 , 4449.38 , 0.15
496.54 , 530.62 , 34.08 , 4449.38 , 0.17
496.54 , 535.48 , 38.94 , 4444.52 , 0.19
501.41 , 535.48 , 34.08 , 4444.52 , 0.17
501.41 , 535.48 , 34.08 , 4444.52 , 0.17
506.28 , 540.35 , 34.08 , 4439.65 , 0.17
506.28 , 540.35 , 34.08 , 4439.65 , 0.17
506.28 , 540.35 , 34.08 , 4439.65 , 0.17
506.28 , 545.22 , 38.94 , 4434.78 , 0.19
506.28 , 545.22 , 38.94 , 4434.78 , 0.19
506.28 , 545.22 , 38.94 , 4434.78 , 0.19
506.28 , 545.22 , 38.94 , 4434.78 , 0.19
511.14 , 550.09 , 38.94 , 4429.91 , 0.19
511.14 , 550.09 , 38.94 , 4429.91 , 0.19
511.14 , 550.09 , 38.94 , 4429.91 , 0.19
511.14 , 554.96 , 43.81 , 4425.04 , 0.22
516.01 , 554.96 , 38.94 , 4425.04 , 0.19
516.01 , 564.69 , 48.68 , 4415.31 , 0.24
516.01 , 559.82 , 43.81 , 4420.18 , 0.22
516.01 , 564.69 , 48.68 , 4415.31 , 0.24
516.01 , 559.82 , 43.81 , 4420.18 , 0.22
520.88 , 564.69 , 43.81 , 4415.31 , 0.22
520.88 , 569.56 , 48.68 , 4410.44 , 0.24
520.88 , 569.56 , 48.68 , 4410.44 , 0.24
520.88 , 574.43 , 53.55 , 4405.57 , 0.27
520.88 , 574.43 , 53.55 , 4405.57 , 0.27
520.88 , 579.30 , 58.42 , 4400.70 , 0.29
525.75 , 579.30 , 53.55 , 4400.70 , 0.27
525.75 , 584.16 , 58.42 , 4395.84 , 0.29
525.75 , 584.16 , 58.42 , 4395.84 , 0.29
525.75 , 589.03 , 63.28 , 4390.97 , 0.32
525.75 , 593.90 , 68.15 , 4386.10 , 0.34
530.62 , 598.77 , 68.15 , 4381.23 , 0.34
530.62 , 593.90 , 63.28 , 4386.10 , 0.32
530.62 , 598.77 , 68.15 , 4381.23 , 0.34
535.48 , 608.50 , 73.02 , 4371.50 , 0.37
540.35 , 613.37 , 73.02 , 4366.63 , 0.37
535.48 , 618.24 , 82.76 , 4361.76 , 0.41
540.35 , 618.24 , 77.89 , 4361.76 , 0.39
540.35 , 623.11 , 82.76 , 4356.89 , 0.41
545.22 , 627.98 , 82.76 , 4352.02 , 0.41
540.35 , 637.71 , 97.36 , 4342.29 , 0.49
550.09 , 642.58 , 92.49 , 4337.42 , 0.46
550.09 , 647.45 , 97.36 , 4332.55 , 0.49
550.09 , 657.18 , 107.10 , 4322.82 , 0.54
554.96 , 662.05 , 107.10 , 4317.95 , 0.54
559.82 , 666.92 , 107.10 , 4313.08 , 0.54
554.96 , 676.66 , 121.70 , 4303.34 , 0.61
559.82 , 686.39 , 126.57 , 4293.61 , 0.63
559.82 , 696.13 , 136.30 , 4283.87 , 0.68
564.69 , 701.00 , 136.30 , 4279.00 , 0.68
569.56 , 720.47 , 150.91 , 4259.53 , 0.75
574.43 , 730.21 , 155.78 , 4249.79 , 0.78
579.30 , 744.81 , 165.51 , 4235.19 , 0.83
579.30 , 764.28 , 184.99 , 4215.72 , 0.92
584.16 , 783.75 , 199.59 , 4196.25 , 1.00
589.03 , 803.23 , 214.19 , 4176.77 , 1.07
589.03 , 832.43 , 243.40 , 4147.57 , 1.22
593.90 , 866.51 , 272.61 , 4113.49 , 1.36
603.64 , 910.32 , 306.69 , 4069.68 , 1.53
608.50 , 959.00 , 350.50 , 4021.00 , 1.75
613.37 , 1027.16 , 413.78 , 3952.84 , 2.07
627.98 , 1129.38 , 501.41 , 3850.62 , 2.51
642.58 , 1280.29 , 637.71 , 3699.71 , 3.19
662.05 , 1543.17 , 881.11 , 3436.83 , 4.41
681.52 , 2107.86 , 1426.33 , 2872.14 , 7.13
749.68 , 4425.04 , 3675.37 , 554.96 , 18.38
754.55 , 4425.04 , 3670.50 , 554.96 , 18.35
