68.15 , 73.02 , 4.87 , 4906.98 , 0.02
102.23 , 107.10 , 4.87 , 4872.90 , 0.02
146.04 , 146.04 , 0.00 , 4833.96 , 0.00
189.85 , 184.99 , -4.87 , 4795.01 , -0.02
223.93 , 219.06 , -4.87 , 4760.94 , -0.02
258.01 , 262.87 , 4.87 , 4717.13 , 0.02
301.82 , 301.82 , 0.00 , 4678.18 , 0.00
335.89 , 331.03 , -4.87 , 4648.97 , -0.02
365.10 , 365.10 , 0.00 , 4614.90 , 0.00
389.44 , 389.44 , 0.00 , 4590.56 , 0.00
408.91 , 408.91 , 0.00 , 4571.08 , 0.00
413.78 , 418.65 , 4.87 , 4561.35 , 0.02
423.52 , 423.52 , 0.00 , 4556.48 , 0.00
433.26 , 433.26 , 0.00 , 4546.75 , 0.00
442.99 , 447.86 , 4.87 , 4532.14 , 0.02
442.99 , 447.86 , 4.87 , 4532.14 , 0.02
447.86 , 452.73 , 4.87 , 4527.27 , 0.02
447.86 , 457.60 , 9.74 , 4522.40 , 0.05
452.73 , 462.46 , 9.74 , 4517.54 , 0.05
457.60 , 467.33 , 9.74 , 4512.67 , 0.05
457.60 , 467.33 , 9.74 , 4512.67 , 0.05
457.60 , 472.20 , 14.60 , 4507.80 , 0.07
462.46 , 472.20 , 9.74 , 4507.80 , 0.05
462.46 , 477.07 , 14.60 , 4502.93 , 0.07
462.46 , 477.07 , 14.60 , 4502.93 , 0.07
467.33 , 481.94 , 14.60 , 4498.06 , 0.07
467.33 , 481.94 , 14.60 , 4498.06 , 0.07
467.33 , 481.94 , 14.60 , 4498.06 , 0.07
472.20 , 486.80 , 14.60 , 4493.20 , 0.07
472.20 , 486.80 , 14.60 , 4493.20 , 0.07
472.20 , 486.80 , 14.60 , 4493.20 , 0.07
477.07 , 486.80 , 9.74 , 4493.20 , 0.05
477.07 , 496.54 , 19.47 , 4483.46 , 0.10
477.07 , 491.67 , 14.60 , 4488.33 , 0.07
481.94 , 501.41 , 19.47 , 4478.59 , 0.10
477.07 , 496.54 , 19.47 , 4483.46 , 0.10
477.07 , 501.41 , 24.34 , 4478.59 , 0.12
477.07 , 496.54 , 19.47 , 4483.46 , 0.10
481.94 , 501.41 , 19.47 , 4478.59 , 0.10
481.94 , 501.41 , 19.47 , 4478.59 , 0.10
481.94 , 506.28 , 24.34 , 4473.72 , 0.12
481.94 , 501.41 , 19.47 , 4478.59 , 0.10
481.94 , 506.28 , 24.34 , 4473.72 , 0.12
481.94 , 506.28 , 24.34 , 4473.72 , 0.12
486.80 , 506.28 , 19.47 , 4473.72 , 0.10
486.80 , 511.14 , 24.34 , 4468.86 , 0.12
486.80 , 506.28 , 19.47 , 4473.72 , 0.10
491.67 , 511.14 , 19.47 , 4468.86 , 0.10
486.80 , 516.01 , 29.21 , 4463.99 , 0.15
491.67 , 516.01 , 24.34 , 4463.99 , 0.12
486.80 , 516.01 , 29.21 , 4463.99 , 0.15
486.80 , 520.88 , 34.08 , 4459.12 , 0.17
486.80 , 516.01 , 29.21 , 4463.99 , 0.15
496.54 , 520.88 , 24.34 , 4459.12 , 0.12
491.67 , 520.88 , 29.21 , 4459.12 , 0.15
491.67 , 525.75 , 34.08 , 4454.25 , 0.17
496.54 , 525.75 , 29.21 , 4454.25 , 0.15
496.54 , 525.75 , 29.21 , 4454.25 , 0.15
501.41 , 525.75 , 24.34 , 4454.25 , 0.12
496.54 , 530.62 , 34.08 , 4449.38 , 0.17
496.54 , 530.62 , 34.08 , 4449.38 , 0.17
501.41 , 530.62 , 29.21 , 4449.38 , 0.15
496.54 , 535.48 , 38.94 , 4444.52 , 0.19
496.54 , 535.48 , 38.94 , 4444.52 , 0.19
501.41 , 535.48 , 34.08 , 4444.52 , 0.17
506.28 , 535.48 , 29.21 , 4444.52 , 0.15
506.28 , 540.35 , 34.08 , 4439.65 , 0.17
501.41 , 540.35 , 38.94 , 4439.65 , 0.19
506.28 , 545.22 , 38.94 , 4434.78 , 0.19
506.28 , 545.22 , 38.94 , 4434.78 , 0.19
511.14 , 550.09 , 38.94 , 4429.91 , 0.19
506.28 , 545.22 , 38.94 , 4434.78 , 0.19
511.14 , 550.09 , 38.94 , 4429.91 , 0.19
511.14 , 550.09 , 38.94 , 4429.91 , 0.19
506.28 , 554.96 , 48.68 , 4425.04 , 0.24
511.14 , 554.96 , 43.81 , 4425.04 , 0.22
506.28 , 559.82 , 53.55 , 4420.18 , 0.27
511.14 , 554.96 , 43.81 , 4425.04 , 0.22
516.01 , 559.82 , 43.81 , 4420.18 , 0.22
516.01 , 559.82 , 43.81 , 4420.18 , 0.22
516.01 , 564.69 , 48.68 , 4415.31 , 0.24
520.88 , 569.56 , 48.68 , 4410.44 , 0.24
520.88 , 564.69 , 43.81 , 4415.31 , 0.22
520.88 , 569.56 , 48.68 , 4410.44 , 0.24
520.88 , 574.43 , 53.55 , 4405.57 , 0.27
520.88 , 579.30 , 58.42 , 4400.70 , 0.29
520.88 , 574.43 , 53.55 , 4405.57 , 0.27
525.75 , 579.30 , 53.55 , 4400.70 , 0.27
525.75 , 584.16 , 58.42 , 4395.84 , 0.29
530.62 , 584.16 , 53.55 , 4395.84 , 0.27
530.62 , 589.03 , 58.42 , 4390.97 , 0.29
530.62 , 593.90 , 63.28 , 4386.10 , 0.32
530.62 , 593.90 , 63.28 , 4386.10 , 0.32
535.48 , 598.77 , 63.28 , 4381.23 , 0.32
530.62 , 608.50 , 77.89 , 4371.50 , 0.39
535.48 , 608.50 , 73.02 , 4371.50 , 0.37
540.35 , 608.50 , 68.15 , 4371.50 , 0.34
535.48 , 618.24 , 82.76 , 4361.76 , 0.41
540.35 , 618.24 , 77.89 , 4361.76 , 0.39
540.35 , 623.11 , 82.76 , 4356.89 , 0.41
540.35 , 632.84 , 92.49 , 4347.16 , 0.46
540.35 , 632.84 , 92.49 , 4347.16 , 0.46
550.09 , 642.58 , 92.49 , 4337.42 , 0.46
550.09 , 652.32 , 102.23 , 4327.68 , 0.51
550.09 , 652.32 , 102.23 , 4327.68 , 0.51
550.09 , 662.05 , 111.96 , 4317.95 , 0.56
554.96 , 666.92 , 111.96 , 4313.08 , 0.56
559.82 , 676.66 , 116.83 , 4303.34 , 0.58
559.82 , 681.52 , 121.70 , 4298.47 , 0.61
564.69 , 691.26 , 126.57 , 4288.74 , 0.63
559.82 , 705.87 , 146.04 , 4274.13 , 0.73
569.56 , 715.60 , 146.04 , 4264.40 , 0.73
574.43 , 725.34 , 150.91 , 4254.66 , 0.75
579.30 , 744.81 , 165.51 , 4235.19 , 0.83
579.30 , 759.41 , 180.12 , 4220.59 , 0.90
584.16 , 778.89 , 194.72 , 4201.11 , 0.97
589.03 , 803.23 , 214.19 , 4176.77 , 1.07
589.03 , 827.57 , 238.53 , 4152.43 , 1.19
598.77 , 866.51 , 267.74 , 4113.49 , 1.34
603.64 , 910.32 , 306.69 , 4069.68 , 1.53
603.64 , 959.00 , 355.37 , 4021.00 , 1.78
623.11 , 1032.02 , 408.91 , 3947.98 , 2.04
623.11 , 1129.38 , 506.28 , 3850.62 , 2.53
637.71 , 1280.29 , 642.58 , 3699.71 , 3.21
657.18 , 1538.30 , 881.11 , 3441.70 , 4.41
681.52 , 2102.99 , 1421.47 , 2877.01 , 7.11
754.55 , 4386.10 , 3631.55 , 593.90 , 18.16
754.55 , 4381.23 , 3626.69 , 598.77 , 18.13
