58.42 , 73.02 , 14.60 , 4906.98 , 0.07
107.10 , 107.10 , 0.00 , 4872.90 , 0.00
146.04 , 141.17 , -4.87 , 4838.83 , -0.02
184.99 , 189.85 , 4.87 , 4790.15 , 0.02
204.46 , 228.80 , 24.34 , 4751.20 , 0.12
253.14 , 262.87 , 9.74 , 4717.13 , 0.05
301.82 , 301.82 , 0.00 , 4678.18 , 0.00
301.82 , 335.89 , 34.08 , 4644.11 , 0.17
360.23 , 360.23 , 0.00 , 4619.77 , 0.00
384.57 , 389.44 , 4.87 , 4590.56 , 0.02
404.05 , 404.05 , 0.00 , 4575.95 , 0.00
418.65 , 418.65 , 0.00 , 4561.35 , 0.00
423.52 , 428.39 , 4.87 , 4551.61 , 0.02
433.26 , 438.12 , 4.87 , 4541.88 , 0.02
438.12 , 442.99 , 4.87 , 4537.01 , 0.02
442.99 , 447.86 , 4.87 , 4532.14 , 0.02
442.99 , 452.73 , 9.74 , 4527.27 , 0.05
447.86 , 457.60 , 9.74 , 4522.40 , 0.05
457.60 , 462.46 , 4.87 , 4517.54 , 0.02
457.60 , 467.33 , 9.74 , 4512.67 , 0.05
457.60 , 467.33 , 9.74 , 4512.67 , 0.05
457.60 , 467.33 , 9.74 , 4512.67 , 0.05
462.46 , 477.07 , 14.60 , 4502.93 , 0.07
462.46 , 477.07 , 14.60 , 4502.93 , 0.07
462.46 , 472.20 , 9.74 , 4507.80 , 0.05
462.46 , 481.94 , 19.47 , 4498.06 , 0.10
472.20 , 486.80 , 14.60 , 4493.20 , 0.07
467.33 , 486.80 , 19.47 , 4493.20 , 0.10
467.33 , 486.80 , 19.47 , 4493.20 , 0.10
472.20 , 491.67 , 19.47 , 4488.33 , 0.10
472.20 , 491.67 , 19.47 , 4488.33 , 0.10
472.20 , 496.54 , 24.34 , 4483.46 , 0.12
477.07 , 491.67 , 14.60 , 4488.33 , 0.07
477.07 , 496.54 , 19.47 , 4483.46 , 0.10
477.07 , 491.67 , 14.60 , 4488.33 , 0.07
481.94 , 496.54 , 14.60 , 4483.46 , 0.07
477.07 , 501.41 , 24.34 , 4478.59 , 0.12
481.94 , 501.41 , 19.47 , 4478.59 , 0.10
481.94 , 501.41 , 19.47 , 4478.59 , 0.10
481.94 , 501.41 , 19.47 , 4478.59 , 0.10
481.94 , 506.28 , 24.34 , 4473.72 , 0.12
481.94 , 506.28 , 24.34 , 4473.72 , 0.12
481.94 , 506.28 , 24.34 , 4473.72 , 0.12
486.80 , 506.28 , 19.47 , 4473.72 , 0.10
481.94 , 511.14 , 29.21 , 4468.86 , 0.15
486.80 , 511.14 , 24.34 , 4468.86 , 0.12
486.80 , 511.14 , 24.34 , 4468.86 , 0.12
486.80 , 516.01 , 29.21 , 4463.99 , 0.15
491.67 , 511.14 , 19.47 , 4468.86 , 0.10
491.67 , 516.01 , 24.34 , 4463.99 , 0.12
491.67 , 520.88 , 29.21 , 4459.12 , 0.15
496.54 , 520.88 , 24.34 , 4459.12 , 0.12
491.67 , 516.01 , 24.34 , 4463.99 , 0.12
491.67 , 520.88 , 29.21 , 4459.12 , 0.15
496.54 , 520.88 , 24.34 , 4459.12 , 0.12
491.67 , 520.88 , 29.21 , 4459.12 , 0.15
496.54 , 525.75 , 29.21 , 4454.25 , 0.15
496.54 , 520.88 , 24.34 , 4459.12 , 0.12
496.54 , 530.62 , 34.08 , 4449.38 , 0.17
496.54 , 530.62 , 34.08 , 4449.38 , 0.17
501.41 , 535.48 , 34.08 , 4444.52 , 0.17
496.54 , 530.62 , 34.08 , 4449.38 , 0.17
501.41 , 530.62 , 29.21 , 4449.38 , 0.15
501.41 , 530.62 , 29.21 , 4449.38 , 0.15
506.28 , 535.48 , 29.21 , 4444.52 , 0.15
501.41 , 535.48 , 34.08 , 4444.52 , 0.17
501.41 , 540.35 , 38.94 , 4439.65 , 0.19
501.41 , 540.35 , 38.94 , 4439.65 , 0.19
501.41 , 540.35 , 38.94 , 4439.65 , 0.19
506.28 , 540.35 , 34.08 , 4439.65 , 0.17
506.28 , 545.22 , 38.94 , 4434.78 , 0.19
506.28 , 545.22 , 38.94 , 4434.78 , 0.19
506.28 , 550.09 , 43.81 , 4429.91 , 0.22
506.28 , 554.96 , 48.68 , 4425.04 , 0.24
511.14 , 554.96 , 43.81 , 4425.04 , 0.22
516.01 , 554.96 , 38.94 , 4425.04 , 0.19
511.14 , 554.96 , 43.81 , 4425.04 , 0.22
511.14 , 559.82 , 48.68 , 4420.18 , 0.24
511.14 , 559.82 , 48.68 , 4420.18 , 0.24
516.01 , 559.82 , 43.81 , 4420.18 , 0.22
516.01 , 564.69 , 48.68 , 4415.31 , 0.24
520.88 , 569.56 , 48.68 , 4410.44 , 0.24
520.88 , 569.56 , 48.68 , 4410.44 , 0.24
520.88 , 569.56 , 48.68 , 4410.44 , 0.24
520.88 , 569.56 , 48.68 , 4410.44 , 0.24
520.88 , 574.43 , 53.55 , 4405.57 , 0.27
525.75 , 579.30 , 53.55 , 4400.70 , 0.27
525.75 , 574.43 , 48.68 , 4405.57 , 0.24
530.62 , 579.30 , 48.68 , 4400.70 , 0.24
530.62 , 589.03 , 58.42 , 4390.97 , 0.29
530.62 , 589.03 , 58.42 , 4390.97 , 0.29
525.75 , 593.90 , 68.15 , 4386.10 , 0.34
530.62 , 593.90 , 63.28 , 4386.10 , 0.32
535.48 , 598.77 , 63.28 , 4381.23 , 0.32
535.48 , 603.64 , 68.15 , 4376.36 , 0.34
535.48 , 603.64 , 68.15 , 4376.36 , 0.34
535.48 , 608.50 , 73.02 , 4371.50 , 0.37
535.48 , 613.37 , 77.89 , 4366.63 , 0.39
540.35 , 618.24 , 77.89 , 4361.76 , 0.39
535.48 , 623.11 , 87.62 , 4356.89 , 0.44
545.22 , 632.84 , 87.62 , 4347.16 , 0.44
545.22 , 632.84 , 87.62 , 4347.16 , 0.44
545.22 , 642.58 , 97.36 , 4337.42 , 0.49
545.22 , 642.58 , 97.36 , 4337.42 , 0.49
550.09 , 657.18 , 107.10 , 4322.82 , 0.54
554.96 , 662.05 , 107.10 , 4317.95 , 0.54
554.96 , 666.92 , 111.96 , 4313.08 , 0.56
554.96 , 676.66 , 121.70 , 4303.34 , 0.61
559.82 , 686.39 , 126.57 , 4293.61 , 0.63
559.82 , 696.13 , 136.30 , 4283.87 , 0.68
564.69 , 705.87 , 141.17 , 4274.13 , 0.71
569.56 , 720.47 , 150.91 , 4259.53 , 0.75
569.56 , 730.21 , 160.65 , 4249.79 , 0.80
574.43 , 739.94 , 165.51 , 4240.06 , 0.83
579.30 , 764.28 , 184.99 , 4215.72 , 0.92
584.16 , 778.89 , 194.72 , 4201.11 , 0.97
584.16 , 808.09 , 223.93 , 4171.91 , 1.12
593.90 , 832.43 , 238.53 , 4147.57 , 1.19
593.90 , 866.51 , 272.61 , 4113.49 , 1.36
598.77 , 910.32 , 311.55 , 4069.68 , 1.56
608.50 , 959.00 , 350.50 , 4021.00 , 1.75
618.24 , 1032.02 , 413.78 , 3947.98 , 2.07
627.98 , 1129.38 , 501.41 , 3850.62 , 2.51
642.58 , 1285.16 , 642.58 , 3694.84 , 3.21
657.18 , 1543.17 , 885.98 , 3436.83 , 4.43
681.52 , 2107.86 , 1426.33 , 2872.14 , 7.13
749.68 , 4420.18 , 3670.50 , 559.82 , 18.35
749.68 , 4415.31 , 3665.63 , 564.69 , 18.33
