68.15 , 63.28 , -4.87 , 4916.72 , -0.02
107.10 , 102.23 , -4.87 , 4877.77 , -0.02
146.04 , 141.17 , -4.87 , 4838.83 , -0.02
189.85 , 204.46 , 14.60 , 4775.54 , 0.07
223.93 , 223.93 , 0.00 , 4756.07 , 0.00
258.01 , 262.87 , 4.87 , 4717.13 , 0.02
277.48 , 326.16 , 48.68 , 4653.84 , 0.24
335.89 , 335.89 , 0.00 , 4644.11 , 0.00
365.10 , 365.10 , 0.00 , 4614.90 , 0.00
394.31 , 389.44 , -4.87 , 4590.56 , -0.02
399.18 , 408.91 , 9.74 , 4571.08 , 0.05
413.78 , 418.65 , 4.87 , 4561.35 , 0.02
423.52 , 428.39 , 4.87 , 4551.61 , 0.02
433.26 , 433.26 , 0.00 , 4546.75 , 0.00
442.99 , 442.99 , 0.00 , 4537.01 , 0.00
438.12 , 447.86 , 9.74 , 4532.14 , 0.05
447.86 , 452.73 , 4.87 , 4527.27 , 0.02
447.86 , 457.60 , 9.74 , 4522.40 , 0.05
452.73 , 462.46 , 9.74 , 4517.54 , 0.05
452.73 , 467.33 , 14.60 , 4512.67 , 0.07
457.60 , 472.20 , 14.60 , 4507.80 , 0.07
457.60 , 472.20 , 14.60 , 4507.80 , 0.07
462.46 , 477.07 , 14.60 , 4502.93 , 0.07
462.46 , 477.07 , 14.60 , 4502.93 , 0.07
462.46 , 481.94 , 19.47 , 4498.06 , 0.10
467.33 , 481.94 , 14.60 , 4498.06 , 0.07
467.33 , 486.80 , 19.47 , 4493.20 , 0.10
472.20 , 481.94 , 9.74 , 4498.06 , 0.05
472.20 , 486.80 , 14.60 , 4493.20 , 0.07
472.20 , 486.80 , 14.60 , 4493.20 , 0.07
472.20 , 491.67 , 19.47 , 4488.33 , 0.10
472.20 , 486.80 , 14.60 , 4493.20 , 0.07
472.20 , 491.67 , 19.47 , 4488.33 , 0.10
477.07 , 496.54 , 19.47 , 4483.46 , 0.10
472.20 , 491.67 , 19.47 , 4488.33 , 0.10
481.94 , 496.54 , 14.60 , 4483.46 , 0.07
481.94 , 496.54 , 14.60 , 4483.46 , 0.07
477.07 , 501.41 , 24.34 , 4478.59 , 0.12
477.07 , 501.41 , 24.34 , 4478.59 , 0.12
481.94 , 501.41 , 19.47 , 4478.59 , 0.10
486.80 , 506.28 , 19.47 , 4473.72 , 0.10
486.80 , 511.14 , 24.34 , 4468.86 , 0.12
486.80 , 506.28 , 19.47 , 4473.72 , 0.10
486.80 , 511.14 , 24.34 , 4468.86 , 0.12
486.80 , 506.28 , 19.47 , 4473.72 , 0.10
491.67 , 506.28 , 14.60 , 4473.72 , 0.07
491.67 , 511.14 , 19.47 , 4468.86 , 0.10
491.67 , 511.14 , 19.47 , 4468.86 , 0.10
491.67 , 516.01 , 24.34 , 4463.99 , 0.12
491.67 , 516.01 , 24.34 , 4463.99 , 0.12
486.80 , 520.88 , 34.08 , 4459.12 , 0.17
496.54 , 516.01 , 19.47 , 4463.99 , 0.10
496.54 , 520.88 , 24.34 , 4459.12 , 0.12
496.54 , 520.88 , 24.34 , 4459.12 , 0.12
496.54 , 520.88 , 24.34 , 4459.12 , 0.12
491.67 , 520.88 , 29.21 , 4459.12 , 0.15
496.54 , 525.75 , 29.21 , 4454.25 , 0.15
496.54 , 530.62 , 34.08 , 4449.38 , 0.17
501.41 , 525.75 , 24.34 , 4454.25 , 0.12
501.41 , 525.75 , 24.34 , 4454.25 , 0.12
501.41 , 530.62 , 29.21 , 4449.38 , 0.15
496.54 , 535.48 , 38.94 , 4444.52 , 0.19
506.28 , 535.48 , 29.21 , 4444.52 , 0.15
501.41 , 535.48 , 34.08 , 4444.52 , 0.17
501.41 , 535.48 , 34.08 , 4444.52 , 0.17
501.41 , 540.35 , 38.94 , 4439.65 , 0.19
506.28 , 540.35 , 34.08 , 4439.65 , 0.17
506.28 , 540.35 , 34.08 , 4439.65 , 0.17
501.41 , 540.35 , 38.94 , 4439.65 , 0.19
506.28 , 545.22 , 38.94 , 4434.78 , 0.19
506.28 , 545.22 , 38.94 , 4434.78 , 0.19
506.28 , 545.22 , 38.94 , 4434.78 , 0.19
511.14 , 545.22 , 34.08 , 4434.78 , 0.17
511.14 , 550.09 , 38.94 , 4429.91 , 0.19
511.14 , 550.09 , 38.94 , 4429.91 , 0.19
511.14 , 554.96 , 43.81 , 4425.04 , 0.22
511.14 , 554.96 , 43.81 , 4425.04 , 0.22
516.01 , 559.82 , 43.81 , 4420.18 , 0.22
516.01 , 559.82 , 43.81 , 4420.18 , 0.22
516.01 , 564.69 , 48.68 , 4415.31 , 0.24
516.01 , 564.69 , 48.68 , 4415.31 , 0.24
516.01 , 564.69 , 48.68 , 4415.31 , 0.24
520.88 , 564.69 , 43.81 , 4415.31 , 0.22
520.88 , 569.56 , 48.68 , 4410.44 , 0.24
520.88 , 574.43 , 53.55 , 4405.57 , 0.27
520.88 , 574.43 , 53.55 , 4405.57 , 0.27
525.75 , 579.30 , 53.55 , 4400.70 , 0.27
525.75 , 584.16 , 58.42 , 4395.84 , 0.29
525.75 , 584.16 , 58.42 , 4395.84 , 0.29
530.62 , 584.16 , 53.55 , 4395.84 , 0.27
525.75 , 589.03 , 63.28 , 4390.97 , 0.32
525.75 , 593.90 , 68.15 , 4386.10 , 0.34
525.75 , 598.77 , 73.02 , 4381.23 , 0.37
530.62 , 603.64 , 73.02 , 4376.36 , 0.37
535.48 , 608.50 , 73.02 , 4371.50 , 0.37
535.48 , 608.50 , 73.02 , 4371.50 , 0.37
535.48 , 608.50 , 73.02 , 4371.50 , 0.37
535.48 , 618.24 , 82.76 , 4361.76 , 0.41
540.35 , 623.11 , 82.76 , 4356.89 , 0.41
540.35 , 623.11 , 82.76 , 4356.89 , 0.41
545.22 , 632.84 , 87.62 , 4347.16 , 0.44
540.35 , 632.84 , 92.49 , 4347.16 , 0.46
545.22 , 642.58 , 97.36 , 4337.42 , 0.49
545.22 , 647.45 , 102.23 , 4332.55 , 0.51
550.09 , 647.45 , 97.36 , 4332.55 , 0.49
550.09 , 662.05 , 111.96 , 4317.95 , 0.56
554.96 , 671.79 , 116.83 , 4308.21 , 0.58
559.82 , 681.52 , 121.70 , 4298.47 , 0.61
564.69 , 686.39 , 121.70 , 4293.61 , 0.61
559.82 , 691.26 , 131.44 , 4288.74 , 0.66
569.56 , 701.00 , 131.44 , 4279.00 , 0.66
569.56 , 715.60 , 146.04 , 4264.40 , 0.73
569.56 , 725.34 , 155.78 , 4254.66 , 0.78
574.43 , 744.81 , 170.38 , 4235.19 , 0.85
579.30 , 764.28 , 184.99 , 4215.72 , 0.92
579.30 , 778.89 , 199.59 , 4201.11 , 1.00
584.16 , 803.23 , 219.06 , 4176.77 , 1.10
593.90 , 832.43 , 238.53 , 4147.57 , 1.19
598.77 , 866.51 , 267.74 , 4113.49 , 1.34
603.64 , 910.32 , 306.69 , 4069.68 , 1.53
608.50 , 959.00 , 350.50 , 4021.00 , 1.75
623.11 , 1032.02 , 408.91 , 3947.98 , 2.04
632.84 , 1129.38 , 496.54 , 3850.62 , 2.48
647.45 , 1280.29 , 632.84 , 3699.71 , 3.16
652.32 , 1543.17 , 890.85 , 3436.83 , 4.45
686.39 , 2107.86 , 1421.47 , 2872.14 , 7.11
749.68 , 4420.18 , 3670.50 , 559.82 , 18.35
754.55 , 4415.31 , 3660.76 , 564.69 , 18.30
