68.15 , 63.28 , -4.87 , 4916.72 , -0.02
107.10 , 102.23 , -4.87 , 4877.77 , -0.02
146.04 , 150.91 , 4.87 , 4829.09 , 0.02
184.99 , 180.12 , -4.87 , 4799.88 , -0.02
223.93 , 223.93 , 0.00 , 4756.07 , 0.00
262.87 , 267.74 , 4.87 , 4712.26 , 0.02
296.95 , 301.82 , 4.87 , 4678.18 , 0.02
335.89 , 335.89 , 0.00 , 4644.11 , 0.00
365.10 , 365.10 , 0.00 , 4614.90 , 0.00
331.03 , 389.44 , 58.42 , 4590.56 , 0.29
404.05 , 404.05 , 0.00 , 4575.95 , 0.00
418.65 , 418.65 , 0.00 , 4561.35 , 0.00
428.39 , 423.52 , -4.87 , 4556.48 , -0.02
428.39 , 433.26 , 4.87 , 4546.75 , 0.02
438.12 , 442.99 , 4.87 , 4537.01 , 0.02
442.99 , 447.86 , 4.87 , 4532.14 , 0.02
447.86 , 452.73 , 4.87 , 4527.27 , 0.02
447.86 , 457.60 , 9.74 , 4522.40 , 0.05
452.73 , 457.60 , 4.87 , 4522.40 , 0.02
452.73 , 462.46 , 9.74 , 4517.54 , 0.05
457.60 , 467.33 , 9.74 , 4512.67 , 0.05
457.60 , 472.20 , 14.60 , 4507.80 , 0.07
462.46 , 472.20 , 9.74 , 4507.80 , 0.05
462.46 , 472.20 , 9.74 , 4507.80 , 0.05
467.33 , 481.94 , 14.60 , 4498.06 , 0.07
467.33 , 477.07 , 9.74 , 4502.93 , 0.05
467.33 , 477.07 , 9.74 , 4502.93 , 0.05
472.20 , 486.80 , 14.60 , 4493.20 , 0.07
472.20 , 486.80 , 14.60 , 4493.20 , 0.07
477.07 , 491.67 , 14.60 , 4488.33 , 0.07
472.20 , 486.80 , 14.60 , 4493.20 , 0.07
472.20 , 491.67 , 19.47 , 4488.33 , 0.10
477.07 , 491.67 , 14.60 , 4488.33 , 0.07
477.07 , 491.67 , 14.60 , 4488.33 , 0.07
477.07 , 496.54 , 19.47 , 4483.46 , 0.10
477.07 , 496.54 , 19.47 , 4483.46 , 0.10
481.94 , 496.54 , 14.60 , 4483.46 , 0.07
481.94 , 496.54 , 14.60 , 4483.46 , 0.07
481.94 , 501.41 , 19.47 , 4478.59 , 0.10
477.07 , 501.41 , 24.34 , 4478.59 , 0.12
486.80 , 501.41 , 14.60 , 4478.59 , 0.07
486.80 , 506.28 , 19.47 , 4473.72 , 0.10
486.80 , 506.28 , 19.47 , 4473.72 , 0.10
486.80 , 506.28 , 19.47 , 4473.72 , 0.10
481.94 , 506.28 , 24.34 , 4473.72 , 0.12
481.94 , 511.14 , 29.21 , 4468.86 , 0.15
486.80 , 516.01 , 29.21 , 4463.99 , 0.15
486.80 , 511.14 , 24.34 , 4468.86 , 0.12
486.80 , 516.01 , 29.21 , 4463.99 , 0.15
491.67 , 511.14 , 19.47 , 4468.86 , 0.10
491.67 , 520.88 , 29.21 , 4459.12 , 0.15
491.67 , 520.88 , 29.21 , 4459.12 , 0.15
491.67 , 520.88 , 29.21 , 4459.12 , 0.15
491.67 , 520.88 , 29.21 , 4459.12 , 0.15
491.67 , 520.88 , 29.21 , 4459.12 , 0.15
491.67 , 525.75 , 34.08 , 4454.25 , 0.17
491.67 , 520.88 , 29.21 , 4459.12 , 0.15
491.67 , 525.75 , 34.08 , 4454.25 , 0.17
496.54 , 525.75 , 29.21 , 4454.25 , 0.15
491.67 , 530.62 , 38.94 , 4449.38 , 0.19
496.54 , 525.75 , 29.21 , 4454.25 , 0.15
496.54 , 530.62 , 34.08 , 4449.38 , 0.17
501.41 , 530.62 , 29.21 , 4449.38 , 0.15
501.41 , 535.48 , 34.08 , 4444.52 , 0.17
501.41 , 535.48 , 34.08 , 4444.52 , 0.17
506.28 , 535.48 , 29.21 , 4444.52 , 0.15
501.41 , 540.35 , 38.94 , 4439.65 , 0.19
501.41 , 540.35 , 38.94 , 4439.65 , 0.19
506.28 , 545.22 , 38.94 , 4434.78 , 0.19
506.28 , 540.35 , 34.08 , 4439.65 , 0.17
506.28 , 545.22 , 38.94 , 4434.78 , 0.19
511.14 , 545.22 , 34.08 , 4434.78 , 0.17
506.28 , 545.22 , 38.94 , 4434.78 , 0.19
511.14 , 554.96 , 43.81 , 4425.04 , 0.22
511.14 , 550.09 , 38.94 , 4429.91 , 0.19
511.14 , 554.96 , 43.81 , 4425.04 , 0.22
511.14 , 554.96 , 43.81 , 4425.04 , 0.22
516.01 , 554.96 , 38.94 , 4425.04 , 0.19
516.01 , 559.82 , 43.81 , 4420.18 , 0.22
516.01 , 564.69 , 48.68 , 4415.31 , 0.24
520.88 , 564.69 , 43.81 , 4415.31 , 0.22
516.01 , 564.69 , 48.68 , 4415.31 , 0.24
520.88 , 564.69 , 43.81 , 4415.31 , 0.22
516.01 , 569.56 , 53.55 , 4410.44 , 0.27
525.75 , 574.43 , 48.68 , 4405.57 , 0.24
525.75 , 574.43 , 48.68 , 4405.57 , 0.24
520.88 , 579.30 , 58.42 , 4400.70 , 0.29
525.75 , 579.30 , 53.55 , 4400.70 , 0.27
525.75 , 584.16 , 58.42 , 4395.84 , 0.29
525.75 , 589.03 , 63.28 , 4390.97 , 0.32
530.62 , 584.16 , 53.55 , 4395.84 , 0.27
525.75 , 593.90 , 68.15 , 4386.10 , 0.34
530.62 , 598.77 , 68.15 , 4381.23 , 0.34
535.48 , 603.64 , 68.15 , 4376.36 , 0.34
535.48 , 598.77 , 63.28 , 4381.23 , 0.32
535.48 , 608.50 , 73.02 , 4371.50 , 0.37
535.48 , 613.37 , 77.89 , 4366.63 , 0.39
535.48 , 613.37 , 77.89 , 4366.63 , 0.39
540.35 , 613.37 , 73.02 , 4366.63 , 0.37
540.35 , 627.98 , 87.62 , 4352.02 , 0.44
540.35 , 627.98 , 87.62 , 4352.02 , 0.44
545.22 , 637.71 , 92.49 , 4342.29 , 0.46
550.09 , 642.58 , 92.49 , 4337.42 , 0.46
550.09 , 642.58 , 92.49 , 4337.42 , 0.46
550.09 , 652.32 , 102.23 , 4327.68 , 0.51
550.09 , 662.05 , 111.96 , 4317.95 , 0.56
559.82 , 666.92 , 107.10 , 4313.08 , 0.54
559.82 , 671.79 , 111.96 , 4308.21 , 0.56
564.69 , 681.52 , 116.83 , 4298.47 , 0.58
559.82 , 696.13 , 136.30 , 4283.87 , 0.68
569.56 , 705.87 , 136.30 , 4274.13 , 0.68
569.56 , 715.60 , 146.04 , 4264.40 , 0.73
569.56 , 730.21 , 160.65 , 4249.79 , 0.80
574.43 , 744.81 , 170.38 , 4235.19 , 0.85
579.30 , 764.28 , 184.99 , 4215.72 , 0.92
584.16 , 783.75 , 199.59 , 4196.25 , 1.00
584.16 , 803.23 , 219.06 , 4176.77 , 1.10
593.90 , 832.43 , 238.53 , 4147.57 , 1.19
593.90 , 866.51 , 272.61 , 4113.49 , 1.36
603.64 , 905.45 , 301.82 , 4074.55 , 1.51
608.50 , 963.87 , 355.37 , 4016.13 , 1.78
618.24 , 1032.02 , 413.78 , 3947.98 , 2.07
627.98 , 1129.38 , 501.41 , 3850.62 , 2.51
637.71 , 1280.29 , 642.58 , 3699.71 , 3.21
657.18 , 1538.30 , 881.11 , 3441.70 , 4.41
686.39 , 2107.86 , 1421.47 , 2872.14 , 7.11
754.55 , 4420.18 , 3665.63 , 559.82 , 18.33
749.68 , 4425.04 , 3675.37 , 554.96 , 18.38
