63.28 , 63.28 , 0.00 , 4916.72 , 0.00
107.10 , 107.10 , 0.00 , 4872.90 , 0.00
150.91 , 146.04 , -4.87 , 4833.96 , -0.02
165.51 , 194.72 , 29.21 , 4785.28 , 0.15
223.93 , 219.06 , -4.87 , 4760.94 , -0.02
262.87 , 258.01 , -4.87 , 4721.99 , -0.02
311.55 , 296.95 , -14.60 , 4683.05 , -0.07
335.89 , 335.89 , 0.00 , 4644.11 , 0.00
360.23 , 360.23 , 0.00 , 4619.77 , 0.00
389.44 , 384.57 , -4.87 , 4595.43 , -0.02
399.18 , 404.05 , 4.87 , 4575.95 , 0.02
418.65 , 423.52 , 4.87 , 4556.48 , 0.02
423.52 , 428.39 , 4.87 , 4551.61 , 0.02
433.26 , 438.12 , 4.87 , 4541.88 , 0.02
438.12 , 442.99 , 4.87 , 4537.01 , 0.02
442.99 , 447.86 , 4.87 , 4532.14 , 0.02
447.86 , 452.73 , 4.87 , 4527.27 , 0.02
447.86 , 457.60 , 9.74 , 4522.40 , 0.05
452.73 , 462.46 , 9.74 , 4517.54 , 0.05
452.73 , 467.33 , 14.60 , 4512.67 , 0.07
457.60 , 467.33 , 9.74 , 4512.67 , 0.05
462.46 , 472.20 , 9.74 , 4507.80 , 0.05
462.46 , 477.07 , 14.60 , 4502.93 , 0.07
457.60 , 477.07 , 19.47 , 4502.93 , 0.10
462.46 , 477.07 , 14.60 , 4502.93 , 0.07
467.33 , 477.07 , 9.74 , 4502.93 , 0.05
467.33 , 481.94 , 14.60 , 4498.06 , 0.07
467.33 , 486.80 , 19.47 , 4493.20 , 0.10
472.20 , 486.80 , 14.60 , 4493.20 , 0.07
472.20 , 486.80 , 14.60 , 4493.20 , 0.07
477.07 , 491.67 , 14.60 , 4488.33 , 0.07
472.20 , 491.67 , 19.47 , 4488.33 , 0.10
472.20 , 491.67 , 19.47 , 4488.33 , 0.10
477.07 , 491.67 , 14.60 , 4488.33 , 0.07
472.20 , 496.54 , 24.34 , 4483.46 , 0.12
477.07 , 496.54 , 19.47 , 4483.46 , 0.10
477.07 , 501.41 , 24.34 , 4478.59 , 0.12
481.94 , 496.54 , 14.60 , 4483.46 , 0.07
481.94 , 501.41 , 19.47 , 4478.59 , 0.10
481.94 , 501.41 , 19.47 , 4478.59 , 0.10
486.80 , 506.28 , 19.47 , 4473.72 , 0.10
481.94 , 506.28 , 24.34 , 4473.72 , 0.12
486.80 , 506.28 , 19.47 , 4473.72 , 0.10
486.80 , 506.28 , 19.47 , 4473.72 , 0.10
486.80 , 511.14 , 24.34 , 4468.86 , 0.12
486.80 , 511.14 , 24.34 , 4468.86 , 0.12
491.67 , 511.14 , 19.47 , 4468.86 , 0.10
486.80 , 516.01 , 29.21 , 4463.99 , 0.15
486.80 , 511.14 , 24.34 , 4468.86 , 0.12
491.67 , 516.01 , 24.34 , 4463.99 , 0.12
486.80 , 516.01 , 29.21 , 4463.99 , 0.15
491.67 , 520.88 , 29.21 , 4459.12 , 0.15
491.67 , 516.01 , 24.34 , 4463.99 , 0.12
491.67 , 516.01 , 24.34 , 4463.99 , 0.12
491.67 , 525.75 , 34.08 , 4454.25 , 0.17
496.54 , 525.75 , 29.21 , 4454.25 , 0.15
496.54 , 525.75 , 29.21 , 4454.25 , 0.15
496.54 , 525.75 , 29.21 , 4454.25 , 0.15
496.54 , 520.88 , 24.34 , 4459.12 , 0.12
501.41 , 530.62 , 29.21 , 4449.38 , 0.15
491.67 , 530.62 , 38.94 , 4449.38 , 0.19
496.54 , 530.62 , 34.08 , 4449.38 , 0.17
501.41 , 530.62 , 29.21 , 4449.38 , 0.15
501.41 , 530.62 , 29.21 , 4449.38 , 0.15
501.41 , 535.48 , 34.08 , 4444.52 , 0.17
501.41 , 535.48 , 34.08 , 4444.52 , 0.17
506.28 , 540.35 , 34.08 , 4439.65 , 0.17
501.41 , 545.22 , 43.81 , 4434.78 , 0.22
506.28 , 540.35 , 34.08 , 4439.65 , 0.17
506.28 , 545.22 , 38.94 , 4434.78 , 0.19
501.41 , 545.22 , 43.81 , 4434.78 , 0.22
506.28 , 545.22 , 38.94 , 4434.78 , 0.19
506.28 , 545.22 , 38.94 , 4434.78 , 0.19
506.28 , 550.09 , 43.81 , 4429.91 , 0.22
511.14 , 550.09 , 38.94 , 4429.91 , 0.19
511.14 , 554.96 , 43.81 , 4425.04 , 0.22
511.14 , 554.96 , 43.81 , 4425.04 , 0.22
511.14 , 554.96 , 43.81 , 4425.04 , 0.22
516.01 , 559.82 , 43.81 , 4420.18 , 0.22
516.01 , 564.69 , 48.68 , 4415.31 , 0.24
511.14 , 569.56 , 58.42 , 4410.44 , 0.29
516.01 , 564.69 , 48.68 , 4415.31 , 0.24
516.01 , 564.69 , 48.68 , 4415.31 , 0.24
516.01 , 564.69 , 48.68 , 4415.31 , 0.24
520.88 , 584.16 , 63.28 , 4395.84 , 0.32
520.88 , 574.43 , 53.55 , 4405.57 , 0.27
525.75 , 579.30 , 53.55 , 4400.70 , 0.27
525.75 , 579.30 , 53.55 , 4400.70 , 0.27
525.75 , 584.16 , 58.42 , 4395.84 , 0.29
530.62 , 584.16 , 53.55 , 4395.84 , 0.27
525.75 , 589.03 , 63.28 , 4390.97 , 0.32
525.75 , 589.03 , 63.28 , 4390.97 , 0.32
530.62 , 593.90 , 63.28 , 4386.10 , 0.32
535.48 , 598.77 , 63.28 , 4381.23 , 0.32
535.48 , 603.64 , 68.15 , 4376.36 , 0.34
535.48 , 608.50 , 73.02 , 4371.50 , 0.37
535.48 , 613.37 , 77.89 , 4366.63 , 0.39
540.35 , 613.37 , 73.02 , 4366.63 , 0.37
540.35 , 618.24 , 77.89 , 4361.76 , 0.39
540.35 , 623.11 , 82.76 , 4356.89 , 0.41
545.22 , 627.98 , 82.76 , 4352.02 , 0.41
545.22 , 632.84 , 87.62 , 4347.16 , 0.44
550.09 , 637.71 , 87.62 , 4342.29 , 0.44
550.09 , 642.58 , 92.49 , 4337.42 , 0.46
550.09 , 652.32 , 102.23 , 4327.68 , 0.51
550.09 , 662.05 , 111.96 , 4317.95 , 0.56
554.96 , 666.92 , 111.96 , 4313.08 , 0.56
554.96 , 676.66 , 121.70 , 4303.34 , 0.61
559.82 , 681.52 , 121.70 , 4298.47 , 0.61
564.69 , 691.26 , 126.57 , 4288.74 , 0.63
564.69 , 705.87 , 141.17 , 4274.13 , 0.71
569.56 , 720.47 , 150.91 , 4259.53 , 0.75
569.56 , 725.34 , 155.78 , 4254.66 , 0.78
574.43 , 739.94 , 165.51 , 4240.06 , 0.83
579.30 , 759.41 , 180.12 , 4220.59 , 0.90
579.30 , 783.75 , 204.46 , 4196.25 , 1.02
589.03 , 803.23 , 214.19 , 4176.77 , 1.07
593.90 , 837.30 , 243.40 , 4142.70 , 1.22
598.77 , 866.51 , 267.74 , 4113.49 , 1.34
598.77 , 910.32 , 311.55 , 4069.68 , 1.56
613.37 , 963.87 , 350.50 , 4016.13 , 1.75
613.37 , 1032.02 , 418.65 , 3947.98 , 2.09
627.98 , 1129.38 , 501.41 , 3850.62 , 2.51
637.71 , 1280.29 , 642.58 , 3699.71 , 3.21
657.18 , 1543.17 , 885.98 , 3436.83 , 4.43
686.39 , 2107.86 , 1421.47 , 2872.14 , 7.11
749.68 , 4425.04 , 3675.37 , 554.96 , 18.38
749.68 , 4425.04 , 3675.37 , 554.96 , 18.38
