68.15 , 68.15 , 0.00 , 4911.85 , 0.00
111.96 , 107.10 , -4.87 , 4872.90 , -0.02
146.04 , 146.04 , 0.00 , 4833.96 , 0.00
189.85 , 194.72 , 4.87 , 4785.28 , 0.02
223.93 , 219.06 , -4.87 , 4760.94 , -0.02
262.87 , 262.87 , 0.00 , 4717.13 , 0.00
296.95 , 311.55 , 14.60 , 4668.45 , 0.07
335.89 , 335.89 , 0.00 , 4644.11 , 0.00
365.10 , 365.10 , 0.00 , 4614.90 , 0.00
384.57 , 389.44 , 4.87 , 4590.56 , 0.02
404.05 , 404.05 , 0.00 , 4575.95 , 0.00
413.78 , 418.65 , 4.87 , 4561.35 , 0.02
423.52 , 428.39 , 4.87 , 4551.61 , 0.02
433.26 , 433.26 , 0.00 , 4546.75 , 0.00
438.12 , 442.99 , 4.87 , 4537.01 , 0.02
438.12 , 447.86 , 9.74 , 4532.14 , 0.05
447.86 , 452.73 , 4.87 , 4527.27 , 0.02
452.73 , 457.60 , 4.87 , 4522.40 , 0.02
452.73 , 462.46 , 9.74 , 4517.54 , 0.05
452.73 , 467.33 , 14.60 , 4512.67 , 0.07
457.60 , 467.33 , 9.74 , 4512.67 , 0.05
457.60 , 472.20 , 14.60 , 4507.80 , 0.07
462.46 , 477.07 , 14.60 , 4502.93 , 0.07
462.46 , 477.07 , 14.60 , 4502.93 , 0.07
467.33 , 477.07 , 9.74 , 4502.93 , 0.05
462.46 , 481.94 , 19.47 , 4498.06 , 0.10
467.33 , 481.94 , 14.60 , 4498.06 , 0.07
472.20 , 486.80 , 14.60 , 4493.20 , 0.07
467.33 , 486.80 , 19.47 , 4493.20 , 0.10
477.07 , 491.67 , 14.60 , 4488.33 , 0.07
472.20 , 491.67 , 19.47 , 4488.33 , 0.10
477.07 , 491.67 , 14.60 , 4488.33 , 0.07
477.07 , 496.54 , 19.47 , 4483.46 , 0.10
472.20 , 491.67 , 19.47 , 4488.33 , 0.10
477.07 , 496.54 , 19.47 , 4483.46 , 0.10
477.07 , 496.54 , 19.47 , 4483.46 , 0.10
477.07 , 496.54 , 19.47 , 4483.46 , 0.10
481.94 , 501.41 , 19.47 , 4478.59 , 0.10
481.94 , 501.41 , 19.47 , 4478.59 , 0.10
481.94 , 506.28 , 24.34 , 4473.72 , 0.12
481.94 , 501.41 , 19.47 , 4478.59 , 0.10
486.80 , 501.41 , 14.60 , 4478.59 , 0.07
486.80 , 506.28 , 19.47 , 4473.72 , 0.10
481.94 , 511.14 , 29.21 , 4468.86 , 0.15
486.80 , 511.14 , 24.34 , 4468.86 , 0.12
486.80 , 511.14 , 24.34 , 4468.86 , 0.12
491.67 , 511.14 , 19.47 , 4468.86 , 0.10
486.80 , 511.14 , 24.34 , 4468.86 , 0.12
491.67 , 516.01 , 24.34 , 4463.99 , 0.12
486.80 , 516.01 , 29.21 , 4463.99 , 0.15
486.80 , 516.01 , 29.21 , 4463.99 , 0.15
491.67 , 516.01 , 24.34 , 4463.99 , 0.12
491.67 , 520.88 , 29.21 , 4459.12 , 0.15
491.67 , 520.88 , 29.21 , 4459.12 , 0.15
496.54 , 525.75 , 29.21 , 4454.25 , 0.15
491.67 , 520.88 , 29.21 , 4459.12 , 0.15
496.54 , 525.75 , 29.21 , 4454.25 , 0.15
496.54 , 525.75 , 29.21 , 4454.25 , 0.15
496.54 , 525.75 , 29.21 , 4454.25 , 0.15
501.41 , 525.75 , 24.34 , 4454.25 , 0.12
501.41 , 525.75 , 24.34 , 4454.25 , 0.12
501.41 , 535.48 , 34.08 , 4444.52 , 0.17
501.41 , 535.48 , 34.08 , 4444.52 , 0.17
506.28 , 535.48 , 29.21 , 4444.52 , 0.15
501.41 , 535.48 , 34.08 , 4444.52 , 0.17
506.28 , 535.48 , 29.21 , 4444.52 , 0.15
506.28 , 535.48 , 29.21 , 4444.52 , 0.15
506.28 , 540.35 , 34.08 , 4439.65 , 0.17
506.28 , 540.35 , 34.08 , 4439.65 , 0.17
511.14 , 545.22 , 34.08 , 4434.78 , 0.17
506.28 , 545.22 , 38.94 , 4434.78 , 0.19
506.28 , 550.09 , 43.81 , 4429.91 , 0.22
506.28 , 550.09 , 43.81 , 4429.91 , 0.22
511.14 , 550.09 , 38.94 , 4429.91 , 0.19
511.14 , 550.09 , 38.94 , 4429.91 , 0.19
506.28 , 554.96 , 48.68 , 4425.04 , 0.24
516.01 , 554.96 , 38.94 , 4425.04 , 0.19
511.14 , 554.96 , 43.81 , 4425.04 , 0.22
516.01 , 559.82 , 43.81 , 4420.18 , 0.22
516.01 , 559.82 , 43.81 , 4420.18 , 0.22
516.01 , 559.82 , 43.81 , 4420.18 , 0.22
516.01 , 559.82 , 43.81 , 4420.18 , 0.22
520.88 , 569.56 , 48.68 , 4410.44 , 0.24
520.88 , 574.43 , 53.55 , 4405.57 , 0.27
516.01 , 574.43 , 58.42 , 4405.57 , 0.29
520.88 , 574.43 , 53.55 , 4405.57 , 0.27
520.88 , 579.30 , 58.42 , 4400.70 , 0.29
520.88 , 579.30 , 58.42 , 4400.70 , 0.29
525.75 , 584.16 , 58.42 , 4395.84 , 0.29
525.75 , 589.03 , 63.28 , 4390.97 , 0.32
525.75 , 589.03 , 63.28 , 4390.97 , 0.32
530.62 , 593.90 , 63.28 , 4386.10 , 0.32
530.62 , 593.90 , 63.28 , 4386.10 , 0.32
530.62 , 603.64 , 73.02 , 4376.36 , 0.37
535.48 , 603.64 , 68.15 , 4376.36 , 0.34
535.48 , 608.50 , 73.02 , 4371.50 , 0.37
540.35 , 608.50 , 68.15 , 4371.50 , 0.34
535.48 , 613.37 , 77.89 , 4366.63 , 0.39
540.35 , 623.11 , 82.76 , 4356.89 , 0.41
540.35 , 623.11 , 82.76 , 4356.89 , 0.41
540.35 , 627.98 , 87.62 , 4352.02 , 0.44
545.22 , 632.84 , 87.62 , 4347.16 , 0.44
545.22 , 642.58 , 97.36 , 4337.42 , 0.49
554.96 , 647.45 , 92.49 , 4332.55 , 0.46
550.09 , 652.32 , 102.23 , 4327.68 , 0.51
554.96 , 657.18 , 102.23 , 4322.82 , 0.51
554.96 , 671.79 , 116.83 , 4308.21 , 0.58
554.96 , 676.66 , 121.70 , 4303.34 , 0.61
559.82 , 686.39 , 126.57 , 4293.61 , 0.63
564.69 , 691.26 , 126.57 , 4288.74 , 0.63
564.69 , 701.00 , 136.30 , 4279.00 , 0.68
569.56 , 720.47 , 150.91 , 4259.53 , 0.75
574.43 , 730.21 , 155.78 , 4249.79 , 0.78
574.43 , 744.81 , 170.38 , 4235.19 , 0.85
579.30 , 759.41 , 180.12 , 4220.59 , 0.90
584.16 , 783.75 , 199.59 , 4196.25 , 1.00
589.03 , 822.70 , 233.67 , 4157.30 , 1.17
589.03 , 832.43 , 243.40 , 4147.57 , 1.22
593.90 , 866.51 , 272.61 , 4113.49 , 1.36
603.64 , 910.32 , 306.69 , 4069.68 , 1.53
613.37 , 963.87 , 350.50 , 4016.13 , 1.75
618.24 , 1032.02 , 413.78 , 3947.98 , 2.07
627.98 , 1129.38 , 501.41 , 3850.62 , 2.51
637.71 , 1280.29 , 642.58 , 3699.71 , 3.21
657.18 , 1543.17 , 885.98 , 3436.83 , 4.43
686.39 , 2107.86 , 1421.47 , 2872.14 , 7.11
754.55 , 4415.31 , 3660.76 , 564.69 , 18.30
749.68 , 4420.18 , 3670.50 , 559.82 , 18.35
