68.15 , 68.15 , 0.00 , 4911.85 , 0.00
107.10 , 107.10 , 0.00 , 4872.90 , 0.00
150.91 , 160.65 , 9.74 , 4819.35 , 0.05
184.99 , 184.99 , 0.00 , 4795.01 , 0.00
223.93 , 223.93 , 0.00 , 4756.07 , 0.00
262.87 , 262.87 , 0.00 , 4717.13 , 0.00
296.95 , 301.82 , 4.87 , 4678.18 , 0.02
331.03 , 335.89 , 4.87 , 4644.11 , 0.02
365.10 , 360.23 , -4.87 , 4619.77 , -0.02
389.44 , 389.44 , 0.00 , 4590.56 , 0.00
404.05 , 404.05 , 0.00 , 4575.95 , 0.00
418.65 , 413.78 , -4.87 , 4566.22 , -0.02
423.52 , 423.52 , 0.00 , 4556.48 , 0.00
433.26 , 433.26 , 0.00 , 4546.75 , 0.00
433.26 , 442.99 , 9.74 , 4537.01 , 0.05
442.99 , 447.86 , 4.87 , 4532.14 , 0.02
447.86 , 457.60 , 9.74 , 4522.40 , 0.05
447.86 , 457.60 , 9.74 , 4522.40 , 0.05
447.86 , 462.46 , 14.60 , 4517.54 , 0.07
457.60 , 467.33 , 9.74 , 4512.67 , 0.05
457.60 , 467.33 , 9.74 , 4512.67 , 0.05
457.60 , 472.20 , 14.60 , 4507.80 , 0.07
462.46 , 472.20 , 9.74 , 4507.80 , 0.05
457.60 , 472.20 , 14.60 , 4507.80 , 0.07
467.33 , 477.07 , 9.74 , 4502.93 , 0.05
467.33 , 481.94 , 14.60 , 4498.06 , 0.07
467.33 , 481.94 , 14.60 , 4498.06 , 0.07
467.33 , 486.80 , 19.47 , 4493.20 , 0.10
467.33 , 486.80 , 19.47 , 4493.20 , 0.10
467.33 , 486.80 , 19.47 , 4493.20 , 0.10
477.07 , 491.67 , 14.60 , 4488.33 , 0.07
472.20 , 486.80 , 14.60 , 4493.20 , 0.07
477.07 , 491.67 , 14.60 , 4488.33 , 0.07
477.07 , 496.54 , 19.47 , 4483.46 , 0.10
477.07 , 491.67 , 14.60 , 4488.33 , 0.07
477.07 , 496.54 , 19.47 , 4483.46 , 0.10
477.07 , 506.28 , 29.21 , 4473.72 , 0.15
481.94 , 496.54 , 14.60 , 4483.46 , 0.07
477.07 , 501.41 , 24.34 , 4478.59 , 0.12
486.80 , 501.41 , 14.60 , 4478.59 , 0.07
481.94 , 501.41 , 19.47 , 4478.59 , 0.10
486.80 , 506.28 , 19.47 , 4473.72 , 0.10
486.80 , 506.28 , 19.47 , 4473.72 , 0.10
486.80 , 511.14 , 24.34 , 4468.86 , 0.12
486.80 , 506.28 , 19.47 , 4473.72 , 0.10
486.80 , 511.14 , 24.34 , 4468.86 , 0.12
486.80 , 516.01 , 29.21 , 4463.99 , 0.15
486.80 , 511.14 , 24.34 , 4468.86 , 0.12
491.67 , 516.01 , 24.34 , 4463.99 , 0.12
491.67 , 516.01 , 24.34 , 4463.99 , 0.12
491.67 , 516.01 , 24.34 , 4463.99 , 0.12
486.80 , 516.01 , 29.21 , 4463.99 , 0.15
491.67 , 520.88 , 29.21 , 4459.12 , 0.15
496.54 , 520.88 , 24.34 , 4459.12 , 0.12
496.54 , 516.01 , 19.47 , 4463.99 , 0.10
491.67 , 520.88 , 29.21 , 4459.12 , 0.15
496.54 , 520.88 , 24.34 , 4459.12 , 0.12
491.67 , 520.88 , 29.21 , 4459.12 , 0.15
491.67 , 525.75 , 34.08 , 4454.25 , 0.17
501.41 , 530.62 , 29.21 , 4449.38 , 0.15
501.41 , 530.62 , 29.21 , 4449.38 , 0.15
496.54 , 530.62 , 34.08 , 4449.38 , 0.17
501.41 , 530.62 , 29.21 , 4449.38 , 0.15
501.41 , 530.62 , 29.21 , 4449.38 , 0.15
501.41 , 535.48 , 34.08 , 4444.52 , 0.17
501.41 , 535.48 , 34.08 , 4444.52 , 0.17
506.28 , 540.35 , 34.08 , 4439.65 , 0.17
506.28 , 540.35 , 34.08 , 4439.65 , 0.17
506.28 , 540.35 , 34.08 , 4439.65 , 0.17
506.28 , 545.22 , 38.94 , 4434.78 , 0.19
501.41 , 545.22 , 43.81 , 4434.78 , 0.22
511.14 , 545.22 , 34.08 , 4434.78 , 0.17
511.14 , 550.09 , 38.94 , 4429.91 , 0.19
511.14 , 550.09 , 38.94 , 4429.91 , 0.19
511.14 , 550.09 , 38.94 , 4429.91 , 0.19
511.14 , 554.96 , 43.81 , 4425.04 , 0.22
516.01 , 554.96 , 38.94 , 4425.04 , 0.19
506.28 , 559.82 , 53.55 , 4420.18 , 0.27
520.88 , 559.82 , 38.94 , 4420.18 , 0.19
516.01 , 559.82 , 43.81 , 4420.18 , 0.22
516.01 , 564.69 , 48.68 , 4415.31 , 0.24
516.01 , 564.69 , 48.68 , 4415.31 , 0.24
520.88 , 564.69 , 43.81 , 4415.31 , 0.22
516.01 , 574.43 , 58.42 , 4405.57 , 0.29
516.01 , 574.43 , 58.42 , 4405.57 , 0.29
525.75 , 574.43 , 48.68 , 4405.57 , 0.24
525.75 , 579.30 , 53.55 , 4400.70 , 0.27
525.75 , 579.30 , 53.55 , 4400.70 , 0.27
525.75 , 584.16 , 58.42 , 4395.84 , 0.29
525.75 , 584.16 , 58.42 , 4395.84 , 0.29
530.62 , 589.03 , 58.42 , 4390.97 , 0.29
530.62 , 593.90 , 63.28 , 4386.10 , 0.32
530.62 , 593.90 , 63.28 , 4386.10 , 0.32
530.62 , 598.77 , 68.15 , 4381.23 , 0.34
530.62 , 603.64 , 73.02 , 4376.36 , 0.37
535.48 , 608.50 , 73.02 , 4371.50 , 0.37
535.48 , 608.50 , 73.02 , 4371.50 , 0.37
535.48 , 613.37 , 77.89 , 4366.63 , 0.39
540.35 , 618.24 , 77.89 , 4361.76 , 0.39
540.35 , 623.11 , 82.76 , 4356.89 , 0.41
540.35 , 627.98 , 87.62 , 4352.02 , 0.44
545.22 , 637.71 , 92.49 , 4342.29 , 0.46
545.22 , 637.71 , 92.49 , 4342.29 , 0.46
550.09 , 647.45 , 97.36 , 4332.55 , 0.49
550.09 , 652.32 , 102.23 , 4327.68 , 0.51
550.09 , 662.05 , 111.96 , 4317.95 , 0.56
559.82 , 666.92 , 107.10 , 4313.08 , 0.54
554.96 , 676.66 , 121.70 , 4303.34 , 0.61
559.82 , 686.39 , 126.57 , 4293.61 , 0.63
564.69 , 691.26 , 126.57 , 4288.74 , 0.63
564.69 , 705.87 , 141.17 , 4274.13 , 0.71
569.56 , 715.60 , 146.04 , 4264.40 , 0.73
569.56 , 730.21 , 160.65 , 4249.79 , 0.80
574.43 , 744.81 , 170.38 , 4235.19 , 0.85
579.30 , 764.28 , 184.99 , 4215.72 , 0.92
579.30 , 778.89 , 199.59 , 4201.11 , 1.00
589.03 , 803.23 , 214.19 , 4176.77 , 1.07
589.03 , 832.43 , 243.40 , 4147.57 , 1.22
593.90 , 871.38 , 277.48 , 4108.62 , 1.39
603.64 , 905.45 , 301.82 , 4074.55 , 1.51
608.50 , 963.87 , 355.37 , 4016.13 , 1.78
618.24 , 1032.02 , 413.78 , 3947.98 , 2.07
627.98 , 1129.38 , 501.41 , 3850.62 , 2.51
642.58 , 1280.29 , 637.71 , 3699.71 , 3.19
662.05 , 1543.17 , 881.11 , 3436.83 , 4.41
686.39 , 2107.86 , 1421.47 , 2872.14 , 7.11
749.68 , 4420.18 , 3670.50 , 559.82 , 18.35
754.55 , 4425.04 , 3670.50 , 554.96 , 18.35
