63.28 , 73.02 , 9.74 , 4906.98 , 0.05
111.96 , 107.10 , -4.87 , 4872.90 , -0.02
146.04 , 146.04 , 0.00 , 4833.96 , 0.00
189.85 , 184.99 , -4.87 , 4795.01 , -0.02
223.93 , 228.80 , 4.87 , 4751.20 , 0.02
243.40 , 258.01 , 14.60 , 4721.99 , 0.07
301.82 , 272.61 , -29.21 , 4707.39 , -0.15
335.89 , 340.76 , 4.87 , 4639.24 , 0.02
369.97 , 365.10 , -4.87 , 4614.90 , -0.02
345.63 , 389.44 , 43.81 , 4590.56 , 0.22
399.18 , 408.91 , 9.74 , 4571.08 , 0.05
413.78 , 418.65 , 4.87 , 4561.35 , 0.02
423.52 , 428.39 , 4.87 , 4551.61 , 0.02
433.26 , 433.26 , 0.00 , 4546.75 , 0.00
433.26 , 442.99 , 9.74 , 4537.01 , 0.05
447.86 , 447.86 , 0.00 , 4532.14 , 0.00
442.99 , 447.86 , 4.87 , 4532.14 , 0.02
447.86 , 457.60 , 9.74 , 4522.40 , 0.05
452.73 , 462.46 , 9.74 , 4517.54 , 0.05
457.60 , 467.33 , 9.74 , 4512.67 , 0.05
457.60 , 467.33 , 9.74 , 4512.67 , 0.05
457.60 , 477.07 , 19.47 , 4502.93 , 0.10
457.60 , 467.33 , 9.74 , 4512.67 , 0.05
457.60 , 477.07 , 19.47 , 4502.93 , 0.10
462.46 , 477.07 , 14.60 , 4502.93 , 0.07
462.46 , 481.94 , 19.47 , 4498.06 , 0.10
467.33 , 472.20 , 4.87 , 4507.80 , 0.02
467.33 , 481.94 , 14.60 , 4498.06 , 0.07
472.20 , 486.80 , 14.60 , 4493.20 , 0.07
472.20 , 486.80 , 14.60 , 4493.20 , 0.07
472.20 , 486.80 , 14.60 , 4493.20 , 0.07
477.07 , 491.67 , 14.60 , 4488.33 , 0.07
477.07 , 491.67 , 14.60 , 4488.33 , 0.07
477.07 , 496.54 , 19.47 , 4483.46 , 0.10
477.07 , 496.54 , 19.47 , 4483.46 , 0.10
481.94 , 496.54 , 14.60 , 4483.46 , 0.07
481.94 , 496.54 , 14.60 , 4483.46 , 0.07
481.94 , 501.41 , 19.47 , 4478.59 , 0.10
477.07 , 506.28 , 29.21 , 4473.72 , 0.15
481.94 , 501.41 , 19.47 , 4478.59 , 0.10
481.94 , 501.41 , 19.47 , 4478.59 , 0.10
481.94 , 506.28 , 24.34 , 4473.72 , 0.12
481.94 , 506.28 , 24.34 , 4473.72 , 0.12
486.80 , 511.14 , 24.34 , 4468.86 , 0.12
486.80 , 506.28 , 19.47 , 4473.72 , 0.10
486.80 , 511.14 , 24.34 , 4468.86 , 0.12
486.80 , 506.28 , 19.47 , 4473.72 , 0.10
486.80 , 511.14 , 24.34 , 4468.86 , 0.12
491.67 , 516.01 , 24.34 , 4463.99 , 0.12
486.80 , 516.01 , 29.21 , 4463.99 , 0.15
491.67 , 516.01 , 24.34 , 4463.99 , 0.12
491.67 , 520.88 , 29.21 , 4459.12 , 0.15
496.54 , 516.01 , 19.47 , 4463.99 , 0.10
491.67 , 520.88 , 29.21 , 4459.12 , 0.15
496.54 , 520.88 , 24.34 , 4459.12 , 0.12
496.54 , 520.88 , 24.34 , 4459.12 , 0.12
491.67 , 525.75 , 34.08 , 4454.25 , 0.17
496.54 , 530.62 , 34.08 , 4449.38 , 0.17
496.54 , 525.75 , 29.21 , 4454.25 , 0.15
496.54 , 530.62 , 34.08 , 4449.38 , 0.17
496.54 , 535.48 , 38.94 , 4444.52 , 0.19
501.41 , 530.62 , 29.21 , 4449.38 , 0.15
496.54 , 530.62 , 34.08 , 4449.38 , 0.17
501.41 , 530.62 , 29.21 , 4449.38 , 0.15
506.28 , 530.62 , 24.34 , 4449.38 , 0.12
501.41 , 540.35 , 38.94 , 4439.65 , 0.19
501.41 , 535.48 , 34.08 , 4444.52 , 0.17
506.28 , 540.35 , 34.08 , 4439.65 , 0.17
506.28 , 540.35 , 34.08 , 4439.65 , 0.17
506.28 , 545.22 , 38.94 , 4434.78 , 0.19
511.14 , 545.22 , 34.08 , 4434.78 , 0.17
506.28 , 545.22 , 38.94 , 4434.78 , 0.19
511.14 , 550.09 , 38.94 , 4429.91 , 0.19
511.14 , 550.09 , 38.94 , 4429.91 , 0.19
516.01 , 550.09 , 34.08 , 4429.91 , 0.17
511.14 , 550.09 , 38.94 , 4429.91 , 0.19
516.01 , 554.96 , 38.94 , 4425.04 , 0.19
511.14 , 559.82 , 48.68 , 4420.18 , 0.24
511.14 , 554.96 , 43.81 , 4425.04 , 0.22
516.01 , 559.82 , 43.81 , 4420.18 , 0.22
520.88 , 564.69 , 43.81 , 4415.31 , 0.22
520.88 , 564.69 , 43.81 , 4415.31 , 0.22
516.01 , 564.69 , 48.68 , 4415.31 , 0.24
516.01 , 569.56 , 53.55 , 4410.44 , 0.27
520.88 , 574.43 , 53.55 , 4405.57 , 0.27
520.88 , 574.43 , 53.55 , 4405.57 , 0.27
520.88 , 579.30 , 58.42 , 4400.70 , 0.29
520.88 , 579.30 , 58.42 , 4400.70 , 0.29
525.75 , 584.16 , 58.42 , 4395.84 , 0.29
520.88 , 589.03 , 68.15 , 4390.97 , 0.34
525.75 , 589.03 , 63.28 , 4390.97 , 0.32
525.75 , 584.16 , 58.42 , 4395.84 , 0.29
530.62 , 593.90 , 63.28 , 4386.10 , 0.32
530.62 , 598.77 , 68.15 , 4381.23 , 0.34
530.62 , 603.64 , 73.02 , 4376.36 , 0.37
535.48 , 603.64 , 68.15 , 4376.36 , 0.34
540.35 , 608.50 , 68.15 , 4371.50 , 0.34
535.48 , 613.37 , 77.89 , 4366.63 , 0.39
540.35 , 618.24 , 77.89 , 4361.76 , 0.39
540.35 , 627.98 , 87.62 , 4352.02 , 0.44
545.22 , 627.98 , 82.76 , 4352.02 , 0.41
545.22 , 637.71 , 92.49 , 4342.29 , 0.46
550.09 , 642.58 , 92.49 , 4337.42 , 0.46
550.09 , 642.58 , 92.49 , 4337.42 , 0.46
550.09 , 652.32 , 102.23 , 4327.68 , 0.51
554.96 , 662.05 , 107.10 , 4317.95 , 0.54
550.09 , 666.92 , 116.83 , 4313.08 , 0.58
559.82 , 676.66 , 116.83 , 4303.34 , 0.58
559.82 , 681.52 , 121.70 , 4298.47 , 0.61
559.82 , 696.13 , 136.30 , 4283.87 , 0.68
559.82 , 705.87 , 146.04 , 4274.13 , 0.73
564.69 , 715.60 , 150.91 , 4264.40 , 0.75
569.56 , 730.21 , 160.65 , 4249.79 , 0.80
574.43 , 739.94 , 165.51 , 4240.06 , 0.83
574.43 , 759.41 , 184.99 , 4220.59 , 0.92
579.30 , 778.89 , 199.59 , 4201.11 , 1.00
589.03 , 803.23 , 214.19 , 4176.77 , 1.07
593.90 , 832.43 , 238.53 , 4147.57 , 1.19
593.90 , 866.51 , 272.61 , 4113.49 , 1.36
603.64 , 905.45 , 301.82 , 4074.55 , 1.51
603.64 , 963.87 , 360.23 , 4016.13 , 1.80
613.37 , 1027.16 , 413.78 , 3952.84 , 2.07
627.98 , 1134.25 , 506.28 , 3845.75 , 2.53
637.71 , 1280.29 , 642.58 , 3699.71 , 3.21
657.18 , 1538.30 , 881.11 , 3441.70 , 4.41
681.52 , 2102.99 , 1421.47 , 2877.01 , 7.11
754.55 , 4381.23 , 3626.69 , 598.77 , 18.13
749.68 , 4376.36 , 3626.69 , 603.64 , 18.13
