68.15 , 63.28 , -4.87 , 4916.72 , -0.02
111.96 , 107.10 , -4.87 , 4872.90 , -0.02
146.04 , 146.04 , 0.00 , 4833.96 , 0.00
189.85 , 189.85 , 0.00 , 4790.15 , 0.00
223.93 , 223.93 , 0.00 , 4756.07 , 0.00
262.87 , 262.87 , 0.00 , 4717.13 , 0.00
301.82 , 301.82 , 0.00 , 4678.18 , 0.00
335.89 , 331.03 , -4.87 , 4648.97 , -0.02
365.10 , 365.10 , 0.00 , 4614.90 , 0.00
389.44 , 384.57 , -4.87 , 4595.43 , -0.02
408.91 , 418.65 , 9.74 , 4561.35 , 0.05
413.78 , 413.78 , 0.00 , 4566.22 , 0.00
423.52 , 428.39 , 4.87 , 4551.61 , 0.02
428.39 , 433.26 , 4.87 , 4546.75 , 0.02
438.12 , 442.99 , 4.87 , 4537.01 , 0.02
442.99 , 447.86 , 4.87 , 4532.14 , 0.02
442.99 , 452.73 , 9.74 , 4527.27 , 0.05
447.86 , 462.46 , 14.60 , 4517.54 , 0.07
452.73 , 457.60 , 4.87 , 4522.40 , 0.02
452.73 , 462.46 , 9.74 , 4517.54 , 0.05
457.60 , 467.33 , 9.74 , 4512.67 , 0.05
457.60 , 472.20 , 14.60 , 4507.80 , 0.07
462.46 , 472.20 , 9.74 , 4507.80 , 0.05
462.46 , 477.07 , 14.60 , 4502.93 , 0.07
462.46 , 477.07 , 14.60 , 4502.93 , 0.07
467.33 , 477.07 , 9.74 , 4502.93 , 0.05
467.33 , 481.94 , 14.60 , 4498.06 , 0.07
467.33 , 481.94 , 14.60 , 4498.06 , 0.07
472.20 , 486.80 , 14.60 , 4493.20 , 0.07
472.20 , 486.80 , 14.60 , 4493.20 , 0.07
472.20 , 491.67 , 19.47 , 4488.33 , 0.10
472.20 , 486.80 , 14.60 , 4493.20 , 0.07
477.07 , 491.67 , 14.60 , 4488.33 , 0.07
477.07 , 491.67 , 14.60 , 4488.33 , 0.07
477.07 , 496.54 , 19.47 , 4483.46 , 0.10
477.07 , 496.54 , 19.47 , 4483.46 , 0.10
477.07 , 496.54 , 19.47 , 4483.46 , 0.10
477.07 , 496.54 , 19.47 , 4483.46 , 0.10
481.94 , 501.41 , 19.47 , 4478.59 , 0.10
481.94 , 506.28 , 24.34 , 4473.72 , 0.12
481.94 , 506.28 , 24.34 , 4473.72 , 0.12
486.80 , 501.41 , 14.60 , 4478.59 , 0.07
481.94 , 506.28 , 24.34 , 4473.72 , 0.12
486.80 , 506.28 , 19.47 , 4473.72 , 0.10
486.80 , 506.28 , 19.47 , 4473.72 , 0.10
486.80 , 511.14 , 24.34 , 4468.86 , 0.12
486.80 , 516.01 , 29.21 , 4463.99 , 0.15
491.67 , 511.14 , 19.47 , 4468.86 , 0.10
486.80 , 511.14 , 24.34 , 4468.86 , 0.12
486.80 , 516.01 , 29.21 , 4463.99 , 0.15
491.67 , 520.88 , 29.21 , 4459.12 , 0.15
496.54 , 520.88 , 24.34 , 4459.12 , 0.12
491.67 , 516.01 , 24.34 , 4463.99 , 0.12
491.67 , 520.88 , 29.21 , 4459.12 , 0.15
496.54 , 520.88 , 24.34 , 4459.12 , 0.12
496.54 , 520.88 , 24.34 , 4459.12 , 0.12
496.54 , 525.75 , 29.21 , 4454.25 , 0.15
496.54 , 525.75 , 29.21 , 4454.25 , 0.15
496.54 , 525.75 , 29.21 , 4454.25 , 0.15
496.54 , 530.62 , 34.08 , 4449.38 , 0.17
496.54 , 535.48 , 38.94 , 4444.52 , 0.19
501.41 , 535.48 , 34.08 , 4444.52 , 0.17
501.41 , 530.62 , 29.21 , 4449.38 , 0.15
501.41 , 535.48 , 34.08 , 4444.52 , 0.17
501.41 , 535.48 , 34.08 , 4444.52 , 0.17
501.41 , 535.48 , 34.08 , 4444.52 , 0.17
501.41 , 540.35 , 38.94 , 4439.65 , 0.19
506.28 , 535.48 , 29.21 , 4444.52 , 0.15
506.28 , 545.22 , 38.94 , 4434.78 , 0.19
506.28 , 540.35 , 34.08 , 4439.65 , 0.17
506.28 , 550.09 , 43.81 , 4429.91 , 0.22
506.28 , 550.09 , 43.81 , 4429.91 , 0.22
511.14 , 550.09 , 38.94 , 4429.91 , 0.19
511.14 , 550.09 , 38.94 , 4429.91 , 0.19
516.01 , 554.96 , 38.94 , 4425.04 , 0.19
511.14 , 559.82 , 48.68 , 4420.18 , 0.24
516.01 , 554.96 , 38.94 , 4425.04 , 0.19
511.14 , 554.96 , 43.81 , 4425.04 , 0.22
516.01 , 559.82 , 43.81 , 4420.18 , 0.22
516.01 , 564.69 , 48.68 , 4415.31 , 0.24
516.01 , 564.69 , 48.68 , 4415.31 , 0.24
520.88 , 564.69 , 43.81 , 4415.31 , 0.22
520.88 , 569.56 , 48.68 , 4410.44 , 0.24
520.88 , 569.56 , 48.68 , 4410.44 , 0.24
520.88 , 574.43 , 53.55 , 4405.57 , 0.27
525.75 , 574.43 , 48.68 , 4405.57 , 0.24
520.88 , 574.43 , 53.55 , 4405.57 , 0.27
525.75 , 584.16 , 58.42 , 4395.84 , 0.29
525.75 , 584.16 , 58.42 , 4395.84 , 0.29
525.75 , 589.03 , 63.28 , 4390.97 , 0.32
525.75 , 589.03 , 63.28 , 4390.97 , 0.32
535.48 , 589.03 , 53.55 , 4390.97 , 0.27
530.62 , 593.90 , 63.28 , 4386.10 , 0.32
530.62 , 598.77 , 68.15 , 4381.23 , 0.34
530.62 , 603.64 , 73.02 , 4376.36 , 0.37
535.48 , 603.64 , 68.15 , 4376.36 , 0.34
540.35 , 613.37 , 73.02 , 4366.63 , 0.37
535.48 , 613.37 , 77.89 , 4366.63 , 0.39
540.35 , 618.24 , 77.89 , 4361.76 , 0.39
540.35 , 623.11 , 82.76 , 4356.89 , 0.41
540.35 , 632.84 , 92.49 , 4347.16 , 0.46
545.22 , 632.84 , 87.62 , 4347.16 , 0.44
550.09 , 637.71 , 87.62 , 4342.29 , 0.44
545.22 , 647.45 , 102.23 , 4332.55 , 0.51
550.09 , 652.32 , 102.23 , 4327.68 , 0.51
554.96 , 657.18 , 102.23 , 4322.82 , 0.51
550.09 , 671.79 , 121.70 , 4308.21 , 0.61
554.96 , 676.66 , 121.70 , 4303.34 , 0.61
559.82 , 691.26 , 131.44 , 4288.74 , 0.66
564.69 , 696.13 , 131.44 , 4283.87 , 0.66
564.69 , 705.87 , 141.17 , 4274.13 , 0.71
569.56 , 715.60 , 146.04 , 4264.40 , 0.73
574.43 , 730.21 , 155.78 , 4249.79 , 0.78
574.43 , 749.68 , 175.25 , 4230.32 , 0.88
579.30 , 764.28 , 184.99 , 4215.72 , 0.92
584.16 , 783.75 , 199.59 , 4196.25 , 1.00
589.03 , 803.23 , 214.19 , 4176.77 , 1.07
593.90 , 832.43 , 238.53 , 4147.57 , 1.19
598.77 , 866.51 , 267.74 , 4113.49 , 1.34
598.77 , 910.32 , 311.55 , 4069.68 , 1.56
613.37 , 963.87 , 350.50 , 4016.13 , 1.75
623.11 , 1032.02 , 408.91 , 3947.98 , 2.04
627.98 , 1129.38 , 501.41 , 3850.62 , 2.51
642.58 , 1280.29 , 637.71 , 3699.71 , 3.19
657.18 , 1543.17 , 885.98 , 3436.83 , 4.43
686.39 , 2107.86 , 1421.47 , 2872.14 , 7.11
759.41 , 4425.04 , 3665.63 , 554.96 , 18.33
754.55 , 4425.04 , 3670.50 , 554.96 , 18.35
