68.15 , 63.28 , -4.87 , 4916.72 , -0.02
107.10 , 107.10 , 0.00 , 4872.90 , 0.00
146.04 , 146.04 , 0.00 , 4833.96 , 0.00
180.12 , 199.59 , 19.47 , 4780.41 , 0.10
223.93 , 219.06 , -4.87 , 4760.94 , -0.02
262.87 , 262.87 , 0.00 , 4717.13 , 0.00
296.95 , 296.95 , 0.00 , 4683.05 , 0.00
335.89 , 335.89 , 0.00 , 4644.11 , 0.00
365.10 , 365.10 , 0.00 , 4614.90 , 0.00
384.57 , 389.44 , 4.87 , 4590.56 , 0.02
399.18 , 408.91 , 9.74 , 4571.08 , 0.05
413.78 , 418.65 , 4.87 , 4561.35 , 0.02
418.65 , 428.39 , 9.74 , 4551.61 , 0.05
428.39 , 433.26 , 4.87 , 4546.75 , 0.02
438.12 , 442.99 , 4.87 , 4537.01 , 0.02
442.99 , 447.86 , 4.87 , 4532.14 , 0.02
447.86 , 452.73 , 4.87 , 4527.27 , 0.02
447.86 , 457.60 , 9.74 , 4522.40 , 0.05
452.73 , 462.46 , 9.74 , 4517.54 , 0.05
452.73 , 467.33 , 14.60 , 4512.67 , 0.07
452.73 , 472.20 , 19.47 , 4507.80 , 0.10
452.73 , 472.20 , 19.47 , 4507.80 , 0.10
457.60 , 472.20 , 14.60 , 4507.80 , 0.07
467.33 , 481.94 , 14.60 , 4498.06 , 0.07
462.46 , 477.07 , 14.60 , 4502.93 , 0.07
467.33 , 477.07 , 9.74 , 4502.93 , 0.05
467.33 , 481.94 , 14.60 , 4498.06 , 0.07
467.33 , 486.80 , 19.47 , 4493.20 , 0.10
467.33 , 486.80 , 19.47 , 4493.20 , 0.10
472.20 , 491.67 , 19.47 , 4488.33 , 0.10
472.20 , 486.80 , 14.60 , 4493.20 , 0.07
472.20 , 491.67 , 19.47 , 4488.33 , 0.10
472.20 , 491.67 , 19.47 , 4488.33 , 0.10
477.07 , 496.54 , 19.47 , 4483.46 , 0.10
481.94 , 491.67 , 9.74 , 4488.33 , 0.05
481.94 , 496.54 , 14.60 , 4483.46 , 0.07
481.94 , 496.54 , 14.60 , 4483.46 , 0.07
481.94 , 501.41 , 19.47 , 4478.59 , 0.10
481.94 , 501.41 , 19.47 , 4478.59 , 0.10
486.80 , 501.41 , 14.60 , 4478.59 , 0.07
481.94 , 506.28 , 24.34 , 4473.72 , 0.12
481.94 , 506.28 , 24.34 , 4473.72 , 0.12
481.94 , 501.41 , 19.47 , 4478.59 , 0.10
486.80 , 506.28 , 19.47 , 4473.72 , 0.10
486.80 , 506.28 , 19.47 , 4473.72 , 0.10
491.67 , 511.14 , 19.47 , 4468.86 , 0.10
486.80 , 511.14 , 24.34 , 4468.86 , 0.12
486.80 , 516.01 , 29.21 , 4463.99 , 0.15
491.67 , 516.01 , 24.34 , 4463.99 , 0.12
491.67 , 516.01 , 24.34 , 4463.99 , 0.12
491.67 , 516.01 , 24.34 , 4463.99 , 0.12
491.67 , 520.88 , 29.21 , 4459.12 , 0.15
496.54 , 516.01 , 19.47 , 4463.99 , 0.10
491.67 , 520.88 , 29.21 , 4459.12 , 0.15
491.67 , 516.01 , 24.34 , 4463.99 , 0.12
496.54 , 525.75 , 29.21 , 4454.25 , 0.15
491.67 , 525.75 , 34.08 , 4454.25 , 0.17
496.54 , 525.75 , 29.21 , 4454.25 , 0.15
496.54 , 530.62 , 34.08 , 4449.38 , 0.17
496.54 , 525.75 , 29.21 , 4454.25 , 0.15
501.41 , 525.75 , 24.34 , 4454.25 , 0.12
501.41 , 535.48 , 34.08 , 4444.52 , 0.17
501.41 , 530.62 , 29.21 , 4449.38 , 0.15
501.41 , 535.48 , 34.08 , 4444.52 , 0.17
501.41 , 535.48 , 34.08 , 4444.52 , 0.17
501.41 , 535.48 , 34.08 , 4444.52 , 0.17
501.41 , 535.48 , 34.08 , 4444.52 , 0.17
501.41 , 540.35 , 38.94 , 4439.65 , 0.19
501.41 , 540.35 , 38.94 , 4439.65 , 0.19
506.28 , 545.22 , 38.94 , 4434.78 , 0.19
511.14 , 545.22 , 34.08 , 4434.78 , 0.17
511.14 , 550.09 , 38.94 , 4429.91 , 0.19
506.28 , 550.09 , 43.81 , 4429.91 , 0.22
511.14 , 550.09 , 38.94 , 4429.91 , 0.19
516.01 , 554.96 , 38.94 , 4425.04 , 0.19
511.14 , 554.96 , 43.81 , 4425.04 , 0.22
511.14 , 554.96 , 43.81 , 4425.04 , 0.22
511.14 , 554.96 , 43.81 , 4425.04 , 0.22
516.01 , 559.82 , 43.81 , 4420.18 , 0.22
516.01 , 559.82 , 43.81 , 4420.18 , 0.22
516.01 , 564.69 , 48.68 , 4415.31 , 0.24
520.88 , 564.69 , 43.81 , 4415.31 , 0.22
520.88 , 564.69 , 43.81 , 4415.31 , 0.22
516.01 , 569.56 , 53.55 , 4410.44 , 0.27
520.88 , 569.56 , 48.68 , 4410.44 , 0.24
525.75 , 579.30 , 53.55 , 4400.70 , 0.27
520.88 , 579.30 , 58.42 , 4400.70 , 0.29
525.75 , 579.30 , 53.55 , 4400.70 , 0.27
525.75 , 579.30 , 53.55 , 4400.70 , 0.27
525.75 , 584.16 , 58.42 , 4395.84 , 0.29
530.62 , 589.03 , 58.42 , 4390.97 , 0.29
530.62 , 589.03 , 58.42 , 4390.97 , 0.29
530.62 , 593.90 , 63.28 , 4386.10 , 0.32
530.62 , 598.77 , 68.15 , 4381.23 , 0.34
530.62 , 603.64 , 73.02 , 4376.36 , 0.37
530.62 , 608.50 , 77.89 , 4371.50 , 0.39
540.35 , 608.50 , 68.15 , 4371.50 , 0.34
535.48 , 613.37 , 77.89 , 4366.63 , 0.39
540.35 , 618.24 , 77.89 , 4361.76 , 0.39
540.35 , 623.11 , 82.76 , 4356.89 , 0.41
545.22 , 632.84 , 87.62 , 4347.16 , 0.44
545.22 , 632.84 , 87.62 , 4347.16 , 0.44
545.22 , 642.58 , 97.36 , 4337.42 , 0.49
550.09 , 647.45 , 97.36 , 4332.55 , 0.49
550.09 , 647.45 , 97.36 , 4332.55 , 0.49
554.96 , 662.05 , 107.10 , 4317.95 , 0.54
559.82 , 666.92 , 107.10 , 4313.08 , 0.54
559.82 , 676.66 , 116.83 , 4303.34 , 0.58
559.82 , 681.52 , 121.70 , 4298.47 , 0.61
559.82 , 691.26 , 131.44 , 4288.74 , 0.66
564.69 , 705.87 , 141.17 , 4274.13 , 0.71
569.56 , 720.47 , 150.91 , 4259.53 , 0.75
569.56 , 730.21 , 160.65 , 4249.79 , 0.80
574.43 , 739.94 , 165.51 , 4240.06 , 0.83
574.43 , 764.28 , 189.85 , 4215.72 , 0.95
579.30 , 778.89 , 199.59 , 4201.11 , 1.00
584.16 , 808.09 , 223.93 , 4171.91 , 1.12
593.90 , 837.30 , 243.40 , 4142.70 , 1.22
593.90 , 866.51 , 272.61 , 4113.49 , 1.36
598.77 , 905.45 , 306.69 , 4074.55 , 1.53
608.50 , 963.87 , 355.37 , 4016.13 , 1.78
618.24 , 1032.02 , 413.78 , 3947.98 , 2.07
627.98 , 1143.99 , 516.01 , 3836.01 , 2.58
637.71 , 1280.29 , 642.58 , 3699.71 , 3.21
657.18 , 1543.17 , 885.98 , 3436.83 , 4.43
686.39 , 2107.86 , 1421.47 , 2872.14 , 7.11
754.55 , 4429.91 , 3675.37 , 550.09 , 18.38
754.55 , 4425.04 , 3670.50 , 554.96 , 18.35
