68.15 , 73.02 , 4.87 , 4906.98 , 0.02
87.62 , 170.38 , 82.76 , 4809.62 , 0.41
146.04 , 150.91 , 4.87 , 4829.09 , 0.02
180.12 , 180.12 , 0.00 , 4799.88 , 0.00
223.93 , 219.06 , -4.87 , 4760.94 , -0.02
267.74 , 267.74 , 0.00 , 4712.26 , 0.00
301.82 , 301.82 , 0.00 , 4678.18 , 0.00
340.76 , 331.03 , -9.74 , 4648.97 , -0.05
365.10 , 350.50 , -14.60 , 4629.50 , -0.07
389.44 , 384.57 , -4.87 , 4595.43 , -0.02
404.05 , 404.05 , 0.00 , 4575.95 , 0.00
413.78 , 413.78 , 0.00 , 4566.22 , 0.00
423.52 , 428.39 , 4.87 , 4551.61 , 0.02
428.39 , 438.12 , 9.74 , 4541.88 , 0.05
438.12 , 447.86 , 9.74 , 4532.14 , 0.05
438.12 , 447.86 , 9.74 , 4532.14 , 0.05
442.99 , 452.73 , 9.74 , 4527.27 , 0.05
452.73 , 457.60 , 4.87 , 4522.40 , 0.02
452.73 , 462.46 , 9.74 , 4517.54 , 0.05
452.73 , 467.33 , 14.60 , 4512.67 , 0.07
457.60 , 467.33 , 9.74 , 4512.67 , 0.05
457.60 , 472.20 , 14.60 , 4507.80 , 0.07
462.46 , 472.20 , 9.74 , 4507.80 , 0.05
462.46 , 477.07 , 14.60 , 4502.93 , 0.07
467.33 , 477.07 , 9.74 , 4502.93 , 0.05
467.33 , 477.07 , 9.74 , 4502.93 , 0.05
467.33 , 481.94 , 14.60 , 4498.06 , 0.07
467.33 , 486.80 , 19.47 , 4493.20 , 0.10
472.20 , 481.94 , 9.74 , 4498.06 , 0.05
472.20 , 486.80 , 14.60 , 4493.20 , 0.07
477.07 , 491.67 , 14.60 , 4488.33 , 0.07
477.07 , 491.67 , 14.60 , 4488.33 , 0.07
477.07 , 491.67 , 14.60 , 4488.33 , 0.07
477.07 , 496.54 , 19.47 , 4483.46 , 0.10
481.94 , 496.54 , 14.60 , 4483.46 , 0.07
481.94 , 496.54 , 14.60 , 4483.46 , 0.07
477.07 , 501.41 , 24.34 , 4478.59 , 0.12
481.94 , 496.54 , 14.60 , 4483.46 , 0.07
477.07 , 501.41 , 24.34 , 4478.59 , 0.12
481.94 , 501.41 , 19.47 , 4478.59 , 0.10
486.80 , 506.28 , 19.47 , 4473.72 , 0.10
486.80 , 506.28 , 19.47 , 4473.72 , 0.10
481.94 , 501.41 , 19.47 , 4478.59 , 0.10
486.80 , 506.28 , 19.47 , 4473.72 , 0.10
491.67 , 506.28 , 14.60 , 4473.72 , 0.07
486.80 , 516.01 , 29.21 , 4463.99 , 0.15
486.80 , 516.01 , 29.21 , 4463.99 , 0.15
486.80 , 516.01 , 29.21 , 4463.99 , 0.15
491.67 , 511.14 , 19.47 , 4468.86 , 0.10
486.80 , 516.01 , 29.21 , 4463.99 , 0.15
486.80 , 520.88 , 34.08 , 4459.12 , 0.17
491.67 , 520.88 , 29.21 , 4459.12 , 0.15
491.67 , 516.01 , 24.34 , 4463.99 , 0.12
491.67 , 520.88 , 29.21 , 4459.12 , 0.15
491.67 , 520.88 , 29.21 , 4459.12 , 0.15
491.67 , 525.75 , 34.08 , 4454.25 , 0.17
496.54 , 525.75 , 29.21 , 4454.25 , 0.15
496.54 , 525.75 , 29.21 , 4454.25 , 0.15
496.54 , 530.62 , 34.08 , 4449.38 , 0.17
496.54 , 525.75 , 29.21 , 4454.25 , 0.15
501.41 , 530.62 , 29.21 , 4449.38 , 0.15
501.41 , 535.48 , 34.08 , 4444.52 , 0.17
496.54 , 535.48 , 38.94 , 4444.52 , 0.19
501.41 , 535.48 , 34.08 , 4444.52 , 0.17
496.54 , 535.48 , 38.94 , 4444.52 , 0.19
506.28 , 540.35 , 34.08 , 4439.65 , 0.17
501.41 , 535.48 , 34.08 , 4444.52 , 0.17
506.28 , 540.35 , 34.08 , 4439.65 , 0.17
506.28 , 540.35 , 34.08 , 4439.65 , 0.17
506.28 , 540.35 , 34.08 , 4439.65 , 0.17
506.28 , 550.09 , 43.81 , 4429.91 , 0.22
506.28 , 545.22 , 38.94 , 4434.78 , 0.19
506.28 , 550.09 , 43.81 , 4429.91 , 0.22
511.14 , 554.96 , 43.81 , 4425.04 , 0.22
516.01 , 550.09 , 34.08 , 4429.91 , 0.17
511.14 , 554.96 , 43.81 , 4425.04 , 0.22
511.14 , 554.96 , 43.81 , 4425.04 , 0.22
511.14 , 559.82 , 48.68 , 4420.18 , 0.24
516.01 , 559.82 , 43.81 , 4420.18 , 0.22
511.14 , 564.69 , 53.55 , 4415.31 , 0.27
520.88 , 564.69 , 43.81 , 4415.31 , 0.22
516.01 , 569.56 , 53.55 , 4410.44 , 0.27
516.01 , 569.56 , 53.55 , 4410.44 , 0.27
516.01 , 569.56 , 53.55 , 4410.44 , 0.27
525.75 , 574.43 , 48.68 , 4405.57 , 0.24
525.75 , 574.43 , 48.68 , 4405.57 , 0.24
520.88 , 579.30 , 58.42 , 4400.70 , 0.29
520.88 , 584.16 , 63.28 , 4395.84 , 0.32
525.75 , 589.03 , 63.28 , 4390.97 , 0.32
525.75 , 584.16 , 58.42 , 4395.84 , 0.29
525.75 , 589.03 , 63.28 , 4390.97 , 0.32
530.62 , 593.90 , 63.28 , 4386.10 , 0.32
530.62 , 593.90 , 63.28 , 4386.10 , 0.32
535.48 , 598.77 , 63.28 , 4381.23 , 0.32
535.48 , 603.64 , 68.15 , 4376.36 , 0.34
530.62 , 603.64 , 73.02 , 4376.36 , 0.37
540.35 , 608.50 , 68.15 , 4371.50 , 0.34
540.35 , 618.24 , 77.89 , 4361.76 , 0.39
540.35 , 613.37 , 73.02 , 4366.63 , 0.37
545.22 , 623.11 , 77.89 , 4356.89 , 0.39
540.35 , 627.98 , 87.62 , 4352.02 , 0.44
540.35 , 632.84 , 92.49 , 4347.16 , 0.46
545.22 , 642.58 , 97.36 , 4337.42 , 0.49
550.09 , 647.45 , 97.36 , 4332.55 , 0.49
550.09 , 652.32 , 102.23 , 4327.68 , 0.51
550.09 , 662.05 , 111.96 , 4317.95 , 0.56
559.82 , 666.92 , 107.10 , 4313.08 , 0.54
559.82 , 676.66 , 116.83 , 4303.34 , 0.58
559.82 , 686.39 , 126.57 , 4293.61 , 0.63
559.82 , 696.13 , 136.30 , 4283.87 , 0.68
564.69 , 705.87 , 141.17 , 4274.13 , 0.71
569.56 , 720.47 , 150.91 , 4259.53 , 0.75
569.56 , 725.34 , 155.78 , 4254.66 , 0.78
574.43 , 744.81 , 170.38 , 4235.19 , 0.85
579.30 , 759.41 , 180.12 , 4220.59 , 0.90
579.30 , 778.89 , 199.59 , 4201.11 , 1.00
584.16 , 803.23 , 219.06 , 4176.77 , 1.10
589.03 , 837.30 , 248.27 , 4142.70 , 1.24
593.90 , 866.51 , 272.61 , 4113.49 , 1.36
603.64 , 905.45 , 301.82 , 4074.55 , 1.51
608.50 , 963.87 , 355.37 , 4016.13 , 1.78
613.37 , 1032.02 , 418.65 , 3947.98 , 2.09
627.98 , 1129.38 , 501.41 , 3850.62 , 2.51
637.71 , 1280.29 , 642.58 , 3699.71 , 3.21
662.05 , 1538.30 , 876.25 , 3441.70 , 4.38
681.52 , 2102.99 , 1421.47 , 2877.01 , 7.11
749.68 , 4381.23 , 3631.55 , 598.77 , 18.16
749.68 , 4381.23 , 3631.55 , 598.77 , 18.16
