63.28 , 68.15 , 4.87 , 4911.85 , 0.02
102.23 , 107.10 , 4.87 , 4872.90 , 0.02
141.17 , 146.04 , 4.87 , 4833.96 , 0.02
180.12 , 180.12 , 0.00 , 4799.88 , 0.00
228.80 , 223.93 , -4.87 , 4756.07 , -0.02
262.87 , 262.87 , 0.00 , 4717.13 , 0.00
301.82 , 301.82 , 0.00 , 4678.18 , 0.00
335.89 , 335.89 , 0.00 , 4644.11 , 0.00
360.23 , 360.23 , 0.00 , 4619.77 , 0.00
389.44 , 389.44 , 0.00 , 4590.56 , 0.00
404.05 , 404.05 , 0.00 , 4575.95 , 0.00
413.78 , 418.65 , 4.87 , 4561.35 , 0.02
423.52 , 428.39 , 4.87 , 4551.61 , 0.02
428.39 , 438.12 , 9.74 , 4541.88 , 0.05
433.26 , 442.99 , 9.74 , 4537.01 , 0.05
442.99 , 447.86 , 4.87 , 4532.14 , 0.02
447.86 , 447.86 , 0.00 , 4532.14 , 0.00
447.86 , 462.46 , 14.60 , 4517.54 , 0.07
447.86 , 462.46 , 14.60 , 4517.54 , 0.07
452.73 , 467.33 , 14.60 , 4512.67 , 0.07
457.60 , 462.46 , 4.87 , 4517.54 , 0.02
457.60 , 467.33 , 9.74 , 4512.67 , 0.05
462.46 , 472.20 , 9.74 , 4507.80 , 0.05
462.46 , 477.07 , 14.60 , 4502.93 , 0.07
467.33 , 481.94 , 14.60 , 4498.06 , 0.07
462.46 , 481.94 , 19.47 , 4498.06 , 0.10
467.33 , 486.80 , 19.47 , 4493.20 , 0.10
467.33 , 481.94 , 14.60 , 4498.06 , 0.07
472.20 , 486.80 , 14.60 , 4493.20 , 0.07
472.20 , 486.80 , 14.60 , 4493.20 , 0.07
472.20 , 486.80 , 14.60 , 4493.20 , 0.07
477.07 , 486.80 , 9.74 , 4493.20 , 0.05
472.20 , 491.67 , 19.47 , 4488.33 , 0.10
477.07 , 496.54 , 19.47 , 4483.46 , 0.10
481.94 , 501.41 , 19.47 , 4478.59 , 0.10
481.94 , 496.54 , 14.60 , 4483.46 , 0.07
481.94 , 496.54 , 14.60 , 4483.46 , 0.07
481.94 , 501.41 , 19.47 , 4478.59 , 0.10
486.80 , 506.28 , 19.47 , 4473.72 , 0.10
481.94 , 501.41 , 19.47 , 4478.59 , 0.10
481.94 , 506.28 , 24.34 , 4473.72 , 0.12
481.94 , 506.28 , 24.34 , 4473.72 , 0.12
481.94 , 506.28 , 24.34 , 4473.72 , 0.12
486.80 , 511.14 , 24.34 , 4468.86 , 0.12
486.80 , 511.14 , 24.34 , 4468.86 , 0.12
491.67 , 511.14 , 19.47 , 4468.86 , 0.10
491.67 , 511.14 , 19.47 , 4468.86 , 0.10
491.67 , 506.28 , 14.60 , 4473.72 , 0.07
486.80 , 516.01 , 29.21 , 4463.99 , 0.15
491.67 , 516.01 , 24.34 , 4463.99 , 0.12
491.67 , 516.01 , 24.34 , 4463.99 , 0.12
496.54 , 516.01 , 19.47 , 4463.99 , 0.10
491.67 , 520.88 , 29.21 , 4459.12 , 0.15
491.67 , 520.88 , 29.21 , 4459.12 , 0.15
491.67 , 520.88 , 29.21 , 4459.12 , 0.15
491.67 , 520.88 , 29.21 , 4459.12 , 0.15
496.54 , 525.75 , 29.21 , 4454.25 , 0.15
496.54 , 525.75 , 29.21 , 4454.25 , 0.15
496.54 , 525.75 , 29.21 , 4454.25 , 0.15
501.41 , 530.62 , 29.21 , 4449.38 , 0.15
501.41 , 530.62 , 29.21 , 4449.38 , 0.15
501.41 , 530.62 , 29.21 , 4449.38 , 0.15
496.54 , 530.62 , 34.08 , 4449.38 , 0.17
501.41 , 535.48 , 34.08 , 4444.52 , 0.17
506.28 , 535.48 , 29.21 , 4444.52 , 0.15
506.28 , 540.35 , 34.08 , 4439.65 , 0.17
506.28 , 545.22 , 38.94 , 4434.78 , 0.19
506.28 , 540.35 , 34.08 , 4439.65 , 0.17
506.28 , 540.35 , 34.08 , 4439.65 , 0.17
506.28 , 545.22 , 38.94 , 4434.78 , 0.19
506.28 , 550.09 , 43.81 , 4429.91 , 0.22
506.28 , 545.22 , 38.94 , 4434.78 , 0.19
511.14 , 550.09 , 38.94 , 4429.91 , 0.19
511.14 , 550.09 , 38.94 , 4429.91 , 0.19
506.28 , 550.09 , 43.81 , 4429.91 , 0.22
516.01 , 554.96 , 38.94 , 4425.04 , 0.19
511.14 , 554.96 , 43.81 , 4425.04 , 0.22
511.14 , 554.96 , 43.81 , 4425.04 , 0.22
516.01 , 559.82 , 43.81 , 4420.18 , 0.22
511.14 , 559.82 , 48.68 , 4420.18 , 0.24
516.01 , 564.69 , 48.68 , 4415.31 , 0.24
516.01 , 564.69 , 48.68 , 4415.31 , 0.24
520.88 , 569.56 , 48.68 , 4410.44 , 0.24
516.01 , 574.43 , 58.42 , 4405.57 , 0.29
525.75 , 574.43 , 48.68 , 4405.57 , 0.24
525.75 , 574.43 , 48.68 , 4405.57 , 0.24
520.88 , 579.30 , 58.42 , 4400.70 , 0.29
525.75 , 584.16 , 58.42 , 4395.84 , 0.29
525.75 , 584.16 , 58.42 , 4395.84 , 0.29
525.75 , 584.16 , 58.42 , 4395.84 , 0.29
530.62 , 589.03 , 58.42 , 4390.97 , 0.29
530.62 , 589.03 , 58.42 , 4390.97 , 0.29
530.62 , 598.77 , 68.15 , 4381.23 , 0.34
530.62 , 598.77 , 68.15 , 4381.23 , 0.34
530.62 , 603.64 , 73.02 , 4376.36 , 0.37
535.48 , 608.50 , 73.02 , 4371.50 , 0.37
535.48 , 608.50 , 73.02 , 4371.50 , 0.37
535.48 , 613.37 , 77.89 , 4366.63 , 0.39
540.35 , 623.11 , 82.76 , 4356.89 , 0.41
540.35 , 623.11 , 82.76 , 4356.89 , 0.41
540.35 , 627.98 , 87.62 , 4352.02 , 0.44
545.22 , 637.71 , 92.49 , 4342.29 , 0.46
550.09 , 642.58 , 92.49 , 4337.42 , 0.46
550.09 , 647.45 , 97.36 , 4332.55 , 0.49
550.09 , 652.32 , 102.23 , 4327.68 , 0.51
550.09 , 657.18 , 107.10 , 4322.82 , 0.54
554.96 , 662.05 , 107.10 , 4317.95 , 0.54
554.96 , 676.66 , 121.70 , 4303.34 , 0.61
559.82 , 686.39 , 126.57 , 4293.61 , 0.63
559.82 , 696.13 , 136.30 , 4283.87 , 0.68
564.69 , 705.87 , 141.17 , 4274.13 , 0.71
569.56 , 720.47 , 150.91 , 4259.53 , 0.75
569.56 , 725.34 , 155.78 , 4254.66 , 0.78
574.43 , 744.81 , 170.38 , 4235.19 , 0.85
579.30 , 759.41 , 180.12 , 4220.59 , 0.90
584.16 , 783.75 , 199.59 , 4196.25 , 1.00
584.16 , 808.09 , 223.93 , 4171.91 , 1.12
589.03 , 827.57 , 238.53 , 4152.43 , 1.19
598.77 , 866.51 , 267.74 , 4113.49 , 1.34
598.77 , 905.45 , 306.69 , 4074.55 , 1.53
608.50 , 959.00 , 350.50 , 4021.00 , 1.75
623.11 , 1032.02 , 408.91 , 3947.98 , 2.04
632.84 , 1129.38 , 496.54 , 3850.62 , 2.48
637.71 , 1280.29 , 642.58 , 3699.71 , 3.21
657.18 , 1543.17 , 885.98 , 3436.83 , 4.43
686.39 , 2107.86 , 1421.47 , 2872.14 , 7.11
754.55 , 4429.91 , 3675.37 , 550.09 , 18.38
749.68 , 4420.18 , 3670.50 , 559.82 , 18.35
