68.15 , 68.15 , 0.00 , 4911.85 , 0.00
107.10 , 102.23 , -4.87 , 4877.77 , -0.02
146.04 , 146.04 , 0.00 , 4833.96 , 0.00
184.99 , 180.12 , -4.87 , 4799.88 , -0.02
228.80 , 223.93 , -4.87 , 4756.07 , -0.02
262.87 , 262.87 , 0.00 , 4717.13 , 0.00
321.29 , 296.95 , -24.34 , 4683.05 , -0.12
335.89 , 335.89 , 0.00 , 4644.11 , 0.00
369.97 , 365.10 , -4.87 , 4614.90 , -0.02
384.57 , 389.44 , 4.87 , 4590.56 , 0.02
404.05 , 404.05 , 0.00 , 4575.95 , 0.00
408.91 , 418.65 , 9.74 , 4561.35 , 0.05
428.39 , 423.52 , -4.87 , 4556.48 , -0.02
433.26 , 438.12 , 4.87 , 4541.88 , 0.02
433.26 , 442.99 , 9.74 , 4537.01 , 0.05
438.12 , 447.86 , 9.74 , 4532.14 , 0.05
442.99 , 452.73 , 9.74 , 4527.27 , 0.05
447.86 , 457.60 , 9.74 , 4522.40 , 0.05
452.73 , 462.46 , 9.74 , 4517.54 , 0.05
452.73 , 462.46 , 9.74 , 4517.54 , 0.05
452.73 , 472.20 , 19.47 , 4507.80 , 0.10
457.60 , 467.33 , 9.74 , 4512.67 , 0.05
457.60 , 472.20 , 14.60 , 4507.80 , 0.07
467.33 , 472.20 , 4.87 , 4507.80 , 0.02
462.46 , 477.07 , 14.60 , 4502.93 , 0.07
467.33 , 477.07 , 9.74 , 4502.93 , 0.05
467.33 , 477.07 , 9.74 , 4502.93 , 0.05
472.20 , 481.94 , 9.74 , 4498.06 , 0.05
472.20 , 486.80 , 14.60 , 4493.20 , 0.07
472.20 , 481.94 , 9.74 , 4498.06 , 0.05
477.07 , 491.67 , 14.60 , 4488.33 , 0.07
467.33 , 486.80 , 19.47 , 4493.20 , 0.10
472.20 , 486.80 , 14.60 , 4493.20 , 0.07
477.07 , 496.54 , 19.47 , 4483.46 , 0.10
477.07 , 491.67 , 14.60 , 4488.33 , 0.07
481.94 , 496.54 , 14.60 , 4483.46 , 0.07
472.20 , 496.54 , 24.34 , 4483.46 , 0.12
481.94 , 501.41 , 19.47 , 4478.59 , 0.10
481.94 , 501.41 , 19.47 , 4478.59 , 0.10
481.94 , 501.41 , 19.47 , 4478.59 , 0.10
481.94 , 506.28 , 24.34 , 4473.72 , 0.12
486.80 , 506.28 , 19.47 , 4473.72 , 0.10
481.94 , 506.28 , 24.34 , 4473.72 , 0.12
486.80 , 506.28 , 19.47 , 4473.72 , 0.10
486.80 , 511.14 , 24.34 , 4468.86 , 0.12
486.80 , 516.01 , 29.21 , 4463.99 , 0.15
491.67 , 511.14 , 19.47 , 4468.86 , 0.10
486.80 , 516.01 , 29.21 , 4463.99 , 0.15
486.80 , 516.01 , 29.21 , 4463.99 , 0.15
491.67 , 516.01 , 24.34 , 4463.99 , 0.12
491.67 , 516.01 , 24.34 , 4463.99 , 0.12
496.54 , 516.01 , 19.47 , 4463.99 , 0.10
491.67 , 516.01 , 24.34 , 4463.99 , 0.12
491.67 , 516.01 , 24.34 , 4463.99 , 0.12
496.54 , 520.88 , 24.34 , 4459.12 , 0.12
496.54 , 520.88 , 24.34 , 4459.12 , 0.12
496.54 , 525.75 , 29.21 , 4454.25 , 0.15
496.54 , 525.75 , 29.21 , 4454.25 , 0.15
496.54 , 525.75 , 29.21 , 4454.25 , 0.15
501.41 , 530.62 , 29.21 , 4449.38 , 0.15
501.41 , 530.62 , 29.21 , 4449.38 , 0.15
501.41 , 530.62 , 29.21 , 4449.38 , 0.15
501.41 , 535.48 , 34.08 , 4444.52 , 0.17
501.41 , 535.48 , 34.08 , 4444.52 , 0.17
501.41 , 535.48 , 34.08 , 4444.52 , 0.17
506.28 , 540.35 , 34.08 , 4439.65 , 0.17
501.41 , 535.48 , 34.08 , 4444.52 , 0.17
501.41 , 540.35 , 38.94 , 4439.65 , 0.19
506.28 , 540.35 , 34.08 , 4439.65 , 0.17
506.28 , 545.22 , 38.94 , 4434.78 , 0.19
506.28 , 545.22 , 38.94 , 4434.78 , 0.19
511.14 , 545.22 , 34.08 , 4434.78 , 0.17
511.14 , 550.09 , 38.94 , 4429.91 , 0.19
511.14 , 550.09 , 38.94 , 4429.91 , 0.19
511.14 , 550.09 , 38.94 , 4429.91 , 0.19
511.14 , 554.96 , 43.81 , 4425.04 , 0.22
516.01 , 554.96 , 38.94 , 4425.04 , 0.19
516.01 , 554.96 , 38.94 , 4425.04 , 0.19
516.01 , 559.82 , 43.81 , 4420.18 , 0.22
511.14 , 564.69 , 53.55 , 4415.31 , 0.27
511.14 , 559.82 , 48.68 , 4420.18 , 0.24
520.88 , 564.69 , 43.81 , 4415.31 , 0.22
516.01 , 569.56 , 53.55 , 4410.44 , 0.27
520.88 , 569.56 , 48.68 , 4410.44 , 0.24
520.88 , 569.56 , 48.68 , 4410.44 , 0.24
520.88 , 579.30 , 58.42 , 4400.70 , 0.29
525.75 , 579.30 , 53.55 , 4400.70 , 0.27
525.75 , 579.30 , 53.55 , 4400.70 , 0.27
525.75 , 584.16 , 58.42 , 4395.84 , 0.29
525.75 , 584.16 , 58.42 , 4395.84 , 0.29
530.62 , 589.03 , 58.42 , 4390.97 , 0.29
525.75 , 593.90 , 68.15 , 4386.10 , 0.34
530.62 , 593.90 , 63.28 , 4386.10 , 0.32
530.62 , 598.77 , 68.15 , 4381.23 , 0.34
530.62 , 603.64 , 73.02 , 4376.36 , 0.37
535.48 , 608.50 , 73.02 , 4371.50 , 0.37
535.48 , 608.50 , 73.02 , 4371.50 , 0.37
540.35 , 618.24 , 77.89 , 4361.76 , 0.39
540.35 , 623.11 , 82.76 , 4356.89 , 0.41
540.35 , 623.11 , 82.76 , 4356.89 , 0.41
540.35 , 627.98 , 87.62 , 4352.02 , 0.44
545.22 , 632.84 , 87.62 , 4347.16 , 0.44
545.22 , 642.58 , 97.36 , 4337.42 , 0.49
545.22 , 647.45 , 102.23 , 4332.55 , 0.51
550.09 , 657.18 , 107.10 , 4322.82 , 0.54
550.09 , 662.05 , 111.96 , 4317.95 , 0.56
554.96 , 666.92 , 111.96 , 4313.08 , 0.56
559.82 , 676.66 , 116.83 , 4303.34 , 0.58
559.82 , 686.39 , 126.57 , 4293.61 , 0.63
564.69 , 691.26 , 126.57 , 4288.74 , 0.63
559.82 , 701.00 , 141.17 , 4279.00 , 0.71
569.56 , 720.47 , 150.91 , 4259.53 , 0.75
569.56 , 725.34 , 155.78 , 4254.66 , 0.78
574.43 , 744.81 , 170.38 , 4235.19 , 0.85
579.30 , 759.41 , 180.12 , 4220.59 , 0.90
584.16 , 783.75 , 199.59 , 4196.25 , 1.00
589.03 , 808.09 , 219.06 , 4171.91 , 1.10
593.90 , 837.30 , 243.40 , 4142.70 , 1.22
593.90 , 866.51 , 272.61 , 4113.49 , 1.36
603.64 , 910.32 , 306.69 , 4069.68 , 1.53
603.64 , 959.00 , 355.37 , 4021.00 , 1.78
623.11 , 1032.02 , 408.91 , 3947.98 , 2.04
627.98 , 1129.38 , 501.41 , 3850.62 , 2.51
637.71 , 1280.29 , 642.58 , 3699.71 , 3.21
657.18 , 1538.30 , 881.11 , 3441.70 , 4.41
686.39 , 2107.86 , 1421.47 , 2872.14 , 7.11
749.68 , 4420.18 , 3670.50 , 559.82 , 18.35
754.55 , 4420.18 , 3665.63 , 559.82 , 18.33
