68.15 , 68.15 , 0.00 , 4911.85 , 0.00
107.10 , 107.10 , 0.00 , 4872.90 , 0.00
155.78 , 146.04 , -9.74 , 4833.96 , -0.05
184.99 , 189.85 , 4.87 , 4790.15 , 0.02
223.93 , 223.93 , 0.00 , 4756.07 , 0.00
262.87 , 253.14 , -9.74 , 4726.86 , -0.05
296.95 , 296.95 , 0.00 , 4683.05 , 0.00
335.89 , 335.89 , 0.00 , 4644.11 , 0.00
365.10 , 365.10 , 0.00 , 4614.90 , 0.00
384.57 , 389.44 , 4.87 , 4590.56 , 0.02
404.05 , 404.05 , 0.00 , 4575.95 , 0.00
413.78 , 418.65 , 4.87 , 4561.35 , 0.02
423.52 , 433.26 , 9.74 , 4546.75 , 0.05
433.26 , 442.99 , 9.74 , 4537.01 , 0.05
433.26 , 438.12 , 4.87 , 4541.88 , 0.02
442.99 , 447.86 , 4.87 , 4532.14 , 0.02
442.99 , 452.73 , 9.74 , 4527.27 , 0.05
442.99 , 457.60 , 14.60 , 4522.40 , 0.07
452.73 , 462.46 , 9.74 , 4517.54 , 0.05
452.73 , 462.46 , 9.74 , 4517.54 , 0.05
452.73 , 467.33 , 14.60 , 4512.67 , 0.07
452.73 , 467.33 , 14.60 , 4512.67 , 0.07
462.46 , 472.20 , 9.74 , 4507.80 , 0.05
462.46 , 477.07 , 14.60 , 4502.93 , 0.07
462.46 , 477.07 , 14.60 , 4502.93 , 0.07
467.33 , 481.94 , 14.60 , 4498.06 , 0.07
467.33 , 481.94 , 14.60 , 4498.06 , 0.07
467.33 , 481.94 , 14.60 , 4498.06 , 0.07
472.20 , 486.80 , 14.60 , 4493.20 , 0.07
472.20 , 486.80 , 14.60 , 4493.20 , 0.07
477.07 , 486.80 , 9.74 , 4493.20 , 0.05
472.20 , 491.67 , 19.47 , 4488.33 , 0.10
481.94 , 496.54 , 14.60 , 4483.46 , 0.07
472.20 , 496.54 , 24.34 , 4483.46 , 0.12
477.07 , 496.54 , 19.47 , 4483.46 , 0.10
481.94 , 496.54 , 14.60 , 4483.46 , 0.07
481.94 , 496.54 , 14.60 , 4483.46 , 0.07
481.94 , 501.41 , 19.47 , 4478.59 , 0.10
477.07 , 501.41 , 24.34 , 4478.59 , 0.12
481.94 , 501.41 , 19.47 , 4478.59 , 0.10
481.94 , 501.41 , 19.47 , 4478.59 , 0.10
481.94 , 501.41 , 19.47 , 4478.59 , 0.10
486.80 , 506.28 , 19.47 , 4473.72 , 0.10
486.80 , 506.28 , 19.47 , 4473.72 , 0.10
481.94 , 511.14 , 29.21 , 4468.86 , 0.15
486.80 , 511.14 , 24.34 , 4468.86 , 0.12
486.80 , 511.14 , 24.34 , 4468.86 , 0.12
491.67 , 516.01 , 24.34 , 4463.99 , 0.12
486.80 , 511.14 , 24.34 , 4468.86 , 0.12
491.67 , 516.01 , 24.34 , 4463.99 , 0.12
496.54 , 516.01 , 19.47 , 4463.99 , 0.10
491.67 , 520.88 , 29.21 , 4459.12 , 0.15
491.67 , 516.01 , 24.34 , 4463.99 , 0.12
496.54 , 525.75 , 29.21 , 4454.25 , 0.15
496.54 , 520.88 , 24.34 , 4459.12 , 0.12
496.54 , 520.88 , 24.34 , 4459.12 , 0.12
496.54 , 525.75 , 29.21 , 4454.25 , 0.15
496.54 , 525.75 , 29.21 , 4454.25 , 0.15
501.41 , 525.75 , 24.34 , 4454.25 , 0.12
496.54 , 525.75 , 29.21 , 4454.25 , 0.15
496.54 , 535.48 , 38.94 , 4444.52 , 0.19
496.54 , 530.62 , 34.08 , 4449.38 , 0.17
501.41 , 530.62 , 29.21 , 4449.38 , 0.15
501.41 , 535.48 , 34.08 , 4444.52 , 0.17
501.41 , 535.48 , 34.08 , 4444.52 , 0.17
501.41 , 535.48 , 34.08 , 4444.52 , 0.17
506.28 , 540.35 , 34.08 , 4439.65 , 0.17
501.41 , 535.48 , 34.08 , 4444.52 , 0.17
506.28 , 545.22 , 38.94 , 4434.78 , 0.19
506.28 , 545.22 , 38.94 , 4434.78 , 0.19
511.14 , 545.22 , 34.08 , 4434.78 , 0.17
506.28 , 545.22 , 38.94 , 4434.78 , 0.19
511.14 , 550.09 , 38.94 , 4429.91 , 0.19
511.14 , 550.09 , 38.94 , 4429.91 , 0.19
511.14 , 554.96 , 43.81 , 4425.04 , 0.22
511.14 , 554.96 , 43.81 , 4425.04 , 0.22
516.01 , 554.96 , 38.94 , 4425.04 , 0.19
511.14 , 554.96 , 43.81 , 4425.04 , 0.22
516.01 , 559.82 , 43.81 , 4420.18 , 0.22
516.01 , 554.96 , 38.94 , 4425.04 , 0.19
516.01 , 559.82 , 43.81 , 4420.18 , 0.22
516.01 , 569.56 , 53.55 , 4410.44 , 0.27
520.88 , 574.43 , 53.55 , 4405.57 , 0.27
520.88 , 569.56 , 48.68 , 4410.44 , 0.24
520.88 , 574.43 , 53.55 , 4405.57 , 0.27
520.88 , 574.43 , 53.55 , 4405.57 , 0.27
525.75 , 579.30 , 53.55 , 4400.70 , 0.27
520.88 , 579.30 , 58.42 , 4400.70 , 0.29
525.75 , 584.16 , 58.42 , 4395.84 , 0.29
525.75 , 589.03 , 63.28 , 4390.97 , 0.32
530.62 , 589.03 , 58.42 , 4390.97 , 0.29
530.62 , 593.90 , 63.28 , 4386.10 , 0.32
530.62 , 598.77 , 68.15 , 4381.23 , 0.34
535.48 , 593.90 , 58.42 , 4386.10 , 0.29
535.48 , 603.64 , 68.15 , 4376.36 , 0.34
535.48 , 608.50 , 73.02 , 4371.50 , 0.37
540.35 , 608.50 , 68.15 , 4371.50 , 0.34
540.35 , 613.37 , 73.02 , 4366.63 , 0.37
540.35 , 618.24 , 77.89 , 4361.76 , 0.39
540.35 , 627.98 , 87.62 , 4352.02 , 0.44
540.35 , 627.98 , 87.62 , 4352.02 , 0.44
540.35 , 637.71 , 97.36 , 4342.29 , 0.49
545.22 , 637.71 , 92.49 , 4342.29 , 0.46
545.22 , 647.45 , 102.23 , 4332.55 , 0.51
550.09 , 652.32 , 102.23 , 4327.68 , 0.51
550.09 , 657.18 , 107.10 , 4322.82 , 0.54
559.82 , 666.92 , 107.10 , 4313.08 , 0.54
554.96 , 676.66 , 121.70 , 4303.34 , 0.61
559.82 , 686.39 , 126.57 , 4293.61 , 0.63
564.69 , 696.13 , 131.44 , 4283.87 , 0.66
569.56 , 705.87 , 136.30 , 4274.13 , 0.68
564.69 , 720.47 , 155.78 , 4259.53 , 0.78
569.56 , 730.21 , 160.65 , 4249.79 , 0.80
579.30 , 744.81 , 165.51 , 4235.19 , 0.83
579.30 , 759.41 , 180.12 , 4220.59 , 0.90
579.30 , 783.75 , 204.46 , 4196.25 , 1.02
589.03 , 803.23 , 214.19 , 4176.77 , 1.07
589.03 , 832.43 , 243.40 , 4147.57 , 1.22
598.77 , 866.51 , 267.74 , 4113.49 , 1.34
603.64 , 910.32 , 306.69 , 4069.68 , 1.53
613.37 , 963.87 , 350.50 , 4016.13 , 1.75
623.11 , 1032.02 , 408.91 , 3947.98 , 2.04
627.98 , 1129.38 , 501.41 , 3850.62 , 2.51
642.58 , 1275.43 , 632.84 , 3704.57 , 3.16
657.18 , 1543.17 , 885.98 , 3436.83 , 4.43
691.26 , 2102.99 , 1411.73 , 2877.01 , 7.06
749.68 , 4381.23 , 3631.55 , 598.77 , 18.16
749.68 , 4381.23 , 3631.55 , 598.77 , 18.16
