63.28 , 63.28 , 0.00 , 4916.72 , 0.00
107.10 , 107.10 , 0.00 , 4872.90 , 0.00
146.04 , 141.17 , -4.87 , 4838.83 , -0.02
189.85 , 189.85 , 0.00 , 4790.15 , 0.00
228.80 , 219.06 , -9.74 , 4760.94 , -0.05
267.74 , 262.87 , -4.87 , 4717.13 , -0.02
301.82 , 296.95 , -4.87 , 4683.05 , -0.02
340.76 , 340.76 , 0.00 , 4639.24 , 0.00
365.10 , 365.10 , 0.00 , 4614.90 , 0.00
389.44 , 394.31 , 4.87 , 4585.69 , 0.02
399.18 , 408.91 , 9.74 , 4571.08 , 0.05
413.78 , 418.65 , 4.87 , 4561.35 , 0.02
423.52 , 428.39 , 4.87 , 4551.61 , 0.02
423.52 , 438.12 , 14.60 , 4541.88 , 0.07
438.12 , 442.99 , 4.87 , 4537.01 , 0.02
442.99 , 447.86 , 4.87 , 4532.14 , 0.02
447.86 , 452.73 , 4.87 , 4527.27 , 0.02
447.86 , 457.60 , 9.74 , 4522.40 , 0.05
452.73 , 462.46 , 9.74 , 4517.54 , 0.05
452.73 , 462.46 , 9.74 , 4517.54 , 0.05
457.60 , 467.33 , 9.74 , 4512.67 , 0.05
457.60 , 467.33 , 9.74 , 4512.67 , 0.05
462.46 , 472.20 , 9.74 , 4507.80 , 0.05
462.46 , 472.20 , 9.74 , 4507.80 , 0.05
462.46 , 481.94 , 19.47 , 4498.06 , 0.10
467.33 , 481.94 , 14.60 , 4498.06 , 0.07
462.46 , 486.80 , 24.34 , 4493.20 , 0.12
472.20 , 481.94 , 9.74 , 4498.06 , 0.05
472.20 , 486.80 , 14.60 , 4493.20 , 0.07
472.20 , 491.67 , 19.47 , 4488.33 , 0.10
472.20 , 491.67 , 19.47 , 4488.33 , 0.10
467.33 , 491.67 , 24.34 , 4488.33 , 0.12
477.07 , 491.67 , 14.60 , 4488.33 , 0.07
477.07 , 496.54 , 19.47 , 4483.46 , 0.10
477.07 , 491.67 , 14.60 , 4488.33 , 0.07
481.94 , 496.54 , 14.60 , 4483.46 , 0.07
481.94 , 501.41 , 19.47 , 4478.59 , 0.10
477.07 , 501.41 , 24.34 , 4478.59 , 0.12
481.94 , 506.28 , 24.34 , 4473.72 , 0.12
481.94 , 501.41 , 19.47 , 4478.59 , 0.10
481.94 , 501.41 , 19.47 , 4478.59 , 0.10
486.80 , 501.41 , 14.60 , 4478.59 , 0.07
486.80 , 506.28 , 19.47 , 4473.72 , 0.10
477.07 , 506.28 , 29.21 , 4473.72 , 0.15
486.80 , 511.14 , 24.34 , 4468.86 , 0.12
486.80 , 511.14 , 24.34 , 4468.86 , 0.12
486.80 , 516.01 , 29.21 , 4463.99 , 0.15
486.80 , 506.28 , 19.47 , 4473.72 , 0.10
486.80 , 516.01 , 29.21 , 4463.99 , 0.15
491.67 , 516.01 , 24.34 , 4463.99 , 0.12
491.67 , 516.01 , 24.34 , 4463.99 , 0.12
496.54 , 520.88 , 24.34 , 4459.12 , 0.12
491.67 , 516.01 , 24.34 , 4463.99 , 0.12
496.54 , 516.01 , 19.47 , 4463.99 , 0.10
491.67 , 520.88 , 29.21 , 4459.12 , 0.15
496.54 , 520.88 , 24.34 , 4459.12 , 0.12
496.54 , 520.88 , 24.34 , 4459.12 , 0.12
496.54 , 525.75 , 29.21 , 4454.25 , 0.15
496.54 , 530.62 , 34.08 , 4449.38 , 0.17
496.54 , 530.62 , 34.08 , 4449.38 , 0.17
501.41 , 530.62 , 29.21 , 4449.38 , 0.15
496.54 , 530.62 , 34.08 , 4449.38 , 0.17
496.54 , 535.48 , 38.94 , 4444.52 , 0.19
506.28 , 535.48 , 29.21 , 4444.52 , 0.15
506.28 , 520.88 , 14.60 , 4459.12 , 0.07
496.54 , 535.48 , 38.94 , 4444.52 , 0.19
501.41 , 540.35 , 38.94 , 4439.65 , 0.19
506.28 , 540.35 , 34.08 , 4439.65 , 0.17
506.28 , 540.35 , 34.08 , 4439.65 , 0.17
506.28 , 545.22 , 38.94 , 4434.78 , 0.19
511.14 , 545.22 , 34.08 , 4434.78 , 0.17
511.14 , 545.22 , 34.08 , 4434.78 , 0.17
511.14 , 550.09 , 38.94 , 4429.91 , 0.19
511.14 , 550.09 , 38.94 , 4429.91 , 0.19
511.14 , 550.09 , 38.94 , 4429.91 , 0.19
511.14 , 554.96 , 43.81 , 4425.04 , 0.22
516.01 , 559.82 , 43.81 , 4420.18 , 0.22
511.14 , 559.82 , 48.68 , 4420.18 , 0.24
516.01 , 559.82 , 43.81 , 4420.18 , 0.22
511.14 , 559.82 , 48.68 , 4420.18 , 0.24
520.88 , 564.69 , 43.81 , 4415.31 , 0.22
516.01 , 564.69 , 48.68 , 4415.31 , 0.24
516.01 , 564.69 , 48.68 , 4415.31 , 0.24
520.88 , 569.56 , 48.68 , 4410.44 , 0.24
520.88 , 574.43 , 53.55 , 4405.57 , 0.27
520.88 , 574.43 , 53.55 , 4405.57 , 0.27
525.75 , 579.30 , 53.55 , 4400.70 , 0.27
525.75 , 579.30 , 53.55 , 4400.70 , 0.27
525.75 , 584.16 , 58.42 , 4395.84 , 0.29
525.75 , 589.03 , 63.28 , 4390.97 , 0.32
530.62 , 584.16 , 53.55 , 4395.84 , 0.27
530.62 , 593.90 , 63.28 , 4386.10 , 0.32
530.62 , 593.90 , 63.28 , 4386.10 , 0.32
530.62 , 598.77 , 68.15 , 4381.23 , 0.34
530.62 , 603.64 , 73.02 , 4376.36 , 0.37
535.48 , 603.64 , 68.15 , 4376.36 , 0.34
535.48 , 608.50 , 73.02 , 4371.50 , 0.37
540.35 , 613.37 , 73.02 , 4366.63 , 0.37
540.35 , 623.11 , 82.76 , 4356.89 , 0.41
545.22 , 623.11 , 77.89 , 4356.89 , 0.39
545.22 , 627.98 , 82.76 , 4352.02 , 0.41
545.22 , 632.84 , 87.62 , 4347.16 , 0.44
545.22 , 642.58 , 97.36 , 4337.42 , 0.49
545.22 , 647.45 , 102.23 , 4332.55 , 0.51
550.09 , 652.32 , 102.23 , 4327.68 , 0.51
550.09 , 662.05 , 111.96 , 4317.95 , 0.56
554.96 , 666.92 , 111.96 , 4313.08 , 0.56
559.82 , 676.66 , 116.83 , 4303.34 , 0.58
559.82 , 681.52 , 121.70 , 4298.47 , 0.61
559.82 , 691.26 , 131.44 , 4288.74 , 0.66
564.69 , 705.87 , 141.17 , 4274.13 , 0.71
564.69 , 715.60 , 150.91 , 4264.40 , 0.75
569.56 , 730.21 , 160.65 , 4249.79 , 0.80
574.43 , 744.81 , 170.38 , 4235.19 , 0.85
579.30 , 764.28 , 184.99 , 4215.72 , 0.92
584.16 , 778.89 , 194.72 , 4201.11 , 0.97
584.16 , 808.09 , 223.93 , 4171.91 , 1.12
589.03 , 832.43 , 243.40 , 4147.57 , 1.22
593.90 , 861.64 , 267.74 , 4118.36 , 1.34
603.64 , 910.32 , 306.69 , 4069.68 , 1.53
608.50 , 963.87 , 355.37 , 4016.13 , 1.78
613.37 , 1027.16 , 413.78 , 3952.84 , 2.07
632.84 , 1129.38 , 496.54 , 3850.62 , 2.48
642.58 , 1280.29 , 637.71 , 3699.71 , 3.19
657.18 , 1538.30 , 881.11 , 3441.70 , 4.41
686.39 , 2102.99 , 1416.60 , 2877.01 , 7.08
754.55 , 4420.18 , 3665.63 , 559.82 , 18.33
749.68 , 4420.18 , 3670.50 , 559.82 , 18.35
