73.02 , 73.02 , 0.00 , 4906.98 , 0.00
107.10 , 107.10 , 0.00 , 4872.90 , 0.00
165.51 , 146.04 , -19.47 , 4833.96 , -0.10
184.99 , 184.99 , 0.00 , 4795.01 , 0.00
223.93 , 228.80 , 4.87 , 4751.20 , 0.02
233.67 , 262.87 , 29.21 , 4717.13 , 0.15
301.82 , 296.95 , -4.87 , 4683.05 , -0.02
340.76 , 335.89 , -4.87 , 4644.11 , -0.02
365.10 , 365.10 , 0.00 , 4614.90 , 0.00
394.31 , 384.57 , -9.74 , 4595.43 , -0.05
404.05 , 399.18 , -4.87 , 4580.82 , -0.02
413.78 , 418.65 , 4.87 , 4561.35 , 0.02
418.65 , 423.52 , 4.87 , 4556.48 , 0.02
428.39 , 433.26 , 4.87 , 4546.75 , 0.02
438.12 , 442.99 , 4.87 , 4537.01 , 0.02
438.12 , 447.86 , 9.74 , 4532.14 , 0.05
447.86 , 452.73 , 4.87 , 4527.27 , 0.02
447.86 , 457.60 , 9.74 , 4522.40 , 0.05
447.86 , 462.46 , 14.60 , 4517.54 , 0.07
452.73 , 462.46 , 9.74 , 4517.54 , 0.05
452.73 , 467.33 , 14.60 , 4512.67 , 0.07
457.60 , 467.33 , 9.74 , 4512.67 , 0.05
462.46 , 472.20 , 9.74 , 4507.80 , 0.05
462.46 , 472.20 , 9.74 , 4507.80 , 0.05
462.46 , 481.94 , 19.47 , 4498.06 , 0.10
467.33 , 477.07 , 9.74 , 4502.93 , 0.05
467.33 , 481.94 , 14.60 , 4498.06 , 0.07
467.33 , 486.80 , 19.47 , 4493.20 , 0.10
467.33 , 486.80 , 19.47 , 4493.20 , 0.10
472.20 , 486.80 , 14.60 , 4493.20 , 0.07
472.20 , 486.80 , 14.60 , 4493.20 , 0.07
477.07 , 491.67 , 14.60 , 4488.33 , 0.07
472.20 , 496.54 , 24.34 , 4483.46 , 0.12
472.20 , 496.54 , 24.34 , 4483.46 , 0.12
472.20 , 491.67 , 19.47 , 4488.33 , 0.10
477.07 , 496.54 , 19.47 , 4483.46 , 0.10
477.07 , 496.54 , 19.47 , 4483.46 , 0.10
481.94 , 501.41 , 19.47 , 4478.59 , 0.10
481.94 , 496.54 , 14.60 , 4483.46 , 0.07
486.80 , 501.41 , 14.60 , 4478.59 , 0.07
481.94 , 506.28 , 24.34 , 4473.72 , 0.12
477.07 , 501.41 , 24.34 , 4478.59 , 0.12
486.80 , 506.28 , 19.47 , 4473.72 , 0.10
481.94 , 506.28 , 24.34 , 4473.72 , 0.12
486.80 , 511.14 , 24.34 , 4468.86 , 0.12
486.80 , 511.14 , 24.34 , 4468.86 , 0.12
486.80 , 511.14 , 24.34 , 4468.86 , 0.12
486.80 , 511.14 , 24.34 , 4468.86 , 0.12
486.80 , 516.01 , 29.21 , 4463.99 , 0.15
491.67 , 516.01 , 24.34 , 4463.99 , 0.12
486.80 , 511.14 , 24.34 , 4468.86 , 0.12
491.67 , 516.01 , 24.34 , 4463.99 , 0.12
491.67 , 520.88 , 29.21 , 4459.12 , 0.15
491.67 , 520.88 , 29.21 , 4459.12 , 0.15
496.54 , 520.88 , 24.34 , 4459.12 , 0.12
496.54 , 530.62 , 34.08 , 4449.38 , 0.17
496.54 , 520.88 , 24.34 , 4459.12 , 0.12
496.54 , 525.75 , 29.21 , 4454.25 , 0.15
496.54 , 530.62 , 34.08 , 4449.38 , 0.17
496.54 , 530.62 , 34.08 , 4449.38 , 0.17
496.54 , 525.75 , 29.21 , 4454.25 , 0.15
501.41 , 530.62 , 29.21 , 4449.38 , 0.15
496.54 , 530.62 , 34.08 , 4449.38 , 0.17
501.41 , 535.48 , 34.08 , 4444.52 , 0.17
506.28 , 535.48 , 29.21 , 4444.52 , 0.15
501.41 , 535.48 , 34.08 , 4444.52 , 0.17
506.28 , 540.35 , 34.08 , 4439.65 , 0.17
501.41 , 545.22 , 43.81 , 4434.78 , 0.22
506.28 , 545.22 , 38.94 , 4434.78 , 0.19
506.28 , 545.22 , 38.94 , 4434.78 , 0.19
506.28 , 545.22 , 38.94 , 4434.78 , 0.19
506.28 , 545.22 , 38.94 , 4434.78 , 0.19
511.14 , 550.09 , 38.94 , 4429.91 , 0.19
511.14 , 545.22 , 34.08 , 4434.78 , 0.17
511.14 , 550.09 , 38.94 , 4429.91 , 0.19
516.01 , 554.96 , 38.94 , 4425.04 , 0.19
511.14 , 554.96 , 43.81 , 4425.04 , 0.22
511.14 , 554.96 , 43.81 , 4425.04 , 0.22
516.01 , 559.82 , 43.81 , 4420.18 , 0.22
516.01 , 564.69 , 48.68 , 4415.31 , 0.24
516.01 , 564.69 , 48.68 , 4415.31 , 0.24
516.01 , 564.69 , 48.68 , 4415.31 , 0.24
520.88 , 569.56 , 48.68 , 4410.44 , 0.24
520.88 , 574.43 , 53.55 , 4405.57 , 0.27
520.88 , 574.43 , 53.55 , 4405.57 , 0.27
520.88 , 574.43 , 53.55 , 4405.57 , 0.27
520.88 , 574.43 , 53.55 , 4405.57 , 0.27
525.75 , 584.16 , 58.42 , 4395.84 , 0.29
525.75 , 584.16 , 58.42 , 4395.84 , 0.29
525.75 , 584.16 , 58.42 , 4395.84 , 0.29
525.75 , 584.16 , 58.42 , 4395.84 , 0.29
525.75 , 593.90 , 68.15 , 4386.10 , 0.34
530.62 , 593.90 , 63.28 , 4386.10 , 0.32
530.62 , 598.77 , 68.15 , 4381.23 , 0.34
530.62 , 603.64 , 73.02 , 4376.36 , 0.37
535.48 , 603.64 , 68.15 , 4376.36 , 0.34
535.48 , 608.50 , 73.02 , 4371.50 , 0.37
540.35 , 618.24 , 77.89 , 4361.76 , 0.39
540.35 , 618.24 , 77.89 , 4361.76 , 0.39
540.35 , 623.11 , 82.76 , 4356.89 , 0.41
545.22 , 627.98 , 82.76 , 4352.02 , 0.41
545.22 , 632.84 , 87.62 , 4347.16 , 0.44
550.09 , 637.71 , 87.62 , 4342.29 , 0.44
550.09 , 642.58 , 92.49 , 4337.42 , 0.46
550.09 , 652.32 , 102.23 , 4327.68 , 0.51
550.09 , 657.18 , 107.10 , 4322.82 , 0.54
559.82 , 666.92 , 107.10 , 4313.08 , 0.54
554.96 , 676.66 , 121.70 , 4303.34 , 0.61
559.82 , 686.39 , 126.57 , 4293.61 , 0.63
559.82 , 696.13 , 136.30 , 4283.87 , 0.68
564.69 , 705.87 , 141.17 , 4274.13 , 0.71
564.69 , 715.60 , 150.91 , 4264.40 , 0.75
574.43 , 725.34 , 150.91 , 4254.66 , 0.75
574.43 , 744.81 , 170.38 , 4235.19 , 0.85
579.30 , 759.41 , 180.12 , 4220.59 , 0.90
584.16 , 783.75 , 199.59 , 4196.25 , 1.00
584.16 , 803.23 , 219.06 , 4176.77 , 1.10
589.03 , 832.43 , 243.40 , 4147.57 , 1.22
598.77 , 861.64 , 262.87 , 4118.36 , 1.31
598.77 , 910.32 , 311.55 , 4069.68 , 1.56
608.50 , 963.87 , 355.37 , 4016.13 , 1.78
618.24 , 1032.02 , 413.78 , 3947.98 , 2.07
632.84 , 1129.38 , 496.54 , 3850.62 , 2.48
642.58 , 1280.29 , 637.71 , 3699.71 , 3.19
657.18 , 1538.30 , 881.11 , 3441.70 , 4.41
686.39 , 2102.99 , 1416.60 , 2877.01 , 7.08
749.68 , 4386.10 , 3636.42 , 593.90 , 18.18
749.68 , 4381.23 , 3631.55 , 598.77 , 18.16
