68.15 , 68.15 , 0.00 , 4911.85 , 0.00
111.96 , 121.70 , 9.74 , 4858.30 , 0.05
146.04 , 146.04 , 0.00 , 4833.96 , 0.00
189.85 , 184.99 , -4.87 , 4795.01 , -0.02
219.06 , 223.93 , 4.87 , 4756.07 , 0.02
262.87 , 258.01 , -4.87 , 4721.99 , -0.02
301.82 , 296.95 , -4.87 , 4683.05 , -0.02
340.76 , 335.89 , -4.87 , 4644.11 , -0.02
365.10 , 365.10 , 0.00 , 4614.90 , 0.00
384.57 , 389.44 , 4.87 , 4590.56 , 0.02
404.05 , 404.05 , 0.00 , 4575.95 , 0.00
423.52 , 418.65 , -4.87 , 4561.35 , -0.02
428.39 , 433.26 , 4.87 , 4546.75 , 0.02
428.39 , 438.12 , 9.74 , 4541.88 , 0.05
433.26 , 442.99 , 9.74 , 4537.01 , 0.05
438.12 , 447.86 , 9.74 , 4532.14 , 0.05
442.99 , 452.73 , 9.74 , 4527.27 , 0.05
447.86 , 462.46 , 14.60 , 4517.54 , 0.07
447.86 , 457.60 , 9.74 , 4522.40 , 0.05
457.60 , 467.33 , 9.74 , 4512.67 , 0.05
457.60 , 467.33 , 9.74 , 4512.67 , 0.05
462.46 , 467.33 , 4.87 , 4512.67 , 0.02
457.60 , 472.20 , 14.60 , 4507.80 , 0.07
462.46 , 477.07 , 14.60 , 4502.93 , 0.07
462.46 , 477.07 , 14.60 , 4502.93 , 0.07
462.46 , 481.94 , 19.47 , 4498.06 , 0.10
467.33 , 481.94 , 14.60 , 4498.06 , 0.07
467.33 , 481.94 , 14.60 , 4498.06 , 0.07
472.20 , 486.80 , 14.60 , 4493.20 , 0.07
472.20 , 486.80 , 14.60 , 4493.20 , 0.07
472.20 , 491.67 , 19.47 , 4488.33 , 0.10
472.20 , 491.67 , 19.47 , 4488.33 , 0.10
472.20 , 491.67 , 19.47 , 4488.33 , 0.10
477.07 , 496.54 , 19.47 , 4483.46 , 0.10
477.07 , 496.54 , 19.47 , 4483.46 , 0.10
486.80 , 491.67 , 4.87 , 4488.33 , 0.02
477.07 , 496.54 , 19.47 , 4483.46 , 0.10
477.07 , 496.54 , 19.47 , 4483.46 , 0.10
481.94 , 501.41 , 19.47 , 4478.59 , 0.10
477.07 , 501.41 , 24.34 , 4478.59 , 0.12
481.94 , 506.28 , 24.34 , 4473.72 , 0.12
481.94 , 506.28 , 24.34 , 4473.72 , 0.12
481.94 , 506.28 , 24.34 , 4473.72 , 0.12
481.94 , 506.28 , 24.34 , 4473.72 , 0.12
486.80 , 506.28 , 19.47 , 4473.72 , 0.10
486.80 , 511.14 , 24.34 , 4468.86 , 0.12
486.80 , 511.14 , 24.34 , 4468.86 , 0.12
486.80 , 511.14 , 24.34 , 4468.86 , 0.12
491.67 , 511.14 , 19.47 , 4468.86 , 0.10
486.80 , 516.01 , 29.21 , 4463.99 , 0.15
491.67 , 520.88 , 29.21 , 4459.12 , 0.15
491.67 , 516.01 , 24.34 , 4463.99 , 0.12
491.67 , 520.88 , 29.21 , 4459.12 , 0.15
496.54 , 520.88 , 24.34 , 4459.12 , 0.12
491.67 , 520.88 , 29.21 , 4459.12 , 0.15
496.54 , 520.88 , 24.34 , 4459.12 , 0.12
496.54 , 525.75 , 29.21 , 4454.25 , 0.15
491.67 , 525.75 , 34.08 , 4454.25 , 0.17
496.54 , 520.88 , 24.34 , 4459.12 , 0.12
496.54 , 525.75 , 29.21 , 4454.25 , 0.15
501.41 , 530.62 , 29.21 , 4449.38 , 0.15
501.41 , 530.62 , 29.21 , 4449.38 , 0.15
501.41 , 530.62 , 29.21 , 4449.38 , 0.15
501.41 , 530.62 , 29.21 , 4449.38 , 0.15
501.41 , 535.48 , 34.08 , 4444.52 , 0.17
501.41 , 535.48 , 34.08 , 4444.52 , 0.17
501.41 , 535.48 , 34.08 , 4444.52 , 0.17
506.28 , 540.35 , 34.08 , 4439.65 , 0.17
506.28 , 540.35 , 34.08 , 4439.65 , 0.17
506.28 , 540.35 , 34.08 , 4439.65 , 0.17
506.28 , 540.35 , 34.08 , 4439.65 , 0.17
506.28 , 550.09 , 43.81 , 4429.91 , 0.22
506.28 , 545.22 , 38.94 , 4434.78 , 0.19
506.28 , 550.09 , 43.81 , 4429.91 , 0.22
511.14 , 550.09 , 38.94 , 4429.91 , 0.19
511.14 , 554.96 , 43.81 , 4425.04 , 0.22
511.14 , 559.82 , 48.68 , 4420.18 , 0.24
511.14 , 554.96 , 43.81 , 4425.04 , 0.22
516.01 , 559.82 , 43.81 , 4420.18 , 0.22
516.01 , 564.69 , 48.68 , 4415.31 , 0.24
516.01 , 564.69 , 48.68 , 4415.31 , 0.24
516.01 , 569.56 , 53.55 , 4410.44 , 0.27
516.01 , 569.56 , 53.55 , 4410.44 , 0.27
520.88 , 569.56 , 48.68 , 4410.44 , 0.24
520.88 , 574.43 , 53.55 , 4405.57 , 0.27
520.88 , 574.43 , 53.55 , 4405.57 , 0.27
520.88 , 579.30 , 58.42 , 4400.70 , 0.29
525.75 , 579.30 , 53.55 , 4400.70 , 0.27
525.75 , 584.16 , 58.42 , 4395.84 , 0.29
525.75 , 589.03 , 63.28 , 4390.97 , 0.32
530.62 , 589.03 , 58.42 , 4390.97 , 0.29
525.75 , 593.90 , 68.15 , 4386.10 , 0.34
530.62 , 598.77 , 68.15 , 4381.23 , 0.34
530.62 , 593.90 , 63.28 , 4386.10 , 0.32
530.62 , 603.64 , 73.02 , 4376.36 , 0.37
535.48 , 608.50 , 73.02 , 4371.50 , 0.37
535.48 , 613.37 , 77.89 , 4366.63 , 0.39
535.48 , 613.37 , 77.89 , 4366.63 , 0.39
540.35 , 618.24 , 77.89 , 4361.76 , 0.39
535.48 , 623.11 , 87.62 , 4356.89 , 0.44
540.35 , 627.98 , 87.62 , 4352.02 , 0.44
545.22 , 632.84 , 87.62 , 4347.16 , 0.44
545.22 , 642.58 , 97.36 , 4337.42 , 0.49
550.09 , 647.45 , 97.36 , 4332.55 , 0.49
550.09 , 652.32 , 102.23 , 4327.68 , 0.51
550.09 , 657.18 , 107.10 , 4322.82 , 0.54
554.96 , 666.92 , 111.96 , 4313.08 , 0.56
554.96 , 676.66 , 121.70 , 4303.34 , 0.61
559.82 , 681.52 , 121.70 , 4298.47 , 0.61
559.82 , 696.13 , 136.30 , 4283.87 , 0.68
564.69 , 705.87 , 141.17 , 4274.13 , 0.71
564.69 , 715.60 , 150.91 , 4264.40 , 0.75
569.56 , 730.21 , 160.65 , 4249.79 , 0.80
574.43 , 744.81 , 170.38 , 4235.19 , 0.85
579.30 , 759.41 , 180.12 , 4220.59 , 0.90
584.16 , 778.89 , 194.72 , 4201.11 , 0.97
584.16 , 803.23 , 219.06 , 4176.77 , 1.10
589.03 , 832.43 , 243.40 , 4147.57 , 1.22
593.90 , 866.51 , 272.61 , 4113.49 , 1.36
603.64 , 905.45 , 301.82 , 4074.55 , 1.51
603.64 , 959.00 , 355.37 , 4021.00 , 1.78
613.37 , 1027.16 , 413.78 , 3952.84 , 2.07
627.98 , 1124.52 , 496.54 , 3855.48 , 2.48
642.58 , 1280.29 , 637.71 , 3699.71 , 3.19
657.18 , 1538.30 , 881.11 , 3441.70 , 4.41
686.39 , 2098.12 , 1411.73 , 2881.88 , 7.06
749.68 , 4381.23 , 3631.55 , 598.77 , 18.16
754.55 , 4376.36 , 3621.82 , 603.64 , 18.11
