68.15 , 68.15 , 0.00 , 4911.85 , 0.00
107.10 , 102.23 , -4.87 , 4877.77 , -0.02
141.17 , 146.04 , 4.87 , 4833.96 , 0.02
189.85 , 184.99 , -4.87 , 4795.01 , -0.02
219.06 , 228.80 , 9.74 , 4751.20 , 0.05
258.01 , 262.87 , 4.87 , 4717.13 , 0.02
301.82 , 296.95 , -4.87 , 4683.05 , -0.02
331.03 , 335.89 , 4.87 , 4644.11 , 0.02
365.10 , 365.10 , 0.00 , 4614.90 , 0.00
389.44 , 384.57 , -4.87 , 4595.43 , -0.02
404.05 , 404.05 , 0.00 , 4575.95 , 0.00
413.78 , 418.65 , 4.87 , 4561.35 , 0.02
423.52 , 428.39 , 4.87 , 4551.61 , 0.02
433.26 , 433.26 , 0.00 , 4546.75 , 0.00
442.99 , 447.86 , 4.87 , 4532.14 , 0.02
442.99 , 447.86 , 4.87 , 4532.14 , 0.02
447.86 , 447.86 , 0.00 , 4532.14 , 0.00
442.99 , 457.60 , 14.60 , 4522.40 , 0.07
452.73 , 462.46 , 9.74 , 4517.54 , 0.05
452.73 , 462.46 , 9.74 , 4517.54 , 0.05
452.73 , 467.33 , 14.60 , 4512.67 , 0.07
457.60 , 472.20 , 14.60 , 4507.80 , 0.07
457.60 , 472.20 , 14.60 , 4507.80 , 0.07
462.46 , 477.07 , 14.60 , 4502.93 , 0.07
467.33 , 472.20 , 4.87 , 4507.80 , 0.02
467.33 , 481.94 , 14.60 , 4498.06 , 0.07
467.33 , 486.80 , 19.47 , 4493.20 , 0.10
472.20 , 486.80 , 14.60 , 4493.20 , 0.07
472.20 , 481.94 , 9.74 , 4498.06 , 0.05
467.33 , 486.80 , 19.47 , 4493.20 , 0.10
472.20 , 486.80 , 14.60 , 4493.20 , 0.07
477.07 , 491.67 , 14.60 , 4488.33 , 0.07
477.07 , 491.67 , 14.60 , 4488.33 , 0.07
477.07 , 496.54 , 19.47 , 4483.46 , 0.10
472.20 , 496.54 , 24.34 , 4483.46 , 0.12
477.07 , 496.54 , 19.47 , 4483.46 , 0.10
477.07 , 496.54 , 19.47 , 4483.46 , 0.10
481.94 , 496.54 , 14.60 , 4483.46 , 0.07
481.94 , 506.28 , 24.34 , 4473.72 , 0.12
481.94 , 506.28 , 24.34 , 4473.72 , 0.12
481.94 , 506.28 , 24.34 , 4473.72 , 0.12
481.94 , 506.28 , 24.34 , 4473.72 , 0.12
481.94 , 511.14 , 29.21 , 4468.86 , 0.15
486.80 , 506.28 , 19.47 , 4473.72 , 0.10
486.80 , 511.14 , 24.34 , 4468.86 , 0.12
486.80 , 506.28 , 19.47 , 4473.72 , 0.10
486.80 , 511.14 , 24.34 , 4468.86 , 0.12
486.80 , 516.01 , 29.21 , 4463.99 , 0.15
491.67 , 516.01 , 24.34 , 4463.99 , 0.12
496.54 , 516.01 , 19.47 , 4463.99 , 0.10
496.54 , 516.01 , 19.47 , 4463.99 , 0.10
491.67 , 520.88 , 29.21 , 4459.12 , 0.15
491.67 , 525.75 , 34.08 , 4454.25 , 0.17
491.67 , 520.88 , 29.21 , 4459.12 , 0.15
496.54 , 525.75 , 29.21 , 4454.25 , 0.15
496.54 , 525.75 , 29.21 , 4454.25 , 0.15
496.54 , 525.75 , 29.21 , 4454.25 , 0.15
496.54 , 525.75 , 29.21 , 4454.25 , 0.15
496.54 , 530.62 , 34.08 , 4449.38 , 0.17
496.54 , 525.75 , 29.21 , 4454.25 , 0.15
496.54 , 530.62 , 34.08 , 4449.38 , 0.17
496.54 , 530.62 , 34.08 , 4449.38 , 0.17
501.41 , 535.48 , 34.08 , 4444.52 , 0.17
501.41 , 535.48 , 34.08 , 4444.52 , 0.17
506.28 , 535.48 , 29.21 , 4444.52 , 0.15
501.41 , 535.48 , 34.08 , 4444.52 , 0.17
506.28 , 540.35 , 34.08 , 4439.65 , 0.17
506.28 , 540.35 , 34.08 , 4439.65 , 0.17
506.28 , 545.22 , 38.94 , 4434.78 , 0.19
506.28 , 540.35 , 34.08 , 4439.65 , 0.17
506.28 , 550.09 , 43.81 , 4429.91 , 0.22
511.14 , 550.09 , 38.94 , 4429.91 , 0.19
511.14 , 550.09 , 38.94 , 4429.91 , 0.19
511.14 , 550.09 , 38.94 , 4429.91 , 0.19
506.28 , 550.09 , 43.81 , 4429.91 , 0.22
516.01 , 554.96 , 38.94 , 4425.04 , 0.19
511.14 , 559.82 , 48.68 , 4420.18 , 0.24
516.01 , 559.82 , 43.81 , 4420.18 , 0.22
516.01 , 559.82 , 43.81 , 4420.18 , 0.22
516.01 , 559.82 , 43.81 , 4420.18 , 0.22
516.01 , 564.69 , 48.68 , 4415.31 , 0.24
516.01 , 564.69 , 48.68 , 4415.31 , 0.24
520.88 , 569.56 , 48.68 , 4410.44 , 0.24
520.88 , 569.56 , 48.68 , 4410.44 , 0.24
520.88 , 574.43 , 53.55 , 4405.57 , 0.27
520.88 , 574.43 , 53.55 , 4405.57 , 0.27
520.88 , 579.30 , 58.42 , 4400.70 , 0.29
525.75 , 579.30 , 53.55 , 4400.70 , 0.27
525.75 , 584.16 , 58.42 , 4395.84 , 0.29
525.75 , 584.16 , 58.42 , 4395.84 , 0.29
530.62 , 593.90 , 63.28 , 4386.10 , 0.32
530.62 , 593.90 , 63.28 , 4386.10 , 0.32
530.62 , 593.90 , 63.28 , 4386.10 , 0.32
530.62 , 603.64 , 73.02 , 4376.36 , 0.37
530.62 , 603.64 , 73.02 , 4376.36 , 0.37
535.48 , 608.50 , 73.02 , 4371.50 , 0.37
535.48 , 613.37 , 77.89 , 4366.63 , 0.39
535.48 , 613.37 , 77.89 , 4366.63 , 0.39
540.35 , 623.11 , 82.76 , 4356.89 , 0.41
540.35 , 623.11 , 82.76 , 4356.89 , 0.41
540.35 , 627.98 , 87.62 , 4352.02 , 0.44
545.22 , 637.71 , 92.49 , 4342.29 , 0.46
545.22 , 637.71 , 92.49 , 4342.29 , 0.46
550.09 , 647.45 , 97.36 , 4332.55 , 0.49
550.09 , 652.32 , 102.23 , 4327.68 , 0.51
554.96 , 662.05 , 107.10 , 4317.95 , 0.54
554.96 , 666.92 , 111.96 , 4313.08 , 0.56
554.96 , 676.66 , 121.70 , 4303.34 , 0.61
559.82 , 681.52 , 121.70 , 4298.47 , 0.61
564.69 , 701.00 , 136.30 , 4279.00 , 0.68
564.69 , 705.87 , 141.17 , 4274.13 , 0.71
564.69 , 715.60 , 150.91 , 4264.40 , 0.75
574.43 , 735.07 , 160.65 , 4244.93 , 0.80
574.43 , 744.81 , 170.38 , 4235.19 , 0.85
574.43 , 764.28 , 189.85 , 4215.72 , 0.95
579.30 , 783.75 , 204.46 , 4196.25 , 1.02
593.90 , 803.23 , 209.33 , 4176.77 , 1.05
589.03 , 832.43 , 243.40 , 4147.57 , 1.22
593.90 , 866.51 , 272.61 , 4113.49 , 1.36
603.64 , 910.32 , 306.69 , 4069.68 , 1.53
608.50 , 963.87 , 355.37 , 4016.13 , 1.78
623.11 , 1032.02 , 408.91 , 3947.98 , 2.04
627.98 , 1129.38 , 501.41 , 3850.62 , 2.51
642.58 , 1280.29 , 637.71 , 3699.71 , 3.19
657.18 , 1543.17 , 885.98 , 3436.83 , 4.43
686.39 , 2107.86 , 1421.47 , 2872.14 , 7.11
754.55 , 4425.04 , 3670.50 , 554.96 , 18.35
749.68 , 4425.04 , 3675.37 , 554.96 , 18.38
