68.15 , 68.15 , 0.00 , 4911.85 , 0.00
107.10 , 107.10 , 0.00 , 4872.90 , 0.00
146.04 , 146.04 , 0.00 , 4833.96 , 0.00
184.99 , 189.85 , 4.87 , 4790.15 , 0.02
223.93 , 223.93 , 0.00 , 4756.07 , 0.00
262.87 , 258.01 , -4.87 , 4721.99 , -0.02
296.95 , 296.95 , 0.00 , 4683.05 , 0.00
335.89 , 331.03 , -4.87 , 4648.97 , -0.02
365.10 , 360.23 , -4.87 , 4619.77 , -0.02
384.57 , 389.44 , 4.87 , 4590.56 , 0.02
404.05 , 404.05 , 0.00 , 4575.95 , 0.00
413.78 , 418.65 , 4.87 , 4561.35 , 0.02
428.39 , 433.26 , 4.87 , 4546.75 , 0.02
433.26 , 438.12 , 4.87 , 4541.88 , 0.02
442.99 , 442.99 , 0.00 , 4537.01 , 0.00
442.99 , 447.86 , 4.87 , 4532.14 , 0.02
442.99 , 447.86 , 4.87 , 4532.14 , 0.02
447.86 , 457.60 , 9.74 , 4522.40 , 0.05
452.73 , 457.60 , 4.87 , 4522.40 , 0.02
457.60 , 462.46 , 4.87 , 4517.54 , 0.02
457.60 , 472.20 , 14.60 , 4507.80 , 0.07
462.46 , 472.20 , 9.74 , 4507.80 , 0.05
457.60 , 472.20 , 14.60 , 4507.80 , 0.07
467.33 , 472.20 , 4.87 , 4507.80 , 0.02
467.33 , 481.94 , 14.60 , 4498.06 , 0.07
467.33 , 481.94 , 14.60 , 4498.06 , 0.07
467.33 , 481.94 , 14.60 , 4498.06 , 0.07
467.33 , 486.80 , 19.47 , 4493.20 , 0.10
472.20 , 481.94 , 9.74 , 4498.06 , 0.05
472.20 , 486.80 , 14.60 , 4493.20 , 0.07
477.07 , 491.67 , 14.60 , 4488.33 , 0.07
477.07 , 491.67 , 14.60 , 4488.33 , 0.07
477.07 , 491.67 , 14.60 , 4488.33 , 0.07
477.07 , 496.54 , 19.47 , 4483.46 , 0.10
477.07 , 496.54 , 19.47 , 4483.46 , 0.10
477.07 , 496.54 , 19.47 , 4483.46 , 0.10
481.94 , 472.20 , -9.74 , 4507.80 , -0.05
481.94 , 501.41 , 19.47 , 4478.59 , 0.10
481.94 , 501.41 , 19.47 , 4478.59 , 0.10
481.94 , 506.28 , 24.34 , 4473.72 , 0.12
481.94 , 506.28 , 24.34 , 4473.72 , 0.12
481.94 , 506.28 , 24.34 , 4473.72 , 0.12
486.80 , 506.28 , 19.47 , 4473.72 , 0.10
486.80 , 506.28 , 19.47 , 4473.72 , 0.10
486.80 , 506.28 , 19.47 , 4473.72 , 0.10
486.80 , 506.28 , 19.47 , 4473.72 , 0.10
486.80 , 511.14 , 24.34 , 4468.86 , 0.12
486.80 , 516.01 , 29.21 , 4463.99 , 0.15
486.80 , 511.14 , 24.34 , 4468.86 , 0.12
491.67 , 511.14 , 19.47 , 4468.86 , 0.10
491.67 , 520.88 , 29.21 , 4459.12 , 0.15
491.67 , 516.01 , 24.34 , 4463.99 , 0.12
496.54 , 520.88 , 24.34 , 4459.12 , 0.12
491.67 , 520.88 , 29.21 , 4459.12 , 0.15
496.54 , 525.75 , 29.21 , 4454.25 , 0.15
491.67 , 525.75 , 34.08 , 4454.25 , 0.17
491.67 , 520.88 , 29.21 , 4459.12 , 0.15
491.67 , 525.75 , 34.08 , 4454.25 , 0.17
496.54 , 525.75 , 29.21 , 4454.25 , 0.15
496.54 , 530.62 , 34.08 , 4449.38 , 0.17
496.54 , 530.62 , 34.08 , 4449.38 , 0.17
501.41 , 530.62 , 29.21 , 4449.38 , 0.15
501.41 , 530.62 , 29.21 , 4449.38 , 0.15
496.54 , 535.48 , 38.94 , 4444.52 , 0.19
501.41 , 530.62 , 29.21 , 4449.38 , 0.15
501.41 , 535.48 , 34.08 , 4444.52 , 0.17
501.41 , 540.35 , 38.94 , 4439.65 , 0.19
506.28 , 540.35 , 34.08 , 4439.65 , 0.17
506.28 , 545.22 , 38.94 , 4434.78 , 0.19
506.28 , 540.35 , 34.08 , 4439.65 , 0.17
506.28 , 540.35 , 34.08 , 4439.65 , 0.17
511.14 , 545.22 , 34.08 , 4434.78 , 0.17
506.28 , 545.22 , 38.94 , 4434.78 , 0.19
506.28 , 550.09 , 43.81 , 4429.91 , 0.22
511.14 , 550.09 , 38.94 , 4429.91 , 0.19
511.14 , 545.22 , 34.08 , 4434.78 , 0.17
516.01 , 554.96 , 38.94 , 4425.04 , 0.19
516.01 , 559.82 , 43.81 , 4420.18 , 0.22
511.14 , 559.82 , 48.68 , 4420.18 , 0.24
516.01 , 564.69 , 48.68 , 4415.31 , 0.24
516.01 , 559.82 , 43.81 , 4420.18 , 0.22
520.88 , 564.69 , 43.81 , 4415.31 , 0.22
516.01 , 574.43 , 58.42 , 4405.57 , 0.29
516.01 , 574.43 , 58.42 , 4405.57 , 0.29
520.88 , 574.43 , 53.55 , 4405.57 , 0.27
520.88 , 574.43 , 53.55 , 4405.57 , 0.27
520.88 , 574.43 , 53.55 , 4405.57 , 0.27
520.88 , 579.30 , 58.42 , 4400.70 , 0.29
525.75 , 584.16 , 58.42 , 4395.84 , 0.29
525.75 , 589.03 , 63.28 , 4390.97 , 0.32
530.62 , 584.16 , 53.55 , 4395.84 , 0.27
525.75 , 593.90 , 68.15 , 4386.10 , 0.34
535.48 , 593.90 , 58.42 , 4386.10 , 0.29
535.48 , 598.77 , 63.28 , 4381.23 , 0.32
535.48 , 603.64 , 68.15 , 4376.36 , 0.34
535.48 , 603.64 , 68.15 , 4376.36 , 0.34
535.48 , 608.50 , 73.02 , 4371.50 , 0.37
540.35 , 618.24 , 77.89 , 4361.76 , 0.39
535.48 , 618.24 , 82.76 , 4361.76 , 0.41
540.35 , 623.11 , 82.76 , 4356.89 , 0.41
545.22 , 632.84 , 87.62 , 4347.16 , 0.44
545.22 , 632.84 , 87.62 , 4347.16 , 0.44
545.22 , 637.71 , 92.49 , 4342.29 , 0.46
550.09 , 642.58 , 92.49 , 4337.42 , 0.46
554.96 , 647.45 , 92.49 , 4332.55 , 0.46
554.96 , 657.18 , 102.23 , 4322.82 , 0.51
550.09 , 666.92 , 116.83 , 4313.08 , 0.58
554.96 , 676.66 , 121.70 , 4303.34 , 0.61
559.82 , 686.39 , 126.57 , 4293.61 , 0.63
559.82 , 691.26 , 131.44 , 4288.74 , 0.66
569.56 , 705.87 , 136.30 , 4274.13 , 0.68
569.56 , 715.60 , 146.04 , 4264.40 , 0.73
574.43 , 725.34 , 150.91 , 4254.66 , 0.75
579.30 , 744.81 , 165.51 , 4235.19 , 0.83
574.43 , 759.41 , 184.99 , 4220.59 , 0.92
579.30 , 783.75 , 204.46 , 4196.25 , 1.02
584.16 , 808.09 , 223.93 , 4171.91 , 1.12
593.90 , 827.57 , 233.67 , 4152.43 , 1.17
598.77 , 866.51 , 267.74 , 4113.49 , 1.34
603.64 , 910.32 , 306.69 , 4069.68 , 1.53
613.37 , 959.00 , 345.63 , 4021.00 , 1.73
618.24 , 1032.02 , 413.78 , 3947.98 , 2.07
627.98 , 1129.38 , 501.41 , 3850.62 , 2.51
642.58 , 1280.29 , 637.71 , 3699.71 , 3.19
657.18 , 1543.17 , 885.98 , 3436.83 , 4.43
691.26 , 2107.86 , 1416.60 , 2872.14 , 7.08
749.68 , 4420.18 , 3670.50 , 559.82 , 18.35
754.55 , 4415.31 , 3660.76 , 564.69 , 18.30
