63.28 , 68.15 , 4.87 , 4911.85 , 0.02
107.10 , 107.10 , 0.00 , 4872.90 , 0.00
150.91 , 165.51 , 14.60 , 4814.49 , 0.07
184.99 , 189.85 , 4.87 , 4790.15 , 0.02
228.80 , 228.80 , 0.00 , 4751.20 , 0.00
262.87 , 262.87 , 0.00 , 4717.13 , 0.00
301.82 , 301.82 , 0.00 , 4678.18 , 0.00
335.89 , 335.89 , 0.00 , 4644.11 , 0.00
365.10 , 365.10 , 0.00 , 4614.90 , 0.00
389.44 , 389.44 , 0.00 , 4590.56 , 0.00
399.18 , 404.05 , 4.87 , 4575.95 , 0.02
413.78 , 418.65 , 4.87 , 4561.35 , 0.02
428.39 , 433.26 , 4.87 , 4546.75 , 0.02
428.39 , 438.12 , 9.74 , 4541.88 , 0.05
438.12 , 442.99 , 4.87 , 4537.01 , 0.02
442.99 , 447.86 , 4.87 , 4532.14 , 0.02
447.86 , 452.73 , 4.87 , 4527.27 , 0.02
447.86 , 457.60 , 9.74 , 4522.40 , 0.05
452.73 , 462.46 , 9.74 , 4517.54 , 0.05
457.60 , 462.46 , 4.87 , 4517.54 , 0.02
457.60 , 467.33 , 9.74 , 4512.67 , 0.05
462.46 , 472.20 , 9.74 , 4507.80 , 0.05
457.60 , 477.07 , 19.47 , 4502.93 , 0.10
462.46 , 472.20 , 9.74 , 4507.80 , 0.05
467.33 , 477.07 , 9.74 , 4502.93 , 0.05
467.33 , 477.07 , 9.74 , 4502.93 , 0.05
467.33 , 481.94 , 14.60 , 4498.06 , 0.07
472.20 , 481.94 , 9.74 , 4498.06 , 0.05
467.33 , 486.80 , 19.47 , 4493.20 , 0.10
472.20 , 486.80 , 14.60 , 4493.20 , 0.07
477.07 , 486.80 , 9.74 , 4493.20 , 0.05
472.20 , 491.67 , 19.47 , 4488.33 , 0.10
477.07 , 491.67 , 14.60 , 4488.33 , 0.07
477.07 , 496.54 , 19.47 , 4483.46 , 0.10
477.07 , 496.54 , 19.47 , 4483.46 , 0.10
477.07 , 496.54 , 19.47 , 4483.46 , 0.10
481.94 , 496.54 , 14.60 , 4483.46 , 0.07
481.94 , 496.54 , 14.60 , 4483.46 , 0.07
481.94 , 501.41 , 19.47 , 4478.59 , 0.10
481.94 , 506.28 , 24.34 , 4473.72 , 0.12
481.94 , 501.41 , 19.47 , 4478.59 , 0.10
481.94 , 506.28 , 24.34 , 4473.72 , 0.12
486.80 , 506.28 , 19.47 , 4473.72 , 0.10
486.80 , 511.14 , 24.34 , 4468.86 , 0.12
491.67 , 511.14 , 19.47 , 4468.86 , 0.10
486.80 , 511.14 , 24.34 , 4468.86 , 0.12
486.80 , 511.14 , 24.34 , 4468.86 , 0.12
486.80 , 511.14 , 24.34 , 4468.86 , 0.12
486.80 , 516.01 , 29.21 , 4463.99 , 0.15
486.80 , 516.01 , 29.21 , 4463.99 , 0.15
491.67 , 516.01 , 24.34 , 4463.99 , 0.12
491.67 , 516.01 , 24.34 , 4463.99 , 0.12
491.67 , 520.88 , 29.21 , 4459.12 , 0.15
491.67 , 520.88 , 29.21 , 4459.12 , 0.15
496.54 , 520.88 , 24.34 , 4459.12 , 0.12
496.54 , 520.88 , 24.34 , 4459.12 , 0.12
496.54 , 511.14 , 14.60 , 4468.86 , 0.07
496.54 , 525.75 , 29.21 , 4454.25 , 0.15
501.41 , 530.62 , 29.21 , 4449.38 , 0.15
501.41 , 525.75 , 24.34 , 4454.25 , 0.12
496.54 , 525.75 , 29.21 , 4454.25 , 0.15
496.54 , 530.62 , 34.08 , 4449.38 , 0.17
501.41 , 530.62 , 29.21 , 4449.38 , 0.15
496.54 , 540.35 , 43.81 , 4439.65 , 0.22
501.41 , 535.48 , 34.08 , 4444.52 , 0.17
501.41 , 535.48 , 34.08 , 4444.52 , 0.17
501.41 , 540.35 , 38.94 , 4439.65 , 0.19
501.41 , 540.35 , 38.94 , 4439.65 , 0.19
501.41 , 540.35 , 38.94 , 4439.65 , 0.19
506.28 , 545.22 , 38.94 , 4434.78 , 0.19
506.28 , 545.22 , 38.94 , 4434.78 , 0.19
506.28 , 550.09 , 43.81 , 4429.91 , 0.22
506.28 , 545.22 , 38.94 , 4434.78 , 0.19
511.14 , 550.09 , 38.94 , 4429.91 , 0.19
511.14 , 550.09 , 38.94 , 4429.91 , 0.19
511.14 , 550.09 , 38.94 , 4429.91 , 0.19
516.01 , 554.96 , 38.94 , 4425.04 , 0.19
516.01 , 564.69 , 48.68 , 4415.31 , 0.24
511.14 , 559.82 , 48.68 , 4420.18 , 0.24
516.01 , 559.82 , 43.81 , 4420.18 , 0.22
516.01 , 564.69 , 48.68 , 4415.31 , 0.24
516.01 , 564.69 , 48.68 , 4415.31 , 0.24
520.88 , 564.69 , 43.81 , 4415.31 , 0.22
520.88 , 569.56 , 48.68 , 4410.44 , 0.24
520.88 , 579.30 , 58.42 , 4400.70 , 0.29
520.88 , 574.43 , 53.55 , 4405.57 , 0.27
525.75 , 579.30 , 53.55 , 4400.70 , 0.27
520.88 , 584.16 , 63.28 , 4395.84 , 0.32
520.88 , 584.16 , 63.28 , 4395.84 , 0.32
530.62 , 589.03 , 58.42 , 4390.97 , 0.29
530.62 , 589.03 , 58.42 , 4390.97 , 0.29
530.62 , 589.03 , 58.42 , 4390.97 , 0.29
535.48 , 598.77 , 63.28 , 4381.23 , 0.32
530.62 , 598.77 , 68.15 , 4381.23 , 0.34
535.48 , 603.64 , 68.15 , 4376.36 , 0.34
535.48 , 608.50 , 73.02 , 4371.50 , 0.37
535.48 , 613.37 , 77.89 , 4366.63 , 0.39
540.35 , 618.24 , 77.89 , 4361.76 , 0.39
540.35 , 623.11 , 82.76 , 4356.89 , 0.41
540.35 , 623.11 , 82.76 , 4356.89 , 0.41
545.22 , 627.98 , 82.76 , 4352.02 , 0.41
545.22 , 632.84 , 87.62 , 4347.16 , 0.44
545.22 , 637.71 , 92.49 , 4342.29 , 0.46
545.22 , 642.58 , 97.36 , 4337.42 , 0.49
550.09 , 652.32 , 102.23 , 4327.68 , 0.51
554.96 , 662.05 , 107.10 , 4317.95 , 0.54
554.96 , 666.92 , 111.96 , 4313.08 , 0.56
559.82 , 671.79 , 111.96 , 4308.21 , 0.56
559.82 , 681.52 , 121.70 , 4298.47 , 0.61
564.69 , 696.13 , 131.44 , 4283.87 , 0.66
559.82 , 701.00 , 141.17 , 4279.00 , 0.71
564.69 , 720.47 , 155.78 , 4259.53 , 0.78
569.56 , 730.21 , 160.65 , 4249.79 , 0.80
574.43 , 744.81 , 170.38 , 4235.19 , 0.85
579.30 , 764.28 , 184.99 , 4215.72 , 0.92
584.16 , 783.75 , 199.59 , 4196.25 , 1.00
589.03 , 803.23 , 214.19 , 4176.77 , 1.07
589.03 , 832.43 , 243.40 , 4147.57 , 1.22
593.90 , 866.51 , 272.61 , 4113.49 , 1.36
603.64 , 910.32 , 306.69 , 4069.68 , 1.53
608.50 , 959.00 , 350.50 , 4021.00 , 1.75
618.24 , 1032.02 , 413.78 , 3947.98 , 2.07
627.98 , 1134.25 , 506.28 , 3845.75 , 2.53
642.58 , 1280.29 , 637.71 , 3699.71 , 3.19
657.18 , 1538.30 , 881.11 , 3441.70 , 4.41
686.39 , 2102.99 , 1416.60 , 2877.01 , 7.08
749.68 , 4381.23 , 3631.55 , 598.77 , 18.16
749.68 , 4381.23 , 3631.55 , 598.77 , 18.16
