63.28 , 68.15 , 4.87 , 4911.85 , 0.02
107.10 , 107.10 , 0.00 , 4872.90 , 0.00
146.04 , 136.30 , -9.74 , 4843.69 , -0.05
184.99 , 184.99 , 0.00 , 4795.01 , 0.00
228.80 , 223.93 , -4.87 , 4756.07 , -0.02
243.40 , 262.87 , 19.47 , 4717.13 , 0.10
301.82 , 296.95 , -4.87 , 4683.05 , -0.02
335.89 , 335.89 , 0.00 , 4644.11 , 0.00
365.10 , 369.97 , 4.87 , 4610.03 , 0.02
384.57 , 394.31 , 9.74 , 4585.69 , 0.05
404.05 , 404.05 , 0.00 , 4575.95 , 0.00
413.78 , 418.65 , 4.87 , 4561.35 , 0.02
423.52 , 428.39 , 4.87 , 4551.61 , 0.02
428.39 , 438.12 , 9.74 , 4541.88 , 0.05
433.26 , 442.99 , 9.74 , 4537.01 , 0.05
438.12 , 447.86 , 9.74 , 4532.14 , 0.05
447.86 , 452.73 , 4.87 , 4527.27 , 0.02
447.86 , 457.60 , 9.74 , 4522.40 , 0.05
452.73 , 462.46 , 9.74 , 4517.54 , 0.05
452.73 , 462.46 , 9.74 , 4517.54 , 0.05
452.73 , 467.33 , 14.60 , 4512.67 , 0.07
462.46 , 472.20 , 9.74 , 4507.80 , 0.05
462.46 , 467.33 , 4.87 , 4512.67 , 0.02
462.46 , 472.20 , 9.74 , 4507.80 , 0.05
462.46 , 477.07 , 14.60 , 4502.93 , 0.07
467.33 , 481.94 , 14.60 , 4498.06 , 0.07
467.33 , 481.94 , 14.60 , 4498.06 , 0.07
472.20 , 481.94 , 9.74 , 4498.06 , 0.05
467.33 , 481.94 , 14.60 , 4498.06 , 0.07
472.20 , 486.80 , 14.60 , 4493.20 , 0.07
472.20 , 491.67 , 19.47 , 4488.33 , 0.10
472.20 , 486.80 , 14.60 , 4493.20 , 0.07
477.07 , 491.67 , 14.60 , 4488.33 , 0.07
477.07 , 496.54 , 19.47 , 4483.46 , 0.10
472.20 , 491.67 , 19.47 , 4488.33 , 0.10
477.07 , 496.54 , 19.47 , 4483.46 , 0.10
481.94 , 477.07 , -4.87 , 4502.93 , -0.02
481.94 , 496.54 , 14.60 , 4483.46 , 0.07
481.94 , 501.41 , 19.47 , 4478.59 , 0.10
481.94 , 506.28 , 24.34 , 4473.72 , 0.12
481.94 , 501.41 , 19.47 , 4478.59 , 0.10
481.94 , 506.28 , 24.34 , 4473.72 , 0.12
486.80 , 511.14 , 24.34 , 4468.86 , 0.12
486.80 , 506.28 , 19.47 , 4473.72 , 0.10
486.80 , 506.28 , 19.47 , 4473.72 , 0.10
481.94 , 511.14 , 29.21 , 4468.86 , 0.15
486.80 , 511.14 , 24.34 , 4468.86 , 0.12
486.80 , 516.01 , 29.21 , 4463.99 , 0.15
491.67 , 511.14 , 19.47 , 4468.86 , 0.10
491.67 , 511.14 , 19.47 , 4468.86 , 0.10
491.67 , 516.01 , 24.34 , 4463.99 , 0.12
496.54 , 516.01 , 19.47 , 4463.99 , 0.10
496.54 , 520.88 , 24.34 , 4459.12 , 0.12
491.67 , 520.88 , 29.21 , 4459.12 , 0.15
486.80 , 520.88 , 34.08 , 4459.12 , 0.17
496.54 , 520.88 , 24.34 , 4459.12 , 0.12
496.54 , 520.88 , 24.34 , 4459.12 , 0.12
496.54 , 525.75 , 29.21 , 4454.25 , 0.15
501.41 , 525.75 , 24.34 , 4454.25 , 0.12
496.54 , 525.75 , 29.21 , 4454.25 , 0.15
496.54 , 530.62 , 34.08 , 4449.38 , 0.17
496.54 , 530.62 , 34.08 , 4449.38 , 0.17
501.41 , 535.48 , 34.08 , 4444.52 , 0.17
501.41 , 530.62 , 29.21 , 4449.38 , 0.15
501.41 , 535.48 , 34.08 , 4444.52 , 0.17
501.41 , 535.48 , 34.08 , 4444.52 , 0.17
506.28 , 540.35 , 34.08 , 4439.65 , 0.17
501.41 , 535.48 , 34.08 , 4444.52 , 0.17
506.28 , 540.35 , 34.08 , 4439.65 , 0.17
506.28 , 545.22 , 38.94 , 4434.78 , 0.19
506.28 , 545.22 , 38.94 , 4434.78 , 0.19
506.28 , 545.22 , 38.94 , 4434.78 , 0.19
511.14 , 550.09 , 38.94 , 4429.91 , 0.19
511.14 , 550.09 , 38.94 , 4429.91 , 0.19
506.28 , 525.75 , 19.47 , 4454.25 , 0.10
511.14 , 554.96 , 43.81 , 4425.04 , 0.22
511.14 , 554.96 , 43.81 , 4425.04 , 0.22
511.14 , 554.96 , 43.81 , 4425.04 , 0.22
511.14 , 559.82 , 48.68 , 4420.18 , 0.24
516.01 , 564.69 , 48.68 , 4415.31 , 0.24
516.01 , 559.82 , 43.81 , 4420.18 , 0.22
516.01 , 564.69 , 48.68 , 4415.31 , 0.24
516.01 , 564.69 , 48.68 , 4415.31 , 0.24
520.88 , 569.56 , 48.68 , 4410.44 , 0.24
520.88 , 564.69 , 43.81 , 4415.31 , 0.22
520.88 , 579.30 , 58.42 , 4400.70 , 0.29
520.88 , 574.43 , 53.55 , 4405.57 , 0.27
520.88 , 579.30 , 58.42 , 4400.70 , 0.29
525.75 , 579.30 , 53.55 , 4400.70 , 0.27
530.62 , 589.03 , 58.42 , 4390.97 , 0.29
525.75 , 589.03 , 63.28 , 4390.97 , 0.32
530.62 , 593.90 , 63.28 , 4386.10 , 0.32
530.62 , 593.90 , 63.28 , 4386.10 , 0.32
535.48 , 598.77 , 63.28 , 4381.23 , 0.32
535.48 , 603.64 , 68.15 , 4376.36 , 0.34
535.48 , 608.50 , 73.02 , 4371.50 , 0.37
535.48 , 608.50 , 73.02 , 4371.50 , 0.37
535.48 , 613.37 , 77.89 , 4366.63 , 0.39
535.48 , 618.24 , 82.76 , 4361.76 , 0.41
540.35 , 627.98 , 87.62 , 4352.02 , 0.44
540.35 , 627.98 , 87.62 , 4352.02 , 0.44
550.09 , 637.71 , 87.62 , 4342.29 , 0.44
545.22 , 637.71 , 92.49 , 4342.29 , 0.46
550.09 , 642.58 , 92.49 , 4337.42 , 0.46
550.09 , 652.32 , 102.23 , 4327.68 , 0.51
554.96 , 657.18 , 102.23 , 4322.82 , 0.51
554.96 , 666.92 , 111.96 , 4313.08 , 0.56
554.96 , 676.66 , 121.70 , 4303.34 , 0.61
559.82 , 686.39 , 126.57 , 4293.61 , 0.63
559.82 , 691.26 , 131.44 , 4288.74 , 0.66
559.82 , 705.87 , 146.04 , 4274.13 , 0.73
564.69 , 715.60 , 150.91 , 4264.40 , 0.75
574.43 , 730.21 , 155.78 , 4249.79 , 0.78
574.43 , 744.81 , 170.38 , 4235.19 , 0.85
579.30 , 759.41 , 180.12 , 4220.59 , 0.90
584.16 , 783.75 , 199.59 , 4196.25 , 1.00
584.16 , 808.09 , 223.93 , 4171.91 , 1.12
589.03 , 837.30 , 248.27 , 4142.70 , 1.24
598.77 , 866.51 , 267.74 , 4113.49 , 1.34
603.64 , 905.45 , 301.82 , 4074.55 , 1.51
608.50 , 963.87 , 355.37 , 4016.13 , 1.78
613.37 , 1027.16 , 413.78 , 3952.84 , 2.07
632.84 , 1129.38 , 496.54 , 3850.62 , 2.48
642.58 , 1280.29 , 637.71 , 3699.71 , 3.19
662.05 , 1538.30 , 876.25 , 3441.70 , 4.38
686.39 , 2102.99 , 1416.60 , 2877.01 , 7.08
749.68 , 4386.10 , 3636.42 , 593.90 , 18.18
749.68 , 4386.10 , 3636.42 , 593.90 , 18.18
