68.15 , 68.15 , 0.00 , 4911.85 , 0.00
107.10 , 102.23 , -4.87 , 4877.77 , -0.02
141.17 , 146.04 , 4.87 , 4833.96 , 0.02
184.99 , 184.99 , 0.00 , 4795.01 , 0.00
228.80 , 223.93 , -4.87 , 4756.07 , -0.02
253.14 , 267.74 , 14.60 , 4712.26 , 0.07
301.82 , 296.95 , -4.87 , 4683.05 , -0.02
331.03 , 335.89 , 4.87 , 4644.11 , 0.02
369.97 , 365.10 , -4.87 , 4614.90 , -0.02
384.57 , 389.44 , 4.87 , 4590.56 , 0.02
399.18 , 408.91 , 9.74 , 4571.08 , 0.05
413.78 , 418.65 , 4.87 , 4561.35 , 0.02
423.52 , 428.39 , 4.87 , 4551.61 , 0.02
433.26 , 433.26 , 0.00 , 4546.75 , 0.00
438.12 , 442.99 , 4.87 , 4537.01 , 0.02
442.99 , 447.86 , 4.87 , 4532.14 , 0.02
442.99 , 452.73 , 9.74 , 4527.27 , 0.05
452.73 , 457.60 , 4.87 , 4522.40 , 0.02
452.73 , 462.46 , 9.74 , 4517.54 , 0.05
452.73 , 462.46 , 9.74 , 4517.54 , 0.05
457.60 , 472.20 , 14.60 , 4507.80 , 0.07
462.46 , 472.20 , 9.74 , 4507.80 , 0.05
462.46 , 477.07 , 14.60 , 4502.93 , 0.07
467.33 , 477.07 , 9.74 , 4502.93 , 0.05
462.46 , 477.07 , 14.60 , 4502.93 , 0.07
467.33 , 477.07 , 9.74 , 4502.93 , 0.05
467.33 , 481.94 , 14.60 , 4498.06 , 0.07
467.33 , 481.94 , 14.60 , 4498.06 , 0.07
472.20 , 491.67 , 19.47 , 4488.33 , 0.10
472.20 , 491.67 , 19.47 , 4488.33 , 0.10
472.20 , 491.67 , 19.47 , 4488.33 , 0.10
477.07 , 491.67 , 14.60 , 4488.33 , 0.07
472.20 , 491.67 , 19.47 , 4488.33 , 0.10
477.07 , 496.54 , 19.47 , 4483.46 , 0.10
477.07 , 496.54 , 19.47 , 4483.46 , 0.10
477.07 , 496.54 , 19.47 , 4483.46 , 0.10
481.94 , 496.54 , 14.60 , 4483.46 , 0.07
481.94 , 501.41 , 19.47 , 4478.59 , 0.10
481.94 , 501.41 , 19.47 , 4478.59 , 0.10
481.94 , 506.28 , 24.34 , 4473.72 , 0.12
481.94 , 501.41 , 19.47 , 4478.59 , 0.10
486.80 , 506.28 , 19.47 , 4473.72 , 0.10
481.94 , 506.28 , 24.34 , 4473.72 , 0.12
481.94 , 506.28 , 24.34 , 4473.72 , 0.12
481.94 , 511.14 , 29.21 , 4468.86 , 0.15
486.80 , 511.14 , 24.34 , 4468.86 , 0.12
491.67 , 511.14 , 19.47 , 4468.86 , 0.10
486.80 , 511.14 , 24.34 , 4468.86 , 0.12
491.67 , 511.14 , 19.47 , 4468.86 , 0.10
486.80 , 516.01 , 29.21 , 4463.99 , 0.15
491.67 , 511.14 , 19.47 , 4468.86 , 0.10
491.67 , 516.01 , 24.34 , 4463.99 , 0.12
496.54 , 516.01 , 19.47 , 4463.99 , 0.10
491.67 , 516.01 , 24.34 , 4463.99 , 0.12
496.54 , 520.88 , 24.34 , 4459.12 , 0.12
491.67 , 525.75 , 34.08 , 4454.25 , 0.17
496.54 , 525.75 , 29.21 , 4454.25 , 0.15
496.54 , 525.75 , 29.21 , 4454.25 , 0.15
491.67 , 525.75 , 34.08 , 4454.25 , 0.17
501.41 , 530.62 , 29.21 , 4449.38 , 0.15
496.54 , 530.62 , 34.08 , 4449.38 , 0.17
501.41 , 535.48 , 34.08 , 4444.52 , 0.17
501.41 , 535.48 , 34.08 , 4444.52 , 0.17
496.54 , 530.62 , 34.08 , 4449.38 , 0.17
501.41 , 540.35 , 38.94 , 4439.65 , 0.19
501.41 , 540.35 , 38.94 , 4439.65 , 0.19
501.41 , 535.48 , 34.08 , 4444.52 , 0.17
506.28 , 540.35 , 34.08 , 4439.65 , 0.17
506.28 , 545.22 , 38.94 , 4434.78 , 0.19
506.28 , 545.22 , 38.94 , 4434.78 , 0.19
506.28 , 545.22 , 38.94 , 4434.78 , 0.19
511.14 , 550.09 , 38.94 , 4429.91 , 0.19
511.14 , 545.22 , 34.08 , 4434.78 , 0.17
511.14 , 550.09 , 38.94 , 4429.91 , 0.19
511.14 , 550.09 , 38.94 , 4429.91 , 0.19
506.28 , 550.09 , 43.81 , 4429.91 , 0.22
511.14 , 554.96 , 43.81 , 4425.04 , 0.22
511.14 , 559.82 , 48.68 , 4420.18 , 0.24
516.01 , 559.82 , 43.81 , 4420.18 , 0.22
516.01 , 564.69 , 48.68 , 4415.31 , 0.24
520.88 , 559.82 , 38.94 , 4420.18 , 0.19
520.88 , 564.69 , 43.81 , 4415.31 , 0.22
520.88 , 564.69 , 43.81 , 4415.31 , 0.22
516.01 , 569.56 , 53.55 , 4410.44 , 0.27
520.88 , 569.56 , 48.68 , 4410.44 , 0.24
520.88 , 574.43 , 53.55 , 4405.57 , 0.27
520.88 , 579.30 , 58.42 , 4400.70 , 0.29
525.75 , 579.30 , 53.55 , 4400.70 , 0.27
525.75 , 584.16 , 58.42 , 4395.84 , 0.29
530.62 , 584.16 , 53.55 , 4395.84 , 0.27
525.75 , 589.03 , 63.28 , 4390.97 , 0.32
530.62 , 593.90 , 63.28 , 4386.10 , 0.32
530.62 , 593.90 , 63.28 , 4386.10 , 0.32
535.48 , 603.64 , 68.15 , 4376.36 , 0.34
535.48 , 603.64 , 68.15 , 4376.36 , 0.34
535.48 , 608.50 , 73.02 , 4371.50 , 0.37
535.48 , 608.50 , 73.02 , 4371.50 , 0.37
540.35 , 618.24 , 77.89 , 4361.76 , 0.39
540.35 , 623.11 , 82.76 , 4356.89 , 0.41
540.35 , 627.98 , 87.62 , 4352.02 , 0.44
540.35 , 627.98 , 87.62 , 4352.02 , 0.44
545.22 , 632.84 , 87.62 , 4347.16 , 0.44
545.22 , 642.58 , 97.36 , 4337.42 , 0.49
554.96 , 642.58 , 87.62 , 4337.42 , 0.44
554.96 , 657.18 , 102.23 , 4322.82 , 0.51
554.96 , 657.18 , 102.23 , 4322.82 , 0.51
554.96 , 666.92 , 111.96 , 4313.08 , 0.56
559.82 , 676.66 , 116.83 , 4303.34 , 0.58
559.82 , 681.52 , 121.70 , 4298.47 , 0.61
564.69 , 696.13 , 131.44 , 4283.87 , 0.66
564.69 , 705.87 , 141.17 , 4274.13 , 0.71
569.56 , 715.60 , 146.04 , 4264.40 , 0.73
569.56 , 725.34 , 155.78 , 4254.66 , 0.78
574.43 , 744.81 , 170.38 , 4235.19 , 0.85
574.43 , 764.28 , 189.85 , 4215.72 , 0.95
579.30 , 783.75 , 204.46 , 4196.25 , 1.02
584.16 , 803.23 , 219.06 , 4176.77 , 1.10
593.90 , 832.43 , 238.53 , 4147.57 , 1.19
598.77 , 866.51 , 267.74 , 4113.49 , 1.34
598.77 , 910.32 , 311.55 , 4069.68 , 1.56
613.37 , 963.87 , 350.50 , 4016.13 , 1.75
618.24 , 1032.02 , 413.78 , 3947.98 , 2.07
627.98 , 1129.38 , 501.41 , 3850.62 , 2.51
637.71 , 1280.29 , 642.58 , 3699.71 , 3.21
657.18 , 1538.30 , 881.11 , 3441.70 , 4.41
686.39 , 2098.12 , 1411.73 , 2881.88 , 7.06
749.68 , 4371.50 , 3621.82 , 608.50 , 18.11
754.55 , 4371.50 , 3616.95 , 608.50 , 18.08
