68.15 , 68.15 , 0.00 , 4911.85 , 0.00
107.10 , 107.10 , 0.00 , 4872.90 , 0.00
146.04 , 146.04 , 0.00 , 4833.96 , 0.00
184.99 , 184.99 , 0.00 , 4795.01 , 0.00
223.93 , 223.93 , 0.00 , 4756.07 , 0.00
262.87 , 262.87 , 0.00 , 4717.13 , 0.00
306.69 , 301.82 , -4.87 , 4678.18 , -0.02
345.63 , 340.76 , -4.87 , 4639.24 , -0.02
384.57 , 379.71 , -4.87 , 4600.29 , -0.02
418.65 , 418.65 , 0.00 , 4561.35 , 0.00
457.60 , 457.60 , 0.00 , 4522.40 , 0.00
501.41 , 501.41 , 0.00 , 4478.59 , 0.00
540.35 , 540.35 , 0.00 , 4439.65 , 0.00
579.30 , 579.30 , 0.00 , 4400.70 , 0.00
618.24 , 613.37 , -4.87 , 4366.63 , -0.02
652.32 , 652.32 , 0.00 , 4327.68 , 0.00
691.26 , 691.26 , 0.00 , 4288.74 , 0.00
730.21 , 730.21 , 0.00 , 4249.79 , 0.00
769.15 , 769.15 , 0.00 , 4210.85 , 0.00
812.96 , 812.96 , 0.00 , 4167.04 , 0.00
851.91 , 851.91 , 0.00 , 4128.09 , 0.00
890.85 , 885.98 , -4.87 , 4094.02 , -0.02
924.93 , 924.93 , 0.00 , 4055.07 , 0.00
963.87 , 963.87 , 0.00 , 4016.13 , 0.00
1007.68 , 1002.82 , -4.87 , 3977.18 , -0.02
1046.63 , 1046.63 , 0.00 , 3933.37 , 0.00
1085.57 , 1085.57 , 0.00 , 3894.43 , 0.00
1124.52 , 1124.52 , 0.00 , 3855.48 , 0.00
1158.59 , 1158.59 , 0.00 , 3821.41 , 0.00
1197.54 , 1202.40 , 4.87 , 3777.60 , 0.02
1236.48 , 1236.48 , 0.00 , 3743.52 , 0.00
1280.29 , 1280.29 , 0.00 , 3699.71 , 0.00
1324.11 , 1319.24 , -4.87 , 3660.76 , -0.02
1358.18 , 1358.18 , 0.00 , 3621.82 , 0.00
1392.26 , 1392.26 , 0.00 , 3587.74 , 0.00
1431.20 , 1436.07 , 4.87 , 3543.93 , 0.02
1470.15 , 1470.15 , 0.00 , 3509.85 , 0.00
1509.09 , 1509.09 , 0.00 , 3470.91 , 0.00
1552.90 , 1552.90 , 0.00 , 3427.10 , 0.00
1596.72 , 1596.72 , 0.00 , 3383.28 , 0.00
1635.66 , 1630.79 , -4.87 , 3349.21 , -0.02
1669.74 , 1664.87 , -4.87 , 3315.13 , -0.02
1703.81 , 1703.81 , 0.00 , 3276.19 , 0.00
1742.76 , 1742.76 , 0.00 , 3237.24 , 0.00
1781.70 , 1781.70 , 0.00 , 3198.30 , 0.00
1825.51 , 1820.65 , -4.87 , 3159.35 , -0.02
1874.19 , 1869.33 , -4.87 , 3110.67 , -0.02
1903.40 , 1903.40 , 0.00 , 3076.60 , 0.00
1937.48 , 1937.48 , 0.00 , 3042.52 , 0.00
1971.55 , 1971.55 , 0.00 , 3008.45 , 0.00
2010.50 , 2010.50 , 0.00 , 2969.50 , 0.00
2049.44 , 2049.44 , 0.00 , 2930.56 , 0.00
2093.26 , 2093.26 , 0.00 , 2886.74 , 0.00
2132.20 , 2132.20 , 0.00 , 2847.80 , 0.00
2166.28 , 2171.14 , 4.87 , 2808.86 , 0.02
2200.35 , 2200.35 , 0.00 , 2779.65 , 0.00
2239.30 , 2239.30 , 0.00 , 2740.70 , 0.00
2273.37 , 2273.37 , 0.00 , 2706.63 , 0.00
2307.45 , 2312.32 , 4.87 , 2667.68 , 0.02
2356.13 , 2356.13 , 0.00 , 2623.87 , 0.00
2385.34 , 2390.21 , 4.87 , 2589.79 , 0.02
2414.55 , 2419.41 , 4.87 , 2560.59 , 0.02
2438.89 , 2438.89 , 0.00 , 2541.11 , 0.00
2453.49 , 2458.36 , 4.87 , 2521.64 , 0.02
2472.96 , 2472.96 , 0.00 , 2507.04 , 0.00
2482.70 , 2487.57 , 4.87 , 2492.43 , 0.02
2497.30 , 2497.30 , 0.00 , 2482.70 , 0.00
2507.04 , 2507.04 , 0.00 , 2472.96 , 0.00
2511.91 , 2516.77 , 4.87 , 2463.23 , 0.02
2516.77 , 2521.64 , 4.87 , 2458.36 , 0.02
2521.64 , 2526.51 , 4.87 , 2453.49 , 0.02
2526.51 , 2531.38 , 4.87 , 2448.62 , 0.02
2531.38 , 2536.25 , 4.87 , 2443.75 , 0.02
2536.25 , 2545.98 , 9.74 , 2434.02 , 0.05
2541.11 , 2550.85 , 9.74 , 2429.15 , 0.05
2545.98 , 2550.85 , 4.87 , 2429.15 , 0.02
2550.85 , 2555.72 , 4.87 , 2424.28 , 0.02
2550.85 , 2560.59 , 9.74 , 2419.41 , 0.05
2555.72 , 2565.45 , 9.74 , 2414.55 , 0.05
2555.72 , 2570.32 , 14.60 , 2409.68 , 0.07
2560.59 , 2575.19 , 14.60 , 2404.81 , 0.07
2565.45 , 2575.19 , 9.74 , 2404.81 , 0.05
2565.45 , 2580.06 , 14.60 , 2399.94 , 0.07
2570.32 , 2584.93 , 14.60 , 2395.07 , 0.07
2570.32 , 2589.79 , 19.47 , 2390.21 , 0.10
2575.19 , 2589.79 , 14.60 , 2390.21 , 0.07
2580.06 , 2594.66 , 14.60 , 2385.34 , 0.07
2584.93 , 2599.53 , 14.60 , 2380.47 , 0.07
2584.93 , 2604.40 , 19.47 , 2375.60 , 0.10
2589.79 , 2609.27 , 19.47 , 2370.73 , 0.10
2589.79 , 2609.27 , 19.47 , 2370.73 , 0.10
2594.66 , 2614.13 , 19.47 , 2365.87 , 0.10
2599.53 , 2619.00 , 19.47 , 2361.00 , 0.10
2599.53 , 2623.87 , 24.34 , 2356.13 , 0.12
2604.40 , 2628.74 , 24.34 , 2351.26 , 0.12
2604.40 , 2633.61 , 29.21 , 2346.39 , 0.15
2609.27 , 2638.47 , 29.21 , 2341.53 , 0.15
2614.13 , 2643.34 , 29.21 , 2336.66 , 0.15
2614.13 , 2648.21 , 34.08 , 2331.79 , 0.17
2619.00 , 2653.08 , 34.08 , 2326.92 , 0.17
2623.87 , 2657.95 , 34.08 , 2322.05 , 0.17
2628.74 , 2662.82 , 34.08 , 2317.18 , 0.17
2628.74 , 2667.68 , 38.94 , 2312.32 , 0.19
2633.61 , 2677.42 , 43.81 , 2302.58 , 0.22
2638.47 , 2682.29 , 43.81 , 2297.71 , 0.22
2643.34 , 2687.16 , 43.81 , 2292.84 , 0.22
2648.21 , 2696.89 , 48.68 , 2283.11 , 0.24
2653.08 , 2706.63 , 53.55 , 2273.37 , 0.27
2657.95 , 2711.50 , 53.55 , 2268.50 , 0.27
2662.82 , 2721.23 , 58.42 , 2258.77 , 0.29
2672.55 , 2730.97 , 58.42 , 2249.03 , 0.29
2677.42 , 2745.57 , 68.15 , 2234.43 , 0.34
2682.29 , 2755.31 , 73.02 , 2224.69 , 0.37
2692.02 , 2769.91 , 77.89 , 2210.09 , 0.39
2701.76 , 2784.52 , 82.76 , 2195.48 , 0.41
2711.50 , 2803.99 , 92.49 , 2176.01 , 0.46
2721.23 , 2823.46 , 102.23 , 2156.54 , 0.51
2735.84 , 2847.80 , 111.96 , 2132.20 , 0.56
2750.44 , 2877.01 , 126.57 , 2102.99 , 0.63
2765.04 , 2911.08 , 146.04 , 2068.91 , 0.73
2784.52 , 2954.90 , 170.38 , 2025.10 , 0.85
2813.72 , 3013.31 , 199.59 , 1966.69 , 1.00
2847.80 , 3086.33 , 238.53 , 1893.67 , 1.19
2891.61 , 3193.43 , 301.82 , 1786.57 , 1.51
2959.77 , 3368.68 , 408.91 , 1611.32 , 2.04
3076.60 , 3699.71 , 623.11 , 1280.29 , 3.12
3354.08 , 4785.28 , 1431.20 , 194.72 , 7.16
3344.34 , 4780.41 , 1436.07 , 199.59 , 7.18
