68.15 , 68.15 , 0.00 , 4911.85 , 0.00
107.10 , 107.10 , 0.00 , 4872.90 , 0.00
146.04 , 146.04 , 0.00 , 4833.96 , 0.00
184.99 , 184.99 , 0.00 , 4795.01 , 0.00
223.93 , 223.93 , 0.00 , 4756.07 , 0.00
262.87 , 262.87 , 0.00 , 4717.13 , 0.00
301.82 , 301.82 , 0.00 , 4678.18 , 0.00
340.76 , 340.76 , 0.00 , 4639.24 , 0.00
379.71 , 379.71 , 0.00 , 4600.29 , 0.00
423.52 , 418.65 , -4.87 , 4561.35 , -0.02
462.46 , 462.46 , 0.00 , 4517.54 , 0.00
501.41 , 501.41 , 0.00 , 4478.59 , 0.00
540.35 , 540.35 , 0.00 , 4439.65 , 0.00
574.43 , 574.43 , 0.00 , 4405.57 , 0.00
613.37 , 613.37 , 0.00 , 4366.63 , 0.00
652.32 , 652.32 , 0.00 , 4327.68 , 0.00
691.26 , 691.26 , 0.00 , 4288.74 , 0.00
735.07 , 735.07 , 0.00 , 4244.93 , 0.00
774.02 , 774.02 , 0.00 , 4205.98 , 0.00
812.96 , 808.09 , -4.87 , 4171.91 , -0.02
847.04 , 847.04 , 0.00 , 4132.96 , 0.00
885.98 , 885.98 , 0.00 , 4094.02 , 0.00
924.93 , 924.93 , 0.00 , 4055.07 , 0.00
973.61 , 968.74 , -4.87 , 4011.26 , -0.02
1007.68 , 1007.68 , 0.00 , 3972.32 , 0.00
1046.63 , 1046.63 , 0.00 , 3933.37 , 0.00
1080.70 , 1080.70 , 0.00 , 3899.30 , 0.00
1119.65 , 1119.65 , 0.00 , 3860.35 , 0.00
1158.59 , 1158.59 , 0.00 , 3821.41 , 0.00
1197.54 , 1202.40 , 4.87 , 3777.60 , 0.02
1246.22 , 1246.22 , 0.00 , 3733.78 , 0.00
1285.16 , 1280.29 , -4.87 , 3699.71 , -0.02
1319.24 , 1319.24 , 0.00 , 3660.76 , 0.00
1353.31 , 1358.18 , 4.87 , 3621.82 , 0.02
1392.26 , 1392.26 , 0.00 , 3587.74 , 0.00
1436.07 , 1431.20 , -4.87 , 3548.80 , -0.02
1475.01 , 1475.01 , 0.00 , 3504.99 , 0.00
1518.83 , 1518.83 , 0.00 , 3461.17 , 0.00
1552.90 , 1552.90 , 0.00 , 3427.10 , 0.00
1591.85 , 1591.85 , 0.00 , 3388.15 , 0.00
1625.92 , 1625.92 , 0.00 , 3354.08 , 0.00
1664.87 , 1664.87 , 0.00 , 3315.13 , 0.00
1703.81 , 1703.81 , 0.00 , 3276.19 , 0.00
1752.49 , 1752.49 , 0.00 , 3227.51 , 0.00
1791.44 , 1791.44 , 0.00 , 3188.56 , 0.00
1825.51 , 1825.51 , 0.00 , 3154.49 , 0.00
1859.59 , 1859.59 , 0.00 , 3120.41 , 0.00
1893.67 , 1893.67 , 0.00 , 3086.33 , 0.00
1932.61 , 1932.61 , 0.00 , 3047.39 , 0.00
1976.42 , 1976.42 , 0.00 , 3003.58 , 0.00
2020.23 , 2020.23 , 0.00 , 2959.77 , 0.00
2054.31 , 2059.18 , 4.87 , 2920.82 , 0.02
2088.39 , 2088.39 , 0.00 , 2891.61 , 0.00
2127.33 , 2127.33 , 0.00 , 2852.67 , 0.00
2161.41 , 2161.41 , 0.00 , 2818.59 , 0.00
2200.35 , 2200.35 , 0.00 , 2779.65 , 0.00
2244.16 , 2244.16 , 0.00 , 2735.84 , 0.00
2283.11 , 2283.11 , 0.00 , 2696.89 , 0.00
2317.18 , 2317.18 , 0.00 , 2662.82 , 0.00
2351.26 , 2351.26 , 0.00 , 2628.74 , 0.00
2380.47 , 2380.47 , 0.00 , 2599.53 , 0.00
2414.55 , 2414.55 , 0.00 , 2565.45 , 0.00
2438.89 , 2438.89 , 0.00 , 2541.11 , 0.00
2458.36 , 2463.23 , 4.87 , 2516.77 , 0.02
2472.96 , 2477.83 , 4.87 , 2502.17 , 0.02
2482.70 , 2487.57 , 4.87 , 2492.43 , 0.02
2492.43 , 2497.30 , 4.87 , 2482.70 , 0.02
2502.17 , 2507.04 , 4.87 , 2472.96 , 0.02
2511.91 , 2516.77 , 4.87 , 2463.23 , 0.02
2516.77 , 2521.64 , 4.87 , 2458.36 , 0.02
2521.64 , 2526.51 , 4.87 , 2453.49 , 0.02
2531.38 , 2536.25 , 4.87 , 2443.75 , 0.02
2531.38 , 2536.25 , 4.87 , 2443.75 , 0.02
2536.25 , 2541.11 , 4.87 , 2438.89 , 0.02
2541.11 , 2545.98 , 4.87 , 2434.02 , 0.02
2545.98 , 2550.85 , 4.87 , 2429.15 , 0.02
2550.85 , 2555.72 , 4.87 , 2424.28 , 0.02
2550.85 , 2560.59 , 9.74 , 2419.41 , 0.05
2555.72 , 2565.45 , 9.74 , 2414.55 , 0.05
2560.59 , 2570.32 , 9.74 , 2409.68 , 0.05
2560.59 , 2570.32 , 9.74 , 2409.68 , 0.05
2565.45 , 2575.19 , 9.74 , 2404.81 , 0.05
2565.45 , 2580.06 , 14.60 , 2399.94 , 0.07
2570.32 , 2584.93 , 14.60 , 2395.07 , 0.07
2575.19 , 2589.79 , 14.60 , 2390.21 , 0.07
2575.19 , 2589.79 , 14.60 , 2390.21 , 0.07
2580.06 , 2594.66 , 14.60 , 2385.34 , 0.07
2580.06 , 2599.53 , 19.47 , 2380.47 , 0.10
2584.93 , 2604.40 , 19.47 , 2375.60 , 0.10
2589.79 , 2609.27 , 19.47 , 2370.73 , 0.10
2589.79 , 2609.27 , 19.47 , 2370.73 , 0.10
2594.66 , 2614.13 , 19.47 , 2365.87 , 0.10
2594.66 , 2619.00 , 24.34 , 2361.00 , 0.12
2599.53 , 2623.87 , 24.34 , 2356.13 , 0.12
2604.40 , 2628.74 , 24.34 , 2351.26 , 0.12
2604.40 , 2633.61 , 29.21 , 2346.39 , 0.15
2609.27 , 2638.47 , 29.21 , 2341.53 , 0.15
2609.27 , 2638.47 , 29.21 , 2341.53 , 0.15
2614.13 , 2648.21 , 34.08 , 2331.79 , 0.17
2619.00 , 2653.08 , 34.08 , 2326.92 , 0.17
2623.87 , 2657.95 , 34.08 , 2322.05 , 0.17
2623.87 , 2662.82 , 38.94 , 2317.18 , 0.19
2628.74 , 2667.68 , 38.94 , 2312.32 , 0.19
2633.61 , 2672.55 , 38.94 , 2307.45 , 0.19
2638.47 , 2682.29 , 43.81 , 2297.71 , 0.22
2643.34 , 2687.16 , 43.81 , 2292.84 , 0.22
2648.21 , 2696.89 , 48.68 , 2283.11 , 0.24
2653.08 , 2701.76 , 48.68 , 2278.24 , 0.24
2657.95 , 2711.50 , 53.55 , 2268.50 , 0.27
2662.82 , 2721.23 , 58.42 , 2258.77 , 0.29
2667.68 , 2730.97 , 63.28 , 2249.03 , 0.32
2677.42 , 2740.70 , 63.28 , 2239.30 , 0.32
2682.29 , 2755.31 , 73.02 , 2224.69 , 0.37
2692.02 , 2769.91 , 77.89 , 2210.09 , 0.39
2701.76 , 2784.52 , 82.76 , 2195.48 , 0.41
2711.50 , 2803.99 , 92.49 , 2176.01 , 0.46
2721.23 , 2823.46 , 102.23 , 2156.54 , 0.51
2735.84 , 2847.80 , 111.96 , 2132.20 , 0.56
2750.44 , 2877.01 , 126.57 , 2102.99 , 0.63
2765.04 , 2911.08 , 146.04 , 2068.91 , 0.73
2789.38 , 2954.90 , 165.51 , 2025.10 , 0.83
2813.72 , 3008.45 , 194.72 , 1971.55 , 0.97
2847.80 , 3086.33 , 238.53 , 1893.67 , 1.19
2891.61 , 3193.43 , 301.82 , 1786.57 , 1.51
2959.77 , 3368.68 , 408.91 , 1611.32 , 2.04
3071.73 , 3699.71 , 627.98 , 1280.29 , 3.14
3354.08 , 4785.28 , 1431.20 , 194.72 , 7.16
3339.47 , 4780.41 , 1440.94 , 199.59 , 7.20
