68.15 , 68.15 , 0.00 , 4911.85 , 0.00
107.10 , 107.10 , 0.00 , 4872.90 , 0.00
146.04 , 146.04 , 0.00 , 4833.96 , 0.00
184.99 , 184.99 , 0.00 , 4795.01 , 0.00
223.93 , 223.93 , 0.00 , 4756.07 , 0.00
262.87 , 262.87 , 0.00 , 4717.13 , 0.00
301.82 , 301.82 , 0.00 , 4678.18 , 0.00
340.76 , 340.76 , 0.00 , 4639.24 , 0.00
384.57 , 384.57 , 0.00 , 4595.43 , 0.00
418.65 , 418.65 , 0.00 , 4561.35 , 0.00
457.60 , 457.60 , 0.00 , 4522.40 , 0.00
496.54 , 496.54 , 0.00 , 4483.46 , 0.00
535.48 , 535.48 , 0.00 , 4444.52 , 0.00
574.43 , 579.30 , 4.87 , 4400.70 , 0.02
618.24 , 618.24 , 0.00 , 4361.76 , 0.00
657.18 , 657.18 , 0.00 , 4322.82 , 0.00
691.26 , 691.26 , 0.00 , 4288.74 , 0.00
730.21 , 730.21 , 0.00 , 4249.79 , 0.00
769.15 , 769.15 , 0.00 , 4210.85 , 0.00
808.09 , 808.09 , 0.00 , 4171.91 , 0.00
851.91 , 851.91 , 0.00 , 4128.09 , 0.00
890.85 , 890.85 , 0.00 , 4089.15 , 0.00
924.93 , 924.93 , 0.00 , 4055.07 , 0.00
963.87 , 963.87 , 0.00 , 4016.13 , 0.00
1002.82 , 1002.82 , 0.00 , 3977.18 , 0.00
1041.76 , 1041.76 , 0.00 , 3938.24 , 0.00
1085.57 , 1085.57 , 0.00 , 3894.43 , 0.00
1124.52 , 1129.38 , 4.87 , 3850.62 , 0.02
1163.46 , 1168.33 , 4.87 , 3811.67 , 0.02
1197.54 , 1202.40 , 4.87 , 3777.60 , 0.02
1236.48 , 1236.48 , 0.00 , 3743.52 , 0.00
1275.43 , 1280.29 , 4.87 , 3699.71 , 0.02
1314.37 , 1314.37 , 0.00 , 3665.63 , 0.00
1358.18 , 1358.18 , 0.00 , 3621.82 , 0.00
1401.99 , 1401.99 , 0.00 , 3578.01 , 0.00
1436.07 , 1440.94 , 4.87 , 3539.06 , 0.02
1465.28 , 1475.01 , 9.74 , 3504.99 , 0.05
1509.09 , 1509.09 , 0.00 , 3470.91 , 0.00
1548.04 , 1548.04 , 0.00 , 3431.96 , 0.00
1591.85 , 1586.98 , -4.87 , 3393.02 , -0.02
1635.66 , 1635.66 , 0.00 , 3344.34 , 0.00
1674.60 , 1674.60 , 0.00 , 3305.40 , 0.00
1708.68 , 1708.68 , 0.00 , 3271.32 , 0.00
1747.62 , 1742.76 , -4.87 , 3237.24 , -0.02
1781.70 , 1781.70 , 0.00 , 3198.30 , 0.00
1820.65 , 1820.65 , 0.00 , 3159.35 , 0.00
1859.59 , 1859.59 , 0.00 , 3120.41 , 0.00
1903.40 , 1903.40 , 0.00 , 3076.60 , 0.00
1942.35 , 1942.35 , 0.00 , 3037.65 , 0.00
1971.55 , 1976.42 , 4.87 , 3003.58 , 0.02
2010.50 , 2010.50 , 0.00 , 2969.50 , 0.00
2049.44 , 2049.44 , 0.00 , 2930.56 , 0.00
2088.39 , 2088.39 , 0.00 , 2891.61 , 0.00
2127.33 , 2127.33 , 0.00 , 2852.67 , 0.00
2171.14 , 2171.14 , 0.00 , 2808.86 , 0.00
2205.22 , 2205.22 , 0.00 , 2774.78 , 0.00
2239.30 , 2239.30 , 0.00 , 2740.70 , 0.00
2273.37 , 2278.24 , 4.87 , 2701.76 , 0.02
2312.32 , 2317.18 , 4.87 , 2662.82 , 0.02
2346.39 , 2351.26 , 4.87 , 2628.74 , 0.02
2385.34 , 2385.34 , 0.00 , 2594.66 , 0.00
2419.41 , 2419.41 , 0.00 , 2560.59 , 0.00
2443.75 , 2443.75 , 0.00 , 2536.25 , 0.00
2458.36 , 2458.36 , 0.00 , 2521.64 , 0.00
2472.96 , 2472.96 , 0.00 , 2507.04 , 0.00
2482.70 , 2487.57 , 4.87 , 2492.43 , 0.02
2497.30 , 2497.30 , 0.00 , 2482.70 , 0.00
2507.04 , 2507.04 , 0.00 , 2472.96 , 0.00
2511.91 , 2516.77 , 4.87 , 2463.23 , 0.02
2516.77 , 2521.64 , 4.87 , 2458.36 , 0.02
2521.64 , 2526.51 , 4.87 , 2453.49 , 0.02
2526.51 , 2536.25 , 9.74 , 2443.75 , 0.05
2531.38 , 2536.25 , 4.87 , 2443.75 , 0.02
2536.25 , 2541.11 , 4.87 , 2438.89 , 0.02
2541.11 , 2550.85 , 9.74 , 2429.15 , 0.05
2545.98 , 2555.72 , 9.74 , 2424.28 , 0.05
2550.85 , 2555.72 , 4.87 , 2424.28 , 0.02
2550.85 , 2560.59 , 9.74 , 2419.41 , 0.05
2555.72 , 2565.45 , 9.74 , 2414.55 , 0.05
2555.72 , 2565.45 , 9.74 , 2414.55 , 0.05
2560.59 , 2575.19 , 14.60 , 2404.81 , 0.07
2565.45 , 2575.19 , 9.74 , 2404.81 , 0.05
2565.45 , 2580.06 , 14.60 , 2399.94 , 0.07
2570.32 , 2584.93 , 14.60 , 2395.07 , 0.07
2575.19 , 2589.79 , 14.60 , 2390.21 , 0.07
2575.19 , 2589.79 , 14.60 , 2390.21 , 0.07
2580.06 , 2594.66 , 14.60 , 2385.34 , 0.07
2580.06 , 2599.53 , 19.47 , 2380.47 , 0.10
2584.93 , 2604.40 , 19.47 , 2375.60 , 0.10
2589.79 , 2604.40 , 14.60 , 2375.60 , 0.07
2589.79 , 2609.27 , 19.47 , 2370.73 , 0.10
2594.66 , 2614.13 , 19.47 , 2365.87 , 0.10
2599.53 , 2619.00 , 19.47 , 2361.00 , 0.10
2599.53 , 2623.87 , 24.34 , 2356.13 , 0.12
2604.40 , 2628.74 , 24.34 , 2351.26 , 0.12
2604.40 , 2628.74 , 24.34 , 2351.26 , 0.12
2609.27 , 2638.47 , 29.21 , 2341.53 , 0.15
2614.13 , 2643.34 , 29.21 , 2336.66 , 0.15
2614.13 , 2643.34 , 29.21 , 2336.66 , 0.15
2619.00 , 2653.08 , 34.08 , 2326.92 , 0.17
2623.87 , 2657.95 , 34.08 , 2322.05 , 0.17
2623.87 , 2662.82 , 38.94 , 2317.18 , 0.19
2628.74 , 2667.68 , 38.94 , 2312.32 , 0.19
2633.61 , 2672.55 , 38.94 , 2307.45 , 0.19
2638.47 , 2682.29 , 43.81 , 2297.71 , 0.22
2643.34 , 2687.16 , 43.81 , 2292.84 , 0.22
2648.21 , 2696.89 , 48.68 , 2283.11 , 0.24
2653.08 , 2701.76 , 48.68 , 2278.24 , 0.24
2657.95 , 2711.50 , 53.55 , 2268.50 , 0.27
2662.82 , 2721.23 , 58.42 , 2258.77 , 0.29
2672.55 , 2730.97 , 58.42 , 2249.03 , 0.29
2677.42 , 2745.57 , 68.15 , 2234.43 , 0.34
2682.29 , 2755.31 , 73.02 , 2224.69 , 0.37
2692.02 , 2769.91 , 77.89 , 2210.09 , 0.39
2701.76 , 2784.52 , 82.76 , 2195.48 , 0.41
2711.50 , 2803.99 , 92.49 , 2176.01 , 0.46
2721.23 , 2823.46 , 102.23 , 2156.54 , 0.51
2730.97 , 2847.80 , 116.83 , 2132.20 , 0.58
2750.44 , 2877.01 , 126.57 , 2102.99 , 0.63
2765.04 , 2911.08 , 146.04 , 2068.91 , 0.73
2784.52 , 2954.90 , 170.38 , 2025.10 , 0.85
2813.72 , 3008.45 , 194.72 , 1971.55 , 0.97
2847.80 , 3086.33 , 238.53 , 1893.67 , 1.19
2891.61 , 3193.43 , 301.82 , 1786.57 , 1.51
2959.77 , 3363.81 , 404.05 , 1616.19 , 2.02
3071.73 , 3699.71 , 627.98 , 1280.29 , 3.14
3349.21 , 4780.41 , 1431.20 , 199.59 , 7.16
3339.47 , 4780.41 , 1440.94 , 199.59 , 7.20
