68.15 , 68.15 , 0.00 , 4911.85 , 0.00
107.10 , 107.10 , 0.00 , 4872.90 , 0.00
146.04 , 146.04 , 0.00 , 4833.96 , 0.00
184.99 , 184.99 , 0.00 , 4795.01 , 0.00
223.93 , 223.93 , 0.00 , 4756.07 , 0.00
267.74 , 262.87 , -4.87 , 4717.13 , -0.02
301.82 , 301.82 , 0.00 , 4678.18 , 0.00
340.76 , 345.63 , 4.87 , 4634.37 , 0.02
379.71 , 379.71 , 0.00 , 4600.29 , 0.00
418.65 , 418.65 , 0.00 , 4561.35 , 0.00
457.60 , 457.60 , 0.00 , 4522.40 , 0.00
501.41 , 501.41 , 0.00 , 4478.59 , 0.00
540.35 , 540.35 , 0.00 , 4439.65 , 0.00
574.43 , 574.43 , 0.00 , 4405.57 , 0.00
618.24 , 613.37 , -4.87 , 4366.63 , -0.02
652.32 , 652.32 , 0.00 , 4327.68 , 0.00
691.26 , 691.26 , 0.00 , 4288.74 , 0.00
735.07 , 735.07 , 0.00 , 4244.93 , 0.00
774.02 , 774.02 , 0.00 , 4205.98 , 0.00
812.96 , 812.96 , 0.00 , 4167.04 , 0.00
847.04 , 847.04 , 0.00 , 4132.96 , 0.00
885.98 , 885.98 , 0.00 , 4094.02 , 0.00
924.93 , 924.93 , 0.00 , 4055.07 , 0.00
968.74 , 963.87 , -4.87 , 4016.13 , -0.02
1007.68 , 1007.68 , 0.00 , 3972.32 , 0.00
1046.63 , 1046.63 , 0.00 , 3933.37 , 0.00
1080.70 , 1080.70 , 0.00 , 3899.30 , 0.00
1119.65 , 1119.65 , 0.00 , 3860.35 , 0.00
1158.59 , 1158.59 , 0.00 , 3821.41 , 0.00
1197.54 , 1197.54 , 0.00 , 3782.46 , 0.00
1241.35 , 1241.35 , 0.00 , 3738.65 , 0.00
1285.16 , 1285.16 , 0.00 , 3694.84 , 0.00
1319.24 , 1319.24 , 0.00 , 3660.76 , 0.00
1353.31 , 1358.18 , 4.87 , 3621.82 , 0.02
1392.26 , 1387.39 , -4.87 , 3592.61 , -0.02
1431.20 , 1431.20 , 0.00 , 3548.80 , 0.00
1470.15 , 1475.01 , 4.87 , 3504.99 , 0.02
1513.96 , 1513.96 , 0.00 , 3466.04 , 0.00
1557.77 , 1557.77 , 0.00 , 3422.23 , 0.00
1591.85 , 1596.72 , 4.87 , 3383.28 , 0.02
1625.92 , 1630.79 , 4.87 , 3349.21 , 0.02
1664.87 , 1664.87 , 0.00 , 3315.13 , 0.00
1703.81 , 1703.81 , 0.00 , 3276.19 , 0.00
1742.76 , 1742.76 , 0.00 , 3237.24 , 0.00
1786.57 , 1791.44 , 4.87 , 3188.56 , 0.02
1830.38 , 1830.38 , 0.00 , 3149.62 , 0.00
1864.46 , 1869.33 , 4.87 , 3110.67 , 0.02
1893.67 , 1898.53 , 4.87 , 3081.47 , 0.02
1937.48 , 1937.48 , 0.00 , 3042.52 , 0.00
1971.55 , 1971.55 , 0.00 , 3008.45 , 0.00
2010.50 , 2010.50 , 0.00 , 2969.50 , 0.00
2054.31 , 2054.31 , 0.00 , 2925.69 , 0.00
2093.26 , 2093.26 , 0.00 , 2886.74 , 0.00
2127.33 , 2127.33 , 0.00 , 2852.67 , 0.00
2161.41 , 2161.41 , 0.00 , 2818.59 , 0.00
2200.35 , 2200.35 , 0.00 , 2779.65 , 0.00
2239.30 , 2239.30 , 0.00 , 2740.70 , 0.00
2273.37 , 2278.24 , 4.87 , 2701.76 , 0.02
2322.05 , 2317.18 , -4.87 , 2662.82 , -0.02
2356.13 , 2356.13 , 0.00 , 2623.87 , 0.00
2385.34 , 2385.34 , 0.00 , 2594.66 , 0.00
2414.55 , 2414.55 , 0.00 , 2565.45 , 0.00
2438.89 , 2438.89 , 0.00 , 2541.11 , 0.00
2453.49 , 2458.36 , 4.87 , 2521.64 , 0.02
2472.96 , 2472.96 , 0.00 , 2507.04 , 0.00
2487.57 , 2487.57 , 0.00 , 2492.43 , 0.00
2497.30 , 2497.30 , 0.00 , 2482.70 , 0.00
2507.04 , 2507.04 , 0.00 , 2472.96 , 0.00
2511.91 , 2516.77 , 4.87 , 2463.23 , 0.02
2516.77 , 2521.64 , 4.87 , 2458.36 , 0.02
2521.64 , 2526.51 , 4.87 , 2453.49 , 0.02
2531.38 , 2531.38 , 0.00 , 2448.62 , 0.00
2531.38 , 2541.11 , 9.74 , 2438.89 , 0.05
2536.25 , 2545.98 , 9.74 , 2434.02 , 0.05
2541.11 , 2545.98 , 4.87 , 2434.02 , 0.02
2545.98 , 2550.85 , 4.87 , 2429.15 , 0.02
2550.85 , 2555.72 , 4.87 , 2424.28 , 0.02
2550.85 , 2560.59 , 9.74 , 2419.41 , 0.05
2555.72 , 2565.45 , 9.74 , 2414.55 , 0.05
2560.59 , 2570.32 , 9.74 , 2409.68 , 0.05
2560.59 , 2575.19 , 14.60 , 2404.81 , 0.07
2565.45 , 2575.19 , 9.74 , 2404.81 , 0.05
2570.32 , 2580.06 , 9.74 , 2399.94 , 0.05
2570.32 , 2584.93 , 14.60 , 2395.07 , 0.07
2575.19 , 2589.79 , 14.60 , 2390.21 , 0.07
2575.19 , 2589.79 , 14.60 , 2390.21 , 0.07
2580.06 , 2594.66 , 14.60 , 2385.34 , 0.07
2584.93 , 2599.53 , 14.60 , 2380.47 , 0.07
2584.93 , 2604.40 , 19.47 , 2375.60 , 0.10
2589.79 , 2604.40 , 14.60 , 2375.60 , 0.07
2589.79 , 2609.27 , 19.47 , 2370.73 , 0.10
2594.66 , 2614.13 , 19.47 , 2365.87 , 0.10
2594.66 , 2619.00 , 24.34 , 2361.00 , 0.12
2599.53 , 2623.87 , 24.34 , 2356.13 , 0.12
2604.40 , 2628.74 , 24.34 , 2351.26 , 0.12
2609.27 , 2633.61 , 24.34 , 2346.39 , 0.12
2609.27 , 2633.61 , 24.34 , 2346.39 , 0.12
2614.13 , 2643.34 , 29.21 , 2336.66 , 0.15
2614.13 , 2648.21 , 34.08 , 2331.79 , 0.17
2619.00 , 2653.08 , 34.08 , 2326.92 , 0.17
2623.87 , 2657.95 , 34.08 , 2322.05 , 0.17
2628.74 , 2662.82 , 34.08 , 2317.18 , 0.17
2628.74 , 2667.68 , 38.94 , 2312.32 , 0.19
2633.61 , 2677.42 , 43.81 , 2302.58 , 0.22
2638.47 , 2682.29 , 43.81 , 2297.71 , 0.22
2643.34 , 2692.02 , 48.68 , 2287.98 , 0.24
2648.21 , 2696.89 , 48.68 , 2283.11 , 0.24
2653.08 , 2706.63 , 53.55 , 2273.37 , 0.27
2657.95 , 2711.50 , 53.55 , 2268.50 , 0.27
2662.82 , 2721.23 , 58.42 , 2258.77 , 0.29
2672.55 , 2730.97 , 58.42 , 2249.03 , 0.29
2677.42 , 2745.57 , 68.15 , 2234.43 , 0.34
2682.29 , 2755.31 , 73.02 , 2224.69 , 0.37
2692.02 , 2769.91 , 77.89 , 2210.09 , 0.39
2701.76 , 2784.52 , 82.76 , 2195.48 , 0.41
2711.50 , 2803.99 , 92.49 , 2176.01 , 0.46
2721.23 , 2823.46 , 102.23 , 2156.54 , 0.51
2735.84 , 2847.80 , 111.96 , 2132.20 , 0.56
2750.44 , 2877.01 , 126.57 , 2102.99 , 0.63
2765.04 , 2911.08 , 146.04 , 2068.91 , 0.73
2784.52 , 2954.90 , 170.38 , 2025.10 , 0.85
2813.72 , 3013.31 , 199.59 , 1966.69 , 1.00
2847.80 , 3086.33 , 238.53 , 1893.67 , 1.19
2891.61 , 3193.43 , 301.82 , 1786.57 , 1.51
2959.77 , 3368.68 , 408.91 , 1611.32 , 2.04
3076.60 , 3699.71 , 623.11 , 1280.29 , 3.12
3354.08 , 4785.28 , 1431.20 , 194.72 , 7.16
3344.34 , 4780.41 , 1436.07 , 199.59 , 7.18
