68.15 , 68.15 , 0.00 , 4911.85 , 0.00
107.10 , 107.10 , 0.00 , 4872.90 , 0.00
146.04 , 146.04 , 0.00 , 4833.96 , 0.00
184.99 , 184.99 , 0.00 , 4795.01 , 0.00
228.80 , 223.93 , -4.87 , 4756.07 , -0.02
262.87 , 262.87 , 0.00 , 4717.13 , 0.00
301.82 , 301.82 , 0.00 , 4678.18 , 0.00
340.76 , 340.76 , 0.00 , 4639.24 , 0.00
379.71 , 379.71 , 0.00 , 4600.29 , 0.00
418.65 , 418.65 , 0.00 , 4561.35 , 0.00
462.46 , 457.60 , -4.87 , 4522.40 , -0.02
501.41 , 501.41 , 0.00 , 4478.59 , 0.00
540.35 , 540.35 , 0.00 , 4439.65 , 0.00
579.30 , 579.30 , 0.00 , 4400.70 , 0.00
613.37 , 613.37 , 0.00 , 4366.63 , 0.00
652.32 , 652.32 , 0.00 , 4327.68 , 0.00
691.26 , 691.26 , 0.00 , 4288.74 , 0.00
735.07 , 735.07 , 0.00 , 4244.93 , 0.00
774.02 , 774.02 , 0.00 , 4205.98 , 0.00
808.09 , 808.09 , 0.00 , 4171.91 , 0.00
847.04 , 847.04 , 0.00 , 4132.96 , 0.00
885.98 , 885.98 , 0.00 , 4094.02 , 0.00
924.93 , 924.93 , 0.00 , 4055.07 , 0.00
968.74 , 963.87 , -4.87 , 4016.13 , -0.02
1007.68 , 1007.68 , 0.00 , 3972.32 , 0.00
1046.63 , 1046.63 , 0.00 , 3933.37 , 0.00
1080.70 , 1080.70 , 0.00 , 3899.30 , 0.00
1124.52 , 1119.65 , -4.87 , 3860.35 , -0.02
1158.59 , 1163.46 , 4.87 , 3816.54 , 0.02
1197.54 , 1202.40 , 4.87 , 3777.60 , 0.02
1246.22 , 1241.35 , -4.87 , 3738.65 , -0.02
1285.16 , 1285.16 , 0.00 , 3694.84 , 0.00
1319.24 , 1319.24 , 0.00 , 3660.76 , 0.00
1358.18 , 1353.31 , -4.87 , 3626.69 , -0.02
1392.26 , 1392.26 , 0.00 , 3587.74 , 0.00
1431.20 , 1431.20 , 0.00 , 3548.80 , 0.00
1475.01 , 1475.01 , 0.00 , 3504.99 , 0.00
1518.83 , 1513.96 , -4.87 , 3466.04 , -0.02
1557.77 , 1557.77 , 0.00 , 3422.23 , 0.00
1591.85 , 1591.85 , 0.00 , 3388.15 , 0.00
1630.79 , 1630.79 , 0.00 , 3349.21 , 0.00
1664.87 , 1664.87 , 0.00 , 3315.13 , 0.00
1703.81 , 1703.81 , 0.00 , 3276.19 , 0.00
1747.62 , 1747.62 , 0.00 , 3232.38 , 0.00
1791.44 , 1791.44 , 0.00 , 3188.56 , 0.00
1830.38 , 1830.38 , 0.00 , 3149.62 , 0.00
1859.59 , 1859.59 , 0.00 , 3120.41 , 0.00
1893.67 , 1893.67 , 0.00 , 3086.33 , 0.00
1932.61 , 1932.61 , 0.00 , 3047.39 , 0.00
1971.55 , 1971.55 , 0.00 , 3008.45 , 0.00
2015.37 , 2015.37 , 0.00 , 2964.63 , 0.00
2059.18 , 2059.18 , 0.00 , 2920.82 , 0.00
2093.26 , 2093.26 , 0.00 , 2886.74 , 0.00
2122.46 , 2127.33 , 4.87 , 2852.67 , 0.02
2161.41 , 2161.41 , 0.00 , 2818.59 , 0.00
2200.35 , 2200.35 , 0.00 , 2779.65 , 0.00
2239.30 , 2239.30 , 0.00 , 2740.70 , 0.00
2283.11 , 2283.11 , 0.00 , 2696.89 , 0.00
2317.18 , 2322.05 , 4.87 , 2657.95 , 0.02
2351.26 , 2351.26 , 0.00 , 2628.74 , 0.00
2380.47 , 2385.34 , 4.87 , 2594.66 , 0.02
2414.55 , 2409.68 , -4.87 , 2570.32 , -0.02
2438.89 , 2438.89 , 0.00 , 2541.11 , 0.00
2458.36 , 2458.36 , 0.00 , 2521.64 , 0.00
2472.96 , 2477.83 , 4.87 , 2502.17 , 0.02
2482.70 , 2487.57 , 4.87 , 2492.43 , 0.02
2492.43 , 2497.30 , 4.87 , 2482.70 , 0.02
2502.17 , 2507.04 , 4.87 , 2472.96 , 0.02
2511.91 , 2511.91 , 0.00 , 2468.09 , 0.00
2516.77 , 2521.64 , 4.87 , 2458.36 , 0.02
2521.64 , 2526.51 , 4.87 , 2453.49 , 0.02
2531.38 , 2531.38 , 0.00 , 2448.62 , 0.00
2531.38 , 2536.25 , 4.87 , 2443.75 , 0.02
2536.25 , 2541.11 , 4.87 , 2438.89 , 0.02
2541.11 , 2545.98 , 4.87 , 2434.02 , 0.02
2545.98 , 2550.85 , 4.87 , 2429.15 , 0.02
2545.98 , 2555.72 , 9.74 , 2424.28 , 0.05
2550.85 , 2560.59 , 9.74 , 2419.41 , 0.05
2555.72 , 2565.45 , 9.74 , 2414.55 , 0.05
2555.72 , 2565.45 , 9.74 , 2414.55 , 0.05
2560.59 , 2570.32 , 9.74 , 2409.68 , 0.05
2565.45 , 2575.19 , 9.74 , 2404.81 , 0.05
2565.45 , 2580.06 , 14.60 , 2399.94 , 0.07
2570.32 , 2584.93 , 14.60 , 2395.07 , 0.07
2575.19 , 2584.93 , 9.74 , 2395.07 , 0.05
2575.19 , 2589.79 , 14.60 , 2390.21 , 0.07
2580.06 , 2594.66 , 14.60 , 2385.34 , 0.07
2580.06 , 2599.53 , 19.47 , 2380.47 , 0.10
2584.93 , 2604.40 , 19.47 , 2375.60 , 0.10
2584.93 , 2604.40 , 19.47 , 2375.60 , 0.10
2589.79 , 2609.27 , 19.47 , 2370.73 , 0.10
2594.66 , 2614.13 , 19.47 , 2365.87 , 0.10
2594.66 , 2619.00 , 24.34 , 2361.00 , 0.12
2599.53 , 2623.87 , 24.34 , 2356.13 , 0.12
2599.53 , 2623.87 , 24.34 , 2356.13 , 0.12
2604.40 , 2628.74 , 24.34 , 2351.26 , 0.12
2609.27 , 2633.61 , 24.34 , 2346.39 , 0.12
2614.13 , 2638.47 , 24.34 , 2341.53 , 0.12
2614.13 , 2648.21 , 34.08 , 2331.79 , 0.17
2619.00 , 2653.08 , 34.08 , 2326.92 , 0.17
2623.87 , 2657.95 , 34.08 , 2322.05 , 0.17
2623.87 , 2662.82 , 38.94 , 2317.18 , 0.19
2628.74 , 2667.68 , 38.94 , 2312.32 , 0.19
2633.61 , 2672.55 , 38.94 , 2307.45 , 0.19
2638.47 , 2682.29 , 43.81 , 2297.71 , 0.22
2643.34 , 2687.16 , 43.81 , 2292.84 , 0.22
2648.21 , 2696.89 , 48.68 , 2283.11 , 0.24
2653.08 , 2701.76 , 48.68 , 2278.24 , 0.24
2657.95 , 2711.50 , 53.55 , 2268.50 , 0.27
2662.82 , 2721.23 , 58.42 , 2258.77 , 0.29
2667.68 , 2730.97 , 63.28 , 2249.03 , 0.32
2677.42 , 2740.70 , 63.28 , 2239.30 , 0.32
2682.29 , 2755.31 , 73.02 , 2224.69 , 0.37
2692.02 , 2769.91 , 77.89 , 2210.09 , 0.39
2701.76 , 2784.52 , 82.76 , 2195.48 , 0.41
2711.50 , 2803.99 , 92.49 , 2176.01 , 0.46
2721.23 , 2823.46 , 102.23 , 2156.54 , 0.51
2730.97 , 2847.80 , 116.83 , 2132.20 , 0.58
2745.57 , 2877.01 , 131.44 , 2102.99 , 0.66
2765.04 , 2911.08 , 146.04 , 2068.91 , 0.73
2784.52 , 2954.90 , 170.38 , 2025.10 , 0.85
2813.72 , 3008.45 , 194.72 , 1971.55 , 0.97
2847.80 , 3086.33 , 238.53 , 1893.67 , 1.19
2891.61 , 3193.43 , 301.82 , 1786.57 , 1.51
2959.77 , 3363.81 , 404.05 , 1616.19 , 2.02
3071.73 , 3699.71 , 627.98 , 1280.29 , 3.14
3354.08 , 4785.28 , 1431.20 , 194.72 , 7.16
3339.47 , 4780.41 , 1440.94 , 199.59 , 7.20
