68.15 , 68.15 , 0.00 , 4911.85 , 0.00
107.10 , 107.10 , 0.00 , 4872.90 , 0.00
146.04 , 146.04 , 0.00 , 4833.96 , 0.00
184.99 , 184.99 , 0.00 , 4795.01 , 0.00
223.93 , 223.93 , 0.00 , 4756.07 , 0.00
267.74 , 262.87 , -4.87 , 4717.13 , -0.02
301.82 , 301.82 , 0.00 , 4678.18 , 0.00
340.76 , 340.76 , 0.00 , 4639.24 , 0.00
379.71 , 379.71 , 0.00 , 4600.29 , 0.00
418.65 , 418.65 , 0.00 , 4561.35 , 0.00
462.46 , 462.46 , 0.00 , 4517.54 , 0.00
501.41 , 501.41 , 0.00 , 4478.59 , 0.00
540.35 , 540.35 , 0.00 , 4439.65 , 0.00
579.30 , 574.43 , -4.87 , 4405.57 , -0.02
613.37 , 613.37 , 0.00 , 4366.63 , 0.00
652.32 , 652.32 , 0.00 , 4327.68 , 0.00
691.26 , 691.26 , 0.00 , 4288.74 , 0.00
735.07 , 735.07 , 0.00 , 4244.93 , 0.00
774.02 , 774.02 , 0.00 , 4205.98 , 0.00
808.09 , 808.09 , 0.00 , 4171.91 , 0.00
851.91 , 842.17 , -9.74 , 4137.83 , -0.05
885.98 , 885.98 , 0.00 , 4094.02 , 0.00
924.93 , 924.93 , 0.00 , 4055.07 , 0.00
968.74 , 968.74 , 0.00 , 4011.26 , 0.00
1012.55 , 1007.68 , -4.87 , 3972.32 , -0.02
1046.63 , 1046.63 , 0.00 , 3933.37 , 0.00
1080.70 , 1080.70 , 0.00 , 3899.30 , 0.00
1119.65 , 1119.65 , 0.00 , 3860.35 , 0.00
1158.59 , 1158.59 , 0.00 , 3821.41 , 0.00
1202.40 , 1197.54 , -4.87 , 3782.46 , -0.02
1246.22 , 1246.22 , 0.00 , 3733.78 , 0.00
1285.16 , 1285.16 , 0.00 , 3694.84 , 0.00
1319.24 , 1319.24 , 0.00 , 3660.76 , 0.00
1353.31 , 1353.31 , 0.00 , 3626.69 , 0.00
1392.26 , 1392.26 , 0.00 , 3587.74 , 0.00
1431.20 , 1431.20 , 0.00 , 3548.80 , 0.00
1475.01 , 1470.15 , -4.87 , 3509.85 , -0.02
1518.83 , 1518.83 , 0.00 , 3461.17 , 0.00
1552.90 , 1557.77 , 4.87 , 3422.23 , 0.02
1591.85 , 1591.85 , 0.00 , 3388.15 , 0.00
1625.92 , 1635.66 , 9.74 , 3344.34 , 0.05
1664.87 , 1669.74 , 4.87 , 3310.26 , 0.02
1703.81 , 1703.81 , 0.00 , 3276.19 , 0.00
1747.62 , 1742.76 , -4.87 , 3237.24 , -0.02
1791.44 , 1791.44 , 0.00 , 3188.56 , 0.00
1830.38 , 1830.38 , 0.00 , 3149.62 , 0.00
1859.59 , 1864.46 , 4.87 , 3115.54 , 0.02
1893.67 , 1898.53 , 4.87 , 3081.47 , 0.02
1932.61 , 1932.61 , 0.00 , 3047.39 , 0.00
1971.55 , 1971.55 , 0.00 , 3008.45 , 0.00
2015.37 , 2015.37 , 0.00 , 2964.63 , 0.00
2059.18 , 2059.18 , 0.00 , 2920.82 , 0.00
2093.26 , 2093.26 , 0.00 , 2886.74 , 0.00
2127.33 , 2127.33 , 0.00 , 2852.67 , 0.00
2166.28 , 2166.28 , 0.00 , 2813.72 , 0.00
2200.35 , 2200.35 , 0.00 , 2779.65 , 0.00
2239.30 , 2239.30 , 0.00 , 2740.70 , 0.00
2278.24 , 2278.24 , 0.00 , 2701.76 , 0.00
2322.05 , 2322.05 , 0.00 , 2657.95 , 0.00
2351.26 , 2351.26 , 0.00 , 2628.74 , 0.00
2385.34 , 2380.47 , -4.87 , 2599.53 , -0.02
2409.68 , 2414.55 , 4.87 , 2565.45 , 0.02
2438.89 , 2438.89 , 0.00 , 2541.11 , 0.00
2453.49 , 2458.36 , 4.87 , 2521.64 , 0.02
2472.96 , 2472.96 , 0.00 , 2507.04 , 0.00
2487.57 , 2487.57 , 0.00 , 2492.43 , 0.00
2497.30 , 2497.30 , 0.00 , 2482.70 , 0.00
2502.17 , 2507.04 , 4.87 , 2472.96 , 0.02
2511.91 , 2511.91 , 0.00 , 2468.09 , 0.00
2516.77 , 2521.64 , 4.87 , 2458.36 , 0.02
2521.64 , 2526.51 , 4.87 , 2453.49 , 0.02
2526.51 , 2531.38 , 4.87 , 2448.62 , 0.02
2531.38 , 2536.25 , 4.87 , 2443.75 , 0.02
2536.25 , 2541.11 , 4.87 , 2438.89 , 0.02
2541.11 , 2545.98 , 4.87 , 2434.02 , 0.02
2545.98 , 2550.85 , 4.87 , 2429.15 , 0.02
2545.98 , 2555.72 , 9.74 , 2424.28 , 0.05
2550.85 , 2560.59 , 9.74 , 2419.41 , 0.05
2555.72 , 2565.45 , 9.74 , 2414.55 , 0.05
2555.72 , 2570.32 , 14.60 , 2409.68 , 0.07
2560.59 , 2570.32 , 9.74 , 2409.68 , 0.05
2560.59 , 2575.19 , 14.60 , 2404.81 , 0.07
2565.45 , 2580.06 , 14.60 , 2399.94 , 0.07
2570.32 , 2584.93 , 14.60 , 2395.07 , 0.07
2570.32 , 2584.93 , 14.60 , 2395.07 , 0.07
2575.19 , 2589.79 , 14.60 , 2390.21 , 0.07
2580.06 , 2594.66 , 14.60 , 2385.34 , 0.07
2580.06 , 2599.53 , 19.47 , 2380.47 , 0.10
2584.93 , 2599.53 , 14.60 , 2380.47 , 0.07
2584.93 , 2604.40 , 19.47 , 2375.60 , 0.10
2589.79 , 2609.27 , 19.47 , 2370.73 , 0.10
2594.66 , 2614.13 , 19.47 , 2365.87 , 0.10
2594.66 , 2619.00 , 24.34 , 2361.00 , 0.12
2599.53 , 2623.87 , 24.34 , 2356.13 , 0.12
2599.53 , 2628.74 , 29.21 , 2351.26 , 0.15
2604.40 , 2628.74 , 24.34 , 2351.26 , 0.12
2609.27 , 2633.61 , 24.34 , 2346.39 , 0.12
2609.27 , 2638.47 , 29.21 , 2341.53 , 0.15
2614.13 , 2643.34 , 29.21 , 2336.66 , 0.15
2619.00 , 2648.21 , 29.21 , 2331.79 , 0.15
2623.87 , 2657.95 , 34.08 , 2322.05 , 0.17
2623.87 , 2662.82 , 38.94 , 2317.18 , 0.19
2628.74 , 2667.68 , 38.94 , 2312.32 , 0.19
2633.61 , 2672.55 , 38.94 , 2307.45 , 0.19
2638.47 , 2682.29 , 43.81 , 2297.71 , 0.22
2643.34 , 2687.16 , 43.81 , 2292.84 , 0.22
2648.21 , 2696.89 , 48.68 , 2283.11 , 0.24
2653.08 , 2701.76 , 48.68 , 2278.24 , 0.24
2657.95 , 2711.50 , 53.55 , 2268.50 , 0.27
2662.82 , 2721.23 , 58.42 , 2258.77 , 0.29
2667.68 , 2730.97 , 63.28 , 2249.03 , 0.32
2677.42 , 2740.70 , 63.28 , 2239.30 , 0.32
2682.29 , 2755.31 , 73.02 , 2224.69 , 0.37
2692.02 , 2769.91 , 77.89 , 2210.09 , 0.39
2696.89 , 2784.52 , 87.62 , 2195.48 , 0.44
2706.63 , 2803.99 , 97.36 , 2176.01 , 0.49
2721.23 , 2823.46 , 102.23 , 2156.54 , 0.51
2730.97 , 2847.80 , 116.83 , 2132.20 , 0.58
2745.57 , 2877.01 , 131.44 , 2102.99 , 0.66
2765.04 , 2911.08 , 146.04 , 2068.91 , 0.73
2784.52 , 2954.90 , 170.38 , 2025.10 , 0.85
2813.72 , 3008.45 , 194.72 , 1971.55 , 0.97
2842.93 , 3086.33 , 243.40 , 1893.67 , 1.22
2891.61 , 3193.43 , 301.82 , 1786.57 , 1.51
2959.77 , 3363.81 , 404.05 , 1616.19 , 2.02
3071.73 , 3699.71 , 627.98 , 1280.29 , 3.14
3354.08 , 4780.41 , 1426.33 , 199.59 , 7.13
3339.47 , 4780.41 , 1440.94 , 199.59 , 7.20
