68.15 , 68.15 , 0.00 , 4911.85 , 0.00
107.10 , 107.10 , 0.00 , 4872.90 , 0.00
146.04 , 146.04 , 0.00 , 4833.96 , 0.00
184.99 , 184.99 , 0.00 , 4795.01 , 0.00
223.93 , 223.93 , 0.00 , 4756.07 , 0.00
262.87 , 262.87 , 0.00 , 4717.13 , 0.00
301.82 , 301.82 , 0.00 , 4678.18 , 0.00
340.76 , 340.76 , 0.00 , 4639.24 , 0.00
379.71 , 379.71 , 0.00 , 4600.29 , 0.00
423.52 , 423.52 , 0.00 , 4556.48 , 0.00
462.46 , 462.46 , 0.00 , 4517.54 , 0.00
496.54 , 496.54 , 0.00 , 4483.46 , 0.00
535.48 , 535.48 , 0.00 , 4444.52 , 0.00
574.43 , 574.43 , 0.00 , 4405.57 , 0.00
613.37 , 613.37 , 0.00 , 4366.63 , 0.00
657.18 , 657.18 , 0.00 , 4322.82 , 0.00
696.13 , 696.13 , 0.00 , 4283.87 , 0.00
730.21 , 730.21 , 0.00 , 4249.79 , 0.00
769.15 , 769.15 , 0.00 , 4210.85 , 0.00
808.09 , 808.09 , 0.00 , 4171.91 , 0.00
847.04 , 847.04 , 0.00 , 4132.96 , 0.00
890.85 , 890.85 , 0.00 , 4089.15 , 0.00
929.79 , 929.79 , 0.00 , 4050.21 , 0.00
968.74 , 968.74 , 0.00 , 4011.26 , 0.00
1002.82 , 1002.82 , 0.00 , 3977.18 , 0.00
1041.76 , 1041.76 , 0.00 , 3938.24 , 0.00
1080.70 , 1080.70 , 0.00 , 3899.30 , 0.00
1119.65 , 1119.65 , 0.00 , 3860.35 , 0.00
1163.46 , 1163.46 , 0.00 , 3816.54 , 0.00
1207.27 , 1207.27 , 0.00 , 3772.73 , 0.00
1241.35 , 1241.35 , 0.00 , 3738.65 , 0.00
1275.43 , 1275.43 , 0.00 , 3704.57 , 0.00
1314.37 , 1314.37 , 0.00 , 3665.63 , 0.00
1353.31 , 1353.31 , 0.00 , 3626.69 , 0.00
1397.13 , 1397.13 , 0.00 , 3582.87 , 0.00
1440.94 , 1440.94 , 0.00 , 3539.06 , 0.00
1479.88 , 1479.88 , 0.00 , 3500.12 , 0.00
1513.96 , 1509.09 , -4.87 , 3470.91 , -0.02
1552.90 , 1552.90 , 0.00 , 3427.10 , 0.00
1586.98 , 1586.98 , 0.00 , 3393.02 , 0.00
1625.92 , 1625.92 , 0.00 , 3354.08 , 0.00
1669.74 , 1669.74 , 0.00 , 3310.26 , 0.00
1713.55 , 1713.55 , 0.00 , 3266.45 , 0.00
1747.62 , 1752.49 , 4.87 , 3227.51 , 0.02
1781.70 , 1786.57 , 4.87 , 3193.43 , 0.02
1820.65 , 1825.51 , 4.87 , 3154.49 , 0.02
1859.59 , 1859.59 , 0.00 , 3120.41 , 0.00
1898.53 , 1898.53 , 0.00 , 3081.47 , 0.00
1942.35 , 1932.61 , -9.74 , 3047.39 , -0.05
1981.29 , 1981.29 , 0.00 , 2998.71 , 0.00
2015.37 , 2015.37 , 0.00 , 2964.63 , 0.00
2049.44 , 2049.44 , 0.00 , 2930.56 , 0.00
2088.39 , 2088.39 , 0.00 , 2891.61 , 0.00
2122.46 , 2127.33 , 4.87 , 2852.67 , 0.02
2166.28 , 2166.28 , 0.00 , 2813.72 , 0.00
2205.22 , 2210.09 , 4.87 , 2769.91 , 0.02
2249.03 , 2244.16 , -4.87 , 2735.84 , -0.02
2278.24 , 2278.24 , 0.00 , 2701.76 , 0.00
2312.32 , 2312.32 , 0.00 , 2667.68 , 0.00
2346.39 , 2346.39 , 0.00 , 2633.61 , 0.00
2380.47 , 2380.47 , 0.00 , 2599.53 , 0.00
2414.55 , 2414.55 , 0.00 , 2565.45 , 0.00
2443.75 , 2443.75 , 0.00 , 2536.25 , 0.00
2458.36 , 2458.36 , 0.00 , 2521.64 , 0.00
2472.96 , 2472.96 , 0.00 , 2507.04 , 0.00
2482.70 , 2487.57 , 4.87 , 2492.43 , 0.02
2492.43 , 2497.30 , 4.87 , 2482.70 , 0.02
2502.17 , 2507.04 , 4.87 , 2472.96 , 0.02
2511.91 , 2516.77 , 4.87 , 2463.23 , 0.02
2516.77 , 2521.64 , 4.87 , 2458.36 , 0.02
2521.64 , 2526.51 , 4.87 , 2453.49 , 0.02
2531.38 , 2531.38 , 0.00 , 2448.62 , 0.00
2531.38 , 2536.25 , 4.87 , 2443.75 , 0.02
2536.25 , 2541.11 , 4.87 , 2438.89 , 0.02
2541.11 , 2545.98 , 4.87 , 2434.02 , 0.02
2545.98 , 2550.85 , 4.87 , 2429.15 , 0.02
2550.85 , 2555.72 , 4.87 , 2424.28 , 0.02
2550.85 , 2560.59 , 9.74 , 2419.41 , 0.05
2555.72 , 2565.45 , 9.74 , 2414.55 , 0.05
2560.59 , 2570.32 , 9.74 , 2409.68 , 0.05
2560.59 , 2570.32 , 9.74 , 2409.68 , 0.05
2565.45 , 2575.19 , 9.74 , 2404.81 , 0.05
2565.45 , 2580.06 , 14.60 , 2399.94 , 0.07
2570.32 , 2584.93 , 14.60 , 2395.07 , 0.07
2575.19 , 2589.79 , 14.60 , 2390.21 , 0.07
2575.19 , 2589.79 , 14.60 , 2390.21 , 0.07
2580.06 , 2594.66 , 14.60 , 2385.34 , 0.07
2584.93 , 2599.53 , 14.60 , 2380.47 , 0.07
2584.93 , 2604.40 , 19.47 , 2375.60 , 0.10
2589.79 , 2609.27 , 19.47 , 2370.73 , 0.10
2589.79 , 2609.27 , 19.47 , 2370.73 , 0.10
2594.66 , 2614.13 , 19.47 , 2365.87 , 0.10
2594.66 , 2619.00 , 24.34 , 2361.00 , 0.12
2599.53 , 2623.87 , 24.34 , 2356.13 , 0.12
2604.40 , 2628.74 , 24.34 , 2351.26 , 0.12
2604.40 , 2633.61 , 29.21 , 2346.39 , 0.15
2609.27 , 2638.47 , 29.21 , 2341.53 , 0.15
2614.13 , 2643.34 , 29.21 , 2336.66 , 0.15
2614.13 , 2648.21 , 34.08 , 2331.79 , 0.17
2619.00 , 2653.08 , 34.08 , 2326.92 , 0.17
2623.87 , 2657.95 , 34.08 , 2322.05 , 0.17
2628.74 , 2662.82 , 34.08 , 2317.18 , 0.17
2628.74 , 2667.68 , 38.94 , 2312.32 , 0.19
2633.61 , 2677.42 , 43.81 , 2302.58 , 0.22
2638.47 , 2682.29 , 43.81 , 2297.71 , 0.22
2643.34 , 2687.16 , 43.81 , 2292.84 , 0.22
2648.21 , 2696.89 , 48.68 , 2283.11 , 0.24
2653.08 , 2701.76 , 48.68 , 2278.24 , 0.24
2657.95 , 2711.50 , 53.55 , 2268.50 , 0.27
2662.82 , 2726.10 , 63.28 , 2253.90 , 0.32
2672.55 , 2730.97 , 58.42 , 2249.03 , 0.29
2677.42 , 2745.57 , 68.15 , 2234.43 , 0.34
2682.29 , 2755.31 , 73.02 , 2224.69 , 0.37
2692.02 , 2769.91 , 77.89 , 2210.09 , 0.39
2701.76 , 2784.52 , 82.76 , 2195.48 , 0.41
2711.50 , 2803.99 , 92.49 , 2176.01 , 0.46
2721.23 , 2823.46 , 102.23 , 2156.54 , 0.51
2735.84 , 2847.80 , 111.96 , 2132.20 , 0.56
2745.57 , 2877.01 , 131.44 , 2102.99 , 0.66
2765.04 , 2911.08 , 146.04 , 2068.91 , 0.73
2784.52 , 2954.90 , 170.38 , 2025.10 , 0.85
2813.72 , 3008.45 , 194.72 , 1971.55 , 0.97
2847.80 , 3086.33 , 238.53 , 1893.67 , 1.19
2891.61 , 3193.43 , 301.82 , 1786.57 , 1.51
2959.77 , 3368.68 , 408.91 , 1611.32 , 2.04
3071.73 , 3699.71 , 627.98 , 1280.29 , 3.14
3354.08 , 4785.28 , 1431.20 , 194.72 , 7.16
3339.47 , 4780.41 , 1440.94 , 199.59 , 7.20
