68.15 , 63.28 , -4.87 , 4916.72 , -0.02
107.10 , 107.10 , 0.00 , 4872.90 , 0.00
141.17 , 141.17 , 0.00 , 4838.83 , 0.00
175.25 , 189.85 , 14.60 , 4790.15 , 0.07
223.93 , 223.93 , 0.00 , 4756.07 , 0.00
262.87 , 262.87 , 0.00 , 4717.13 , 0.00
296.95 , 296.95 , 0.00 , 4683.05 , 0.00
340.76 , 345.63 , 4.87 , 4634.37 , 0.02
374.84 , 374.84 , 0.00 , 4605.16 , 0.00
399.18 , 399.18 , 0.00 , 4580.82 , 0.00
423.52 , 428.39 , 4.87 , 4551.61 , 0.02
433.26 , 438.12 , 4.87 , 4541.88 , 0.02
452.73 , 447.86 , -4.87 , 4532.14 , -0.02
457.60 , 457.60 , 0.00 , 4522.40 , 0.00
457.60 , 467.33 , 9.74 , 4512.67 , 0.05
467.33 , 477.07 , 9.74 , 4502.93 , 0.05
467.33 , 477.07 , 9.74 , 4502.93 , 0.05
472.20 , 477.07 , 4.87 , 4502.93 , 0.02
477.07 , 481.94 , 4.87 , 4498.06 , 0.02
477.07 , 486.80 , 9.74 , 4493.20 , 0.05
481.94 , 491.67 , 9.74 , 4488.33 , 0.05
481.94 , 491.67 , 9.74 , 4488.33 , 0.05
486.80 , 496.54 , 9.74 , 4483.46 , 0.05
481.94 , 506.28 , 24.34 , 4473.72 , 0.12
486.80 , 501.41 , 14.60 , 4478.59 , 0.07
486.80 , 506.28 , 19.47 , 4473.72 , 0.10
486.80 , 506.28 , 19.47 , 4473.72 , 0.10
486.80 , 501.41 , 14.60 , 4478.59 , 0.07
496.54 , 506.28 , 9.74 , 4473.72 , 0.05
491.67 , 506.28 , 14.60 , 4473.72 , 0.07
496.54 , 506.28 , 9.74 , 4473.72 , 0.05
491.67 , 506.28 , 14.60 , 4473.72 , 0.07
496.54 , 506.28 , 9.74 , 4473.72 , 0.05
496.54 , 516.01 , 19.47 , 4463.99 , 0.10
501.41 , 516.01 , 14.60 , 4463.99 , 0.07
496.54 , 516.01 , 19.47 , 4463.99 , 0.10
496.54 , 511.14 , 14.60 , 4468.86 , 0.07
501.41 , 516.01 , 14.60 , 4463.99 , 0.07
501.41 , 516.01 , 14.60 , 4463.99 , 0.07
501.41 , 525.75 , 24.34 , 4454.25 , 0.12
496.54 , 520.88 , 24.34 , 4459.12 , 0.12
496.54 , 525.75 , 29.21 , 4454.25 , 0.15
506.28 , 525.75 , 19.47 , 4454.25 , 0.10
506.28 , 525.75 , 19.47 , 4454.25 , 0.10
501.41 , 525.75 , 24.34 , 4454.25 , 0.12
506.28 , 530.62 , 24.34 , 4449.38 , 0.12
506.28 , 530.62 , 24.34 , 4449.38 , 0.12
501.41 , 530.62 , 29.21 , 4449.38 , 0.15
506.28 , 530.62 , 24.34 , 4449.38 , 0.12
506.28 , 530.62 , 24.34 , 4449.38 , 0.12
506.28 , 535.48 , 29.21 , 4444.52 , 0.15
511.14 , 535.48 , 24.34 , 4444.52 , 0.12
506.28 , 530.62 , 24.34 , 4449.38 , 0.12
511.14 , 535.48 , 24.34 , 4444.52 , 0.12
511.14 , 535.48 , 24.34 , 4444.52 , 0.12
511.14 , 535.48 , 24.34 , 4444.52 , 0.12
511.14 , 535.48 , 24.34 , 4444.52 , 0.12
511.14 , 540.35 , 29.21 , 4439.65 , 0.15
511.14 , 545.22 , 34.08 , 4434.78 , 0.17
511.14 , 540.35 , 29.21 , 4439.65 , 0.15
511.14 , 550.09 , 38.94 , 4429.91 , 0.19
516.01 , 545.22 , 29.21 , 4434.78 , 0.15
516.01 , 545.22 , 29.21 , 4434.78 , 0.15
516.01 , 550.09 , 34.08 , 4429.91 , 0.17
516.01 , 554.96 , 38.94 , 4425.04 , 0.19
516.01 , 550.09 , 34.08 , 4429.91 , 0.17
516.01 , 554.96 , 38.94 , 4425.04 , 0.19
516.01 , 554.96 , 38.94 , 4425.04 , 0.19
516.01 , 554.96 , 38.94 , 4425.04 , 0.19
520.88 , 554.96 , 34.08 , 4425.04 , 0.17
516.01 , 559.82 , 43.81 , 4420.18 , 0.22
520.88 , 559.82 , 38.94 , 4420.18 , 0.19
520.88 , 559.82 , 38.94 , 4420.18 , 0.19
520.88 , 559.82 , 38.94 , 4420.18 , 0.19
520.88 , 564.69 , 43.81 , 4415.31 , 0.22
520.88 , 564.69 , 43.81 , 4415.31 , 0.22
525.75 , 564.69 , 38.94 , 4415.31 , 0.19
520.88 , 564.69 , 43.81 , 4415.31 , 0.22
525.75 , 564.69 , 38.94 , 4415.31 , 0.19
525.75 , 574.43 , 48.68 , 4405.57 , 0.24
525.75 , 574.43 , 48.68 , 4405.57 , 0.24
525.75 , 569.56 , 43.81 , 4410.44 , 0.22
525.75 , 574.43 , 48.68 , 4405.57 , 0.24
525.75 , 579.30 , 53.55 , 4400.70 , 0.27
530.62 , 579.30 , 48.68 , 4400.70 , 0.24
525.75 , 584.16 , 58.42 , 4395.84 , 0.29
530.62 , 584.16 , 53.55 , 4395.84 , 0.27
535.48 , 589.03 , 53.55 , 4390.97 , 0.27
535.48 , 593.90 , 58.42 , 4386.10 , 0.29
530.62 , 589.03 , 58.42 , 4390.97 , 0.29
530.62 , 593.90 , 63.28 , 4386.10 , 0.32
535.48 , 598.77 , 63.28 , 4381.23 , 0.32
540.35 , 598.77 , 58.42 , 4381.23 , 0.29
535.48 , 603.64 , 68.15 , 4376.36 , 0.34
535.48 , 603.64 , 68.15 , 4376.36 , 0.34
540.35 , 613.37 , 73.02 , 4366.63 , 0.37
540.35 , 613.37 , 73.02 , 4366.63 , 0.37
540.35 , 618.24 , 77.89 , 4361.76 , 0.39
540.35 , 623.11 , 82.76 , 4356.89 , 0.41
545.22 , 627.98 , 82.76 , 4352.02 , 0.41
545.22 , 632.84 , 87.62 , 4347.16 , 0.44
545.22 , 637.71 , 92.49 , 4342.29 , 0.46
545.22 , 642.58 , 97.36 , 4337.42 , 0.49
550.09 , 642.58 , 92.49 , 4337.42 , 0.46
550.09 , 652.32 , 102.23 , 4327.68 , 0.51
550.09 , 662.05 , 111.96 , 4317.95 , 0.56
554.96 , 666.92 , 111.96 , 4313.08 , 0.56
554.96 , 671.79 , 116.83 , 4308.21 , 0.58
559.82 , 681.52 , 121.70 , 4298.47 , 0.61
559.82 , 696.13 , 136.30 , 4283.87 , 0.68
564.69 , 701.00 , 136.30 , 4279.00 , 0.68
564.69 , 715.60 , 150.91 , 4264.40 , 0.75
564.69 , 725.34 , 160.65 , 4254.66 , 0.80
564.69 , 739.94 , 175.25 , 4240.06 , 0.88
569.56 , 754.55 , 184.99 , 4225.45 , 0.92
569.56 , 769.15 , 199.59 , 4210.85 , 1.00
574.43 , 793.49 , 219.06 , 4186.51 , 1.10
574.43 , 817.83 , 243.40 , 4162.17 , 1.22
579.30 , 856.77 , 277.48 , 4123.23 , 1.39
589.03 , 890.85 , 301.82 , 4089.15 , 1.51
593.90 , 944.40 , 350.50 , 4035.60 , 1.75
598.77 , 1012.55 , 413.78 , 3967.45 , 2.07
613.37 , 1109.91 , 496.54 , 3870.09 , 2.48
623.11 , 1251.09 , 627.98 , 3728.91 , 3.14
642.58 , 1504.22 , 861.64 , 3475.78 , 4.31
671.79 , 2034.84 , 1363.05 , 2945.16 , 6.82
754.55 , 4030.73 , 3276.19 , 949.27 , 16.38
754.55 , 4030.73 , 3276.19 , 949.27 , 16.38
