68.15 , 68.15 , 0.00 , 4911.85 , 0.00
116.83 , 102.23 , -14.60 , 4877.77 , -0.07
150.91 , 146.04 , -4.87 , 4833.96 , -0.02
184.99 , 184.99 , 0.00 , 4795.01 , 0.00
223.93 , 219.06 , -4.87 , 4760.94 , -0.02
267.74 , 267.74 , 0.00 , 4712.26 , 0.00
301.82 , 301.82 , 0.00 , 4678.18 , 0.00
335.89 , 335.89 , 0.00 , 4644.11 , 0.00
350.50 , 379.71 , 29.21 , 4600.29 , 0.15
399.18 , 404.05 , 4.87 , 4575.95 , 0.02
423.52 , 418.65 , -4.87 , 4561.35 , -0.02
433.26 , 438.12 , 4.87 , 4541.88 , 0.02
442.99 , 447.86 , 4.87 , 4532.14 , 0.02
452.73 , 457.60 , 4.87 , 4522.40 , 0.02
457.60 , 462.46 , 4.87 , 4517.54 , 0.02
467.33 , 472.20 , 4.87 , 4507.80 , 0.02
472.20 , 477.07 , 4.87 , 4502.93 , 0.02
472.20 , 477.07 , 4.87 , 4502.93 , 0.02
472.20 , 486.80 , 14.60 , 4493.20 , 0.07
477.07 , 486.80 , 9.74 , 4493.20 , 0.05
481.94 , 491.67 , 9.74 , 4488.33 , 0.05
477.07 , 496.54 , 19.47 , 4483.46 , 0.10
481.94 , 496.54 , 14.60 , 4483.46 , 0.07
486.80 , 496.54 , 9.74 , 4483.46 , 0.05
486.80 , 496.54 , 9.74 , 4483.46 , 0.05
486.80 , 501.41 , 14.60 , 4478.59 , 0.07
486.80 , 506.28 , 19.47 , 4473.72 , 0.10
491.67 , 501.41 , 9.74 , 4478.59 , 0.05
486.80 , 506.28 , 19.47 , 4473.72 , 0.10
496.54 , 511.14 , 14.60 , 4468.86 , 0.07
491.67 , 511.14 , 19.47 , 4468.86 , 0.10
491.67 , 511.14 , 19.47 , 4468.86 , 0.10
496.54 , 511.14 , 14.60 , 4468.86 , 0.07
496.54 , 516.01 , 19.47 , 4463.99 , 0.10
496.54 , 516.01 , 19.47 , 4463.99 , 0.10
496.54 , 516.01 , 19.47 , 4463.99 , 0.10
496.54 , 516.01 , 19.47 , 4463.99 , 0.10
501.41 , 516.01 , 14.60 , 4463.99 , 0.07
501.41 , 520.88 , 19.47 , 4459.12 , 0.10
501.41 , 520.88 , 19.47 , 4459.12 , 0.10
501.41 , 520.88 , 19.47 , 4459.12 , 0.10
506.28 , 525.75 , 19.47 , 4454.25 , 0.10
506.28 , 525.75 , 19.47 , 4454.25 , 0.10
501.41 , 520.88 , 19.47 , 4459.12 , 0.10
506.28 , 525.75 , 19.47 , 4454.25 , 0.10
501.41 , 525.75 , 24.34 , 4454.25 , 0.12
501.41 , 525.75 , 24.34 , 4454.25 , 0.12
506.28 , 530.62 , 24.34 , 4449.38 , 0.12
501.41 , 530.62 , 29.21 , 4449.38 , 0.15
506.28 , 535.48 , 29.21 , 4444.52 , 0.15
506.28 , 530.62 , 24.34 , 4449.38 , 0.12
506.28 , 535.48 , 29.21 , 4444.52 , 0.15
506.28 , 535.48 , 29.21 , 4444.52 , 0.15
511.14 , 540.35 , 29.21 , 4439.65 , 0.15
511.14 , 540.35 , 29.21 , 4439.65 , 0.15
511.14 , 540.35 , 29.21 , 4439.65 , 0.15
516.01 , 535.48 , 19.47 , 4444.52 , 0.10
516.01 , 540.35 , 24.34 , 4439.65 , 0.12
511.14 , 540.35 , 29.21 , 4439.65 , 0.15
516.01 , 540.35 , 24.34 , 4439.65 , 0.12
511.14 , 540.35 , 29.21 , 4439.65 , 0.15
511.14 , 545.22 , 34.08 , 4434.78 , 0.17
516.01 , 545.22 , 29.21 , 4434.78 , 0.15
516.01 , 545.22 , 29.21 , 4434.78 , 0.15
520.88 , 550.09 , 29.21 , 4429.91 , 0.15
516.01 , 550.09 , 34.08 , 4429.91 , 0.17
516.01 , 550.09 , 34.08 , 4429.91 , 0.17
520.88 , 554.96 , 34.08 , 4425.04 , 0.17
520.88 , 554.96 , 34.08 , 4425.04 , 0.17
520.88 , 554.96 , 34.08 , 4425.04 , 0.17
520.88 , 554.96 , 34.08 , 4425.04 , 0.17
520.88 , 559.82 , 38.94 , 4420.18 , 0.19
520.88 , 564.69 , 43.81 , 4415.31 , 0.22
525.75 , 564.69 , 38.94 , 4415.31 , 0.19
520.88 , 564.69 , 43.81 , 4415.31 , 0.22
525.75 , 559.82 , 34.08 , 4420.18 , 0.17
525.75 , 564.69 , 38.94 , 4415.31 , 0.19
525.75 , 564.69 , 38.94 , 4415.31 , 0.19
525.75 , 569.56 , 43.81 , 4410.44 , 0.22
525.75 , 569.56 , 43.81 , 4410.44 , 0.22
525.75 , 569.56 , 43.81 , 4410.44 , 0.22
530.62 , 574.43 , 43.81 , 4405.57 , 0.22
530.62 , 574.43 , 43.81 , 4405.57 , 0.22
525.75 , 574.43 , 48.68 , 4405.57 , 0.24
530.62 , 584.16 , 53.55 , 4395.84 , 0.27
530.62 , 584.16 , 53.55 , 4395.84 , 0.27
530.62 , 584.16 , 53.55 , 4395.84 , 0.27
530.62 , 584.16 , 53.55 , 4395.84 , 0.27
530.62 , 589.03 , 58.42 , 4390.97 , 0.29
535.48 , 593.90 , 58.42 , 4386.10 , 0.29
535.48 , 593.90 , 58.42 , 4386.10 , 0.29
535.48 , 598.77 , 63.28 , 4381.23 , 0.32
535.48 , 603.64 , 68.15 , 4376.36 , 0.34
535.48 , 608.50 , 73.02 , 4371.50 , 0.37
535.48 , 608.50 , 73.02 , 4371.50 , 0.37
540.35 , 613.37 , 73.02 , 4366.63 , 0.37
540.35 , 613.37 , 73.02 , 4366.63 , 0.37
540.35 , 623.11 , 82.76 , 4356.89 , 0.41
540.35 , 623.11 , 82.76 , 4356.89 , 0.41
545.22 , 627.98 , 82.76 , 4352.02 , 0.41
545.22 , 632.84 , 87.62 , 4347.16 , 0.44
545.22 , 637.71 , 92.49 , 4342.29 , 0.46
545.22 , 642.58 , 97.36 , 4337.42 , 0.49
550.09 , 652.32 , 102.23 , 4327.68 , 0.51
554.96 , 652.32 , 97.36 , 4327.68 , 0.49
550.09 , 662.05 , 111.96 , 4317.95 , 0.56
554.96 , 662.05 , 107.10 , 4317.95 , 0.54
559.82 , 671.79 , 111.96 , 4308.21 , 0.56
559.82 , 681.52 , 121.70 , 4298.47 , 0.61
559.82 , 691.26 , 131.44 , 4288.74 , 0.66
559.82 , 701.00 , 141.17 , 4279.00 , 0.71
559.82 , 710.73 , 150.91 , 4269.27 , 0.75
564.69 , 725.34 , 160.65 , 4254.66 , 0.80
569.56 , 739.94 , 170.38 , 4240.06 , 0.85
574.43 , 754.55 , 180.12 , 4225.45 , 0.90
574.43 , 778.89 , 204.46 , 4201.11 , 1.02
574.43 , 798.36 , 223.93 , 4181.64 , 1.12
584.16 , 827.57 , 243.40 , 4152.43 , 1.22
584.16 , 851.91 , 267.74 , 4128.09 , 1.34
589.03 , 895.72 , 306.69 , 4084.28 , 1.53
598.77 , 944.40 , 345.63 , 4035.60 , 1.73
598.77 , 1017.42 , 418.65 , 3962.58 , 2.09
613.37 , 1114.78 , 501.41 , 3865.22 , 2.51
627.98 , 1260.82 , 632.84 , 3719.18 , 3.16
642.58 , 1509.09 , 866.51 , 3470.91 , 4.33
671.79 , 2044.57 , 1372.79 , 2935.43 , 6.86
764.28 , 4059.94 , 3295.66 , 920.06 , 16.48
764.28 , 4050.21 , 3285.92 , 929.79 , 16.43
