68.15 , 58.42 , -9.74 , 4921.58 , -0.05
107.10 , 107.10 , 0.00 , 4872.90 , 0.00
150.91 , 146.04 , -4.87 , 4833.96 , -0.02
180.12 , 184.99 , 4.87 , 4795.01 , 0.02
228.80 , 223.93 , -4.87 , 4756.07 , -0.02
262.87 , 262.87 , 0.00 , 4717.13 , 0.00
292.08 , 296.95 , 4.87 , 4683.05 , 0.02
340.76 , 331.03 , -9.74 , 4648.97 , -0.05
374.84 , 374.84 , 0.00 , 4605.16 , 0.00
399.18 , 399.18 , 0.00 , 4580.82 , 0.00
399.18 , 418.65 , 19.47 , 4561.35 , 0.10
433.26 , 438.12 , 4.87 , 4541.88 , 0.02
447.86 , 447.86 , 0.00 , 4532.14 , 0.00
457.60 , 457.60 , 0.00 , 4522.40 , 0.00
462.46 , 467.33 , 4.87 , 4512.67 , 0.02
467.33 , 467.33 , 0.00 , 4512.67 , 0.00
467.33 , 477.07 , 9.74 , 4502.93 , 0.05
472.20 , 481.94 , 9.74 , 4498.06 , 0.05
477.07 , 481.94 , 4.87 , 4498.06 , 0.02
477.07 , 486.80 , 9.74 , 4493.20 , 0.05
486.80 , 491.67 , 4.87 , 4488.33 , 0.02
481.94 , 491.67 , 9.74 , 4488.33 , 0.05
481.94 , 496.54 , 14.60 , 4483.46 , 0.07
481.94 , 496.54 , 14.60 , 4483.46 , 0.07
486.80 , 496.54 , 9.74 , 4483.46 , 0.05
486.80 , 501.41 , 14.60 , 4478.59 , 0.07
491.67 , 501.41 , 9.74 , 4478.59 , 0.05
486.80 , 506.28 , 19.47 , 4473.72 , 0.10
491.67 , 501.41 , 9.74 , 4478.59 , 0.05
491.67 , 511.14 , 19.47 , 4468.86 , 0.10
491.67 , 511.14 , 19.47 , 4468.86 , 0.10
496.54 , 511.14 , 14.60 , 4468.86 , 0.07
501.41 , 516.01 , 14.60 , 4463.99 , 0.07
496.54 , 511.14 , 14.60 , 4468.86 , 0.07
496.54 , 516.01 , 19.47 , 4463.99 , 0.10
496.54 , 516.01 , 19.47 , 4463.99 , 0.10
501.41 , 516.01 , 14.60 , 4463.99 , 0.07
496.54 , 516.01 , 19.47 , 4463.99 , 0.10
501.41 , 520.88 , 19.47 , 4459.12 , 0.10
501.41 , 520.88 , 19.47 , 4459.12 , 0.10
496.54 , 525.75 , 29.21 , 4454.25 , 0.15
501.41 , 525.75 , 24.34 , 4454.25 , 0.12
506.28 , 520.88 , 14.60 , 4459.12 , 0.07
501.41 , 525.75 , 24.34 , 4454.25 , 0.12
506.28 , 535.48 , 29.21 , 4444.52 , 0.15
501.41 , 525.75 , 24.34 , 4454.25 , 0.12
506.28 , 525.75 , 19.47 , 4454.25 , 0.10
501.41 , 530.62 , 29.21 , 4449.38 , 0.15
501.41 , 535.48 , 34.08 , 4444.52 , 0.17
511.14 , 530.62 , 19.47 , 4449.38 , 0.10
506.28 , 530.62 , 24.34 , 4449.38 , 0.12
511.14 , 530.62 , 19.47 , 4449.38 , 0.10
506.28 , 540.35 , 34.08 , 4439.65 , 0.17
511.14 , 530.62 , 19.47 , 4449.38 , 0.10
511.14 , 540.35 , 29.21 , 4439.65 , 0.15
511.14 , 540.35 , 29.21 , 4439.65 , 0.15
511.14 , 535.48 , 24.34 , 4444.52 , 0.12
516.01 , 540.35 , 24.34 , 4439.65 , 0.12
511.14 , 540.35 , 29.21 , 4439.65 , 0.15
511.14 , 545.22 , 34.08 , 4434.78 , 0.17
516.01 , 545.22 , 29.21 , 4434.78 , 0.15
511.14 , 545.22 , 34.08 , 4434.78 , 0.17
516.01 , 550.09 , 34.08 , 4429.91 , 0.17
511.14 , 550.09 , 38.94 , 4429.91 , 0.19
516.01 , 550.09 , 34.08 , 4429.91 , 0.17
520.88 , 550.09 , 29.21 , 4429.91 , 0.15
516.01 , 550.09 , 34.08 , 4429.91 , 0.17
516.01 , 554.96 , 38.94 , 4425.04 , 0.19
520.88 , 554.96 , 34.08 , 4425.04 , 0.17
520.88 , 559.82 , 38.94 , 4420.18 , 0.19
520.88 , 554.96 , 34.08 , 4425.04 , 0.17
520.88 , 554.96 , 34.08 , 4425.04 , 0.17
520.88 , 564.69 , 43.81 , 4415.31 , 0.22
525.75 , 559.82 , 34.08 , 4420.18 , 0.17
525.75 , 564.69 , 38.94 , 4415.31 , 0.19
525.75 , 564.69 , 38.94 , 4415.31 , 0.19
520.88 , 564.69 , 43.81 , 4415.31 , 0.22
520.88 , 564.69 , 43.81 , 4415.31 , 0.22
525.75 , 574.43 , 48.68 , 4405.57 , 0.24
520.88 , 569.56 , 48.68 , 4410.44 , 0.24
530.62 , 574.43 , 43.81 , 4405.57 , 0.22
525.75 , 579.30 , 53.55 , 4400.70 , 0.27
530.62 , 574.43 , 43.81 , 4405.57 , 0.22
530.62 , 584.16 , 53.55 , 4395.84 , 0.27
530.62 , 579.30 , 48.68 , 4400.70 , 0.24
530.62 , 579.30 , 48.68 , 4400.70 , 0.24
530.62 , 584.16 , 53.55 , 4395.84 , 0.27
530.62 , 589.03 , 58.42 , 4390.97 , 0.29
535.48 , 589.03 , 53.55 , 4390.97 , 0.27
535.48 , 593.90 , 58.42 , 4386.10 , 0.29
530.62 , 593.90 , 63.28 , 4386.10 , 0.32
530.62 , 598.77 , 68.15 , 4381.23 , 0.34
535.48 , 603.64 , 68.15 , 4376.36 , 0.34
530.62 , 603.64 , 73.02 , 4376.36 , 0.37
540.35 , 608.50 , 68.15 , 4371.50 , 0.34
535.48 , 608.50 , 73.02 , 4371.50 , 0.37
540.35 , 618.24 , 77.89 , 4361.76 , 0.39
540.35 , 618.24 , 77.89 , 4361.76 , 0.39
540.35 , 618.24 , 77.89 , 4361.76 , 0.39
545.22 , 623.11 , 77.89 , 4356.89 , 0.39
545.22 , 632.84 , 87.62 , 4347.16 , 0.44
545.22 , 642.58 , 97.36 , 4337.42 , 0.49
550.09 , 642.58 , 92.49 , 4337.42 , 0.46
550.09 , 647.45 , 97.36 , 4332.55 , 0.49
550.09 , 657.18 , 107.10 , 4322.82 , 0.54
550.09 , 657.18 , 107.10 , 4322.82 , 0.54
550.09 , 666.92 , 116.83 , 4313.08 , 0.58
554.96 , 671.79 , 116.83 , 4308.21 , 0.58
554.96 , 676.66 , 121.70 , 4303.34 , 0.61
559.82 , 691.26 , 131.44 , 4288.74 , 0.66
559.82 , 701.00 , 141.17 , 4279.00 , 0.71
559.82 , 715.60 , 155.78 , 4264.40 , 0.78
564.69 , 725.34 , 160.65 , 4254.66 , 0.80
574.43 , 739.94 , 165.51 , 4240.06 , 0.83
569.56 , 754.55 , 184.99 , 4225.45 , 0.92
579.30 , 774.02 , 194.72 , 4205.98 , 0.97
579.30 , 793.49 , 214.19 , 4186.51 , 1.07
584.16 , 822.70 , 238.53 , 4157.30 , 1.19
589.03 , 851.91 , 262.87 , 4128.09 , 1.31
589.03 , 890.85 , 301.82 , 4089.15 , 1.51
593.90 , 949.27 , 355.37 , 4030.73 , 1.78
603.64 , 1012.55 , 408.91 , 3967.45 , 2.04
608.50 , 1114.78 , 506.28 , 3865.22 , 2.53
623.11 , 1255.95 , 632.84 , 3724.05 , 3.16
642.58 , 1509.09 , 866.51 , 3470.91 , 4.33
676.66 , 2044.57 , 1367.92 , 2935.43 , 6.84
759.41 , 4069.68 , 3310.26 , 910.32 , 16.55
764.28 , 4069.68 , 3305.40 , 910.32 , 16.53
