73.02 , 68.15 , -4.87 , 4911.85 , -0.02
107.10 , 116.83 , 9.74 , 4863.17 , 0.05
141.17 , 146.04 , 4.87 , 4833.96 , 0.02
189.85 , 189.85 , 0.00 , 4790.15 , 0.00
228.80 , 223.93 , -4.87 , 4756.07 , -0.02
262.87 , 262.87 , 0.00 , 4717.13 , 0.00
301.82 , 306.69 , 4.87 , 4673.31 , 0.02
340.76 , 340.76 , 0.00 , 4639.24 , 0.00
399.18 , 374.84 , -24.34 , 4605.16 , -0.12
399.18 , 404.05 , 4.87 , 4575.95 , 0.02
418.65 , 423.52 , 4.87 , 4556.48 , 0.02
447.86 , 438.12 , -9.74 , 4541.88 , -0.05
442.99 , 442.99 , 0.00 , 4537.01 , 0.00
452.73 , 457.60 , 4.87 , 4522.40 , 0.02
457.60 , 467.33 , 9.74 , 4512.67 , 0.05
467.33 , 467.33 , 0.00 , 4512.67 , 0.00
467.33 , 477.07 , 9.74 , 4502.93 , 0.05
472.20 , 477.07 , 4.87 , 4502.93 , 0.02
472.20 , 481.94 , 9.74 , 4498.06 , 0.05
477.07 , 491.67 , 14.60 , 4488.33 , 0.07
481.94 , 486.80 , 4.87 , 4493.20 , 0.02
481.94 , 491.67 , 9.74 , 4488.33 , 0.05
481.94 , 491.67 , 9.74 , 4488.33 , 0.05
486.80 , 496.54 , 9.74 , 4483.46 , 0.05
486.80 , 501.41 , 14.60 , 4478.59 , 0.07
486.80 , 501.41 , 14.60 , 4478.59 , 0.07
491.67 , 506.28 , 14.60 , 4473.72 , 0.07
486.80 , 501.41 , 14.60 , 4478.59 , 0.07
491.67 , 506.28 , 14.60 , 4473.72 , 0.07
486.80 , 506.28 , 19.47 , 4473.72 , 0.10
496.54 , 511.14 , 14.60 , 4468.86 , 0.07
496.54 , 511.14 , 14.60 , 4468.86 , 0.07
491.67 , 516.01 , 24.34 , 4463.99 , 0.12
496.54 , 511.14 , 14.60 , 4468.86 , 0.07
496.54 , 516.01 , 19.47 , 4463.99 , 0.10
496.54 , 516.01 , 19.47 , 4463.99 , 0.10
496.54 , 516.01 , 19.47 , 4463.99 , 0.10
501.41 , 520.88 , 19.47 , 4459.12 , 0.10
506.28 , 520.88 , 14.60 , 4459.12 , 0.07
496.54 , 520.88 , 24.34 , 4459.12 , 0.12
501.41 , 520.88 , 19.47 , 4459.12 , 0.10
506.28 , 520.88 , 14.60 , 4459.12 , 0.07
506.28 , 525.75 , 19.47 , 4454.25 , 0.10
501.41 , 525.75 , 24.34 , 4454.25 , 0.12
506.28 , 525.75 , 19.47 , 4454.25 , 0.10
501.41 , 530.62 , 29.21 , 4449.38 , 0.15
506.28 , 525.75 , 19.47 , 4454.25 , 0.10
506.28 , 530.62 , 24.34 , 4449.38 , 0.12
506.28 , 530.62 , 24.34 , 4449.38 , 0.12
511.14 , 530.62 , 19.47 , 4449.38 , 0.10
506.28 , 535.48 , 29.21 , 4444.52 , 0.15
506.28 , 535.48 , 29.21 , 4444.52 , 0.15
506.28 , 530.62 , 24.34 , 4449.38 , 0.12
506.28 , 535.48 , 29.21 , 4444.52 , 0.15
511.14 , 535.48 , 24.34 , 4444.52 , 0.12
511.14 , 540.35 , 29.21 , 4439.65 , 0.15
511.14 , 540.35 , 29.21 , 4439.65 , 0.15
511.14 , 540.35 , 29.21 , 4439.65 , 0.15
511.14 , 545.22 , 34.08 , 4434.78 , 0.17
511.14 , 545.22 , 34.08 , 4434.78 , 0.17
516.01 , 545.22 , 29.21 , 4434.78 , 0.15
511.14 , 545.22 , 34.08 , 4434.78 , 0.17
511.14 , 545.22 , 34.08 , 4434.78 , 0.17
516.01 , 545.22 , 29.21 , 4434.78 , 0.15
520.88 , 545.22 , 24.34 , 4434.78 , 0.12
511.14 , 550.09 , 38.94 , 4429.91 , 0.19
516.01 , 554.96 , 38.94 , 4425.04 , 0.19
520.88 , 554.96 , 34.08 , 4425.04 , 0.17
520.88 , 554.96 , 34.08 , 4425.04 , 0.17
520.88 , 554.96 , 34.08 , 4425.04 , 0.17
516.01 , 559.82 , 43.81 , 4420.18 , 0.22
520.88 , 559.82 , 38.94 , 4420.18 , 0.19
520.88 , 559.82 , 38.94 , 4420.18 , 0.19
520.88 , 564.69 , 43.81 , 4415.31 , 0.22
525.75 , 564.69 , 38.94 , 4415.31 , 0.19
520.88 , 564.69 , 43.81 , 4415.31 , 0.22
525.75 , 569.56 , 43.81 , 4410.44 , 0.22
520.88 , 569.56 , 48.68 , 4410.44 , 0.24
525.75 , 569.56 , 43.81 , 4410.44 , 0.22
525.75 , 574.43 , 48.68 , 4405.57 , 0.24
530.62 , 574.43 , 43.81 , 4405.57 , 0.22
525.75 , 579.30 , 53.55 , 4400.70 , 0.27
530.62 , 579.30 , 48.68 , 4400.70 , 0.24
530.62 , 569.56 , 38.94 , 4410.44 , 0.19
525.75 , 584.16 , 58.42 , 4395.84 , 0.29
535.48 , 579.30 , 43.81 , 4400.70 , 0.22
530.62 , 589.03 , 58.42 , 4390.97 , 0.29
530.62 , 584.16 , 53.55 , 4395.84 , 0.27
530.62 , 593.90 , 63.28 , 4386.10 , 0.32
530.62 , 593.90 , 63.28 , 4386.10 , 0.32
535.48 , 593.90 , 58.42 , 4386.10 , 0.29
535.48 , 593.90 , 58.42 , 4386.10 , 0.29
535.48 , 598.77 , 63.28 , 4381.23 , 0.32
535.48 , 603.64 , 68.15 , 4376.36 , 0.34
535.48 , 603.64 , 68.15 , 4376.36 , 0.34
545.22 , 608.50 , 63.28 , 4371.50 , 0.32
540.35 , 613.37 , 73.02 , 4366.63 , 0.37
540.35 , 618.24 , 77.89 , 4361.76 , 0.39
540.35 , 623.11 , 82.76 , 4356.89 , 0.41
545.22 , 627.98 , 82.76 , 4352.02 , 0.41
545.22 , 632.84 , 87.62 , 4347.16 , 0.44
545.22 , 637.71 , 92.49 , 4342.29 , 0.46
550.09 , 637.71 , 87.62 , 4342.29 , 0.44
550.09 , 652.32 , 102.23 , 4327.68 , 0.51
550.09 , 647.45 , 97.36 , 4332.55 , 0.49
550.09 , 657.18 , 107.10 , 4322.82 , 0.54
554.96 , 666.92 , 111.96 , 4313.08 , 0.56
554.96 , 676.66 , 121.70 , 4303.34 , 0.61
559.82 , 681.52 , 121.70 , 4298.47 , 0.61
564.69 , 696.13 , 131.44 , 4283.87 , 0.66
559.82 , 701.00 , 141.17 , 4279.00 , 0.71
564.69 , 710.73 , 146.04 , 4269.27 , 0.73
564.69 , 725.34 , 160.65 , 4254.66 , 0.80
569.56 , 735.07 , 165.51 , 4244.93 , 0.83
569.56 , 754.55 , 184.99 , 4225.45 , 0.92
574.43 , 769.15 , 194.72 , 4210.85 , 0.97
579.30 , 798.36 , 219.06 , 4181.64 , 1.10
579.30 , 822.70 , 243.40 , 4157.30 , 1.22
589.03 , 856.77 , 267.74 , 4123.23 , 1.34
589.03 , 890.85 , 301.82 , 4089.15 , 1.51
598.77 , 944.40 , 345.63 , 4035.60 , 1.73
598.77 , 1012.55 , 413.78 , 3967.45 , 2.07
613.37 , 1105.04 , 491.67 , 3874.96 , 2.46
623.11 , 1260.82 , 637.71 , 3719.18 , 3.19
647.45 , 1509.09 , 861.64 , 3470.91 , 4.31
671.79 , 2044.57 , 1372.79 , 2935.43 , 6.86
759.41 , 4055.07 , 3295.66 , 924.93 , 16.48
764.28 , 4059.94 , 3295.66 , 920.06 , 16.48
