68.15 , 68.15 , 0.00 , 4911.85 , 0.00
111.96 , 111.96 , 0.00 , 4868.04 , 0.00
141.17 , 175.25 , 34.08 , 4804.75 , 0.17
184.99 , 189.85 , 4.87 , 4790.15 , 0.02
228.80 , 223.93 , -4.87 , 4756.07 , -0.02
282.35 , 262.87 , -19.47 , 4717.13 , -0.10
301.82 , 301.82 , 0.00 , 4678.18 , 0.00
335.89 , 340.76 , 4.87 , 4639.24 , 0.02
374.84 , 379.71 , 4.87 , 4600.29 , 0.02
404.05 , 399.18 , -4.87 , 4580.82 , -0.02
423.52 , 423.52 , 0.00 , 4556.48 , 0.00
433.26 , 442.99 , 9.74 , 4537.01 , 0.05
423.52 , 462.46 , 38.94 , 4517.54 , 0.19
452.73 , 457.60 , 4.87 , 4522.40 , 0.02
462.46 , 467.33 , 4.87 , 4512.67 , 0.02
467.33 , 467.33 , 0.00 , 4512.67 , 0.00
472.20 , 477.07 , 4.87 , 4502.93 , 0.02
472.20 , 477.07 , 4.87 , 4502.93 , 0.02
477.07 , 481.94 , 4.87 , 4498.06 , 0.02
477.07 , 486.80 , 9.74 , 4493.20 , 0.05
477.07 , 491.67 , 14.60 , 4488.33 , 0.07
481.94 , 496.54 , 14.60 , 4483.46 , 0.07
486.80 , 491.67 , 4.87 , 4488.33 , 0.02
486.80 , 496.54 , 9.74 , 4483.46 , 0.05
486.80 , 496.54 , 9.74 , 4483.46 , 0.05
486.80 , 501.41 , 14.60 , 4478.59 , 0.07
491.67 , 496.54 , 4.87 , 4483.46 , 0.02
486.80 , 506.28 , 19.47 , 4473.72 , 0.10
496.54 , 506.28 , 9.74 , 4473.72 , 0.05
496.54 , 511.14 , 14.60 , 4468.86 , 0.07
491.67 , 506.28 , 14.60 , 4473.72 , 0.07
491.67 , 511.14 , 19.47 , 4468.86 , 0.10
496.54 , 516.01 , 19.47 , 4463.99 , 0.10
496.54 , 516.01 , 19.47 , 4463.99 , 0.10
501.41 , 511.14 , 9.74 , 4468.86 , 0.05
501.41 , 516.01 , 14.60 , 4463.99 , 0.07
496.54 , 520.88 , 24.34 , 4459.12 , 0.12
496.54 , 520.88 , 24.34 , 4459.12 , 0.12
501.41 , 516.01 , 14.60 , 4463.99 , 0.07
496.54 , 516.01 , 19.47 , 4463.99 , 0.10
501.41 , 520.88 , 19.47 , 4459.12 , 0.10
501.41 , 525.75 , 24.34 , 4454.25 , 0.12
506.28 , 525.75 , 19.47 , 4454.25 , 0.10
506.28 , 525.75 , 19.47 , 4454.25 , 0.10
506.28 , 530.62 , 24.34 , 4449.38 , 0.12
501.41 , 530.62 , 29.21 , 4449.38 , 0.15
506.28 , 530.62 , 24.34 , 4449.38 , 0.12
511.14 , 525.75 , 14.60 , 4454.25 , 0.07
506.28 , 530.62 , 24.34 , 4449.38 , 0.12
506.28 , 530.62 , 24.34 , 4449.38 , 0.12
506.28 , 535.48 , 29.21 , 4444.52 , 0.15
506.28 , 530.62 , 24.34 , 4449.38 , 0.12
506.28 , 535.48 , 29.21 , 4444.52 , 0.15
511.14 , 535.48 , 24.34 , 4444.52 , 0.12
511.14 , 540.35 , 29.21 , 4439.65 , 0.15
516.01 , 540.35 , 24.34 , 4439.65 , 0.12
511.14 , 540.35 , 29.21 , 4439.65 , 0.15
511.14 , 540.35 , 29.21 , 4439.65 , 0.15
511.14 , 540.35 , 29.21 , 4439.65 , 0.15
511.14 , 540.35 , 29.21 , 4439.65 , 0.15
511.14 , 545.22 , 34.08 , 4434.78 , 0.17
516.01 , 550.09 , 34.08 , 4429.91 , 0.17
516.01 , 545.22 , 29.21 , 4434.78 , 0.15
516.01 , 550.09 , 34.08 , 4429.91 , 0.17
516.01 , 550.09 , 34.08 , 4429.91 , 0.17
520.88 , 550.09 , 29.21 , 4429.91 , 0.15
520.88 , 554.96 , 34.08 , 4425.04 , 0.17
520.88 , 554.96 , 34.08 , 4425.04 , 0.17
520.88 , 554.96 , 34.08 , 4425.04 , 0.17
520.88 , 554.96 , 34.08 , 4425.04 , 0.17
520.88 , 559.82 , 38.94 , 4420.18 , 0.19
520.88 , 559.82 , 38.94 , 4420.18 , 0.19
520.88 , 559.82 , 38.94 , 4420.18 , 0.19
520.88 , 559.82 , 38.94 , 4420.18 , 0.19
520.88 , 559.82 , 38.94 , 4420.18 , 0.19
525.75 , 569.56 , 43.81 , 4410.44 , 0.22
525.75 , 569.56 , 43.81 , 4410.44 , 0.22
525.75 , 574.43 , 48.68 , 4405.57 , 0.24
520.88 , 569.56 , 48.68 , 4410.44 , 0.24
525.75 , 574.43 , 48.68 , 4405.57 , 0.24
530.62 , 574.43 , 43.81 , 4405.57 , 0.22
530.62 , 574.43 , 43.81 , 4405.57 , 0.22
525.75 , 574.43 , 48.68 , 4405.57 , 0.24
525.75 , 574.43 , 48.68 , 4405.57 , 0.24
525.75 , 584.16 , 58.42 , 4395.84 , 0.29
525.75 , 579.30 , 53.55 , 4400.70 , 0.27
530.62 , 589.03 , 58.42 , 4390.97 , 0.29
530.62 , 589.03 , 58.42 , 4390.97 , 0.29
535.48 , 589.03 , 53.55 , 4390.97 , 0.27
530.62 , 593.90 , 63.28 , 4386.10 , 0.32
535.48 , 603.64 , 68.15 , 4376.36 , 0.34
530.62 , 598.77 , 68.15 , 4381.23 , 0.34
535.48 , 603.64 , 68.15 , 4376.36 , 0.34
535.48 , 598.77 , 63.28 , 4381.23 , 0.32
535.48 , 608.50 , 73.02 , 4371.50 , 0.37
540.35 , 613.37 , 73.02 , 4366.63 , 0.37
540.35 , 613.37 , 73.02 , 4366.63 , 0.37
540.35 , 618.24 , 77.89 , 4361.76 , 0.39
545.22 , 623.11 , 77.89 , 4356.89 , 0.39
545.22 , 623.11 , 77.89 , 4356.89 , 0.39
545.22 , 627.98 , 82.76 , 4352.02 , 0.41
545.22 , 632.84 , 87.62 , 4347.16 , 0.44
545.22 , 637.71 , 92.49 , 4342.29 , 0.46
550.09 , 642.58 , 92.49 , 4337.42 , 0.46
550.09 , 652.32 , 102.23 , 4327.68 , 0.51
554.96 , 662.05 , 107.10 , 4317.95 , 0.54
550.09 , 666.92 , 116.83 , 4313.08 , 0.58
554.96 , 676.66 , 121.70 , 4303.34 , 0.61
554.96 , 681.52 , 126.57 , 4298.47 , 0.63
559.82 , 691.26 , 131.44 , 4288.74 , 0.66
559.82 , 701.00 , 141.17 , 4279.00 , 0.71
564.69 , 710.73 , 146.04 , 4269.27 , 0.73
569.56 , 720.47 , 150.91 , 4259.53 , 0.75
574.43 , 739.94 , 165.51 , 4240.06 , 0.83
569.56 , 754.55 , 184.99 , 4225.45 , 0.92
574.43 , 774.02 , 199.59 , 4205.98 , 1.00
579.30 , 793.49 , 214.19 , 4186.51 , 1.07
579.30 , 817.83 , 238.53 , 4162.17 , 1.19
584.16 , 851.91 , 267.74 , 4128.09 , 1.34
589.03 , 895.72 , 306.69 , 4084.28 , 1.53
593.90 , 944.40 , 350.50 , 4035.60 , 1.75
598.77 , 1017.42 , 418.65 , 3962.58 , 2.09
618.24 , 1109.91 , 491.67 , 3870.09 , 2.46
627.98 , 1255.95 , 627.98 , 3724.05 , 3.14
642.58 , 1509.09 , 866.51 , 3470.91 , 4.33
676.66 , 2049.44 , 1372.79 , 2930.56 , 6.86
759.41 , 4069.68 , 3310.26 , 910.32 , 16.55
764.28 , 4074.55 , 3310.26 , 905.45 , 16.55
