68.15 , 68.15 , 0.00 , 4911.85 , 0.00
107.10 , 107.10 , 0.00 , 4872.90 , 0.00
141.17 , 146.04 , 4.87 , 4833.96 , 0.02
180.12 , 184.99 , 4.87 , 4795.01 , 0.02
204.46 , 238.53 , 34.08 , 4741.47 , 0.17
262.87 , 267.74 , 4.87 , 4712.26 , 0.02
301.82 , 301.82 , 0.00 , 4678.18 , 0.00
365.10 , 340.76 , -24.34 , 4639.24 , -0.12
374.84 , 369.97 , -4.87 , 4610.03 , -0.02
404.05 , 399.18 , -4.87 , 4580.82 , -0.02
413.78 , 423.52 , 9.74 , 4556.48 , 0.05
433.26 , 433.26 , 0.00 , 4546.75 , 0.00
442.99 , 447.86 , 4.87 , 4532.14 , 0.02
452.73 , 457.60 , 4.87 , 4522.40 , 0.02
462.46 , 477.07 , 14.60 , 4502.93 , 0.07
467.33 , 472.20 , 4.87 , 4507.80 , 0.02
472.20 , 477.07 , 4.87 , 4502.93 , 0.02
477.07 , 481.94 , 4.87 , 4498.06 , 0.02
477.07 , 491.67 , 14.60 , 4488.33 , 0.07
481.94 , 491.67 , 9.74 , 4488.33 , 0.05
477.07 , 486.80 , 9.74 , 4493.20 , 0.05
477.07 , 496.54 , 19.47 , 4483.46 , 0.10
486.80 , 496.54 , 9.74 , 4483.46 , 0.05
486.80 , 501.41 , 14.60 , 4478.59 , 0.07
491.67 , 501.41 , 9.74 , 4478.59 , 0.05
486.80 , 506.28 , 19.47 , 4473.72 , 0.10
486.80 , 501.41 , 14.60 , 4478.59 , 0.07
491.67 , 506.28 , 14.60 , 4473.72 , 0.07
491.67 , 506.28 , 14.60 , 4473.72 , 0.07
491.67 , 511.14 , 19.47 , 4468.86 , 0.10
491.67 , 511.14 , 19.47 , 4468.86 , 0.10
496.54 , 511.14 , 14.60 , 4468.86 , 0.07
496.54 , 516.01 , 19.47 , 4463.99 , 0.10
496.54 , 511.14 , 14.60 , 4468.86 , 0.07
496.54 , 516.01 , 19.47 , 4463.99 , 0.10
496.54 , 516.01 , 19.47 , 4463.99 , 0.10
496.54 , 516.01 , 19.47 , 4463.99 , 0.10
496.54 , 520.88 , 24.34 , 4459.12 , 0.12
501.41 , 520.88 , 19.47 , 4459.12 , 0.10
496.54 , 520.88 , 24.34 , 4459.12 , 0.12
501.41 , 525.75 , 24.34 , 4454.25 , 0.12
501.41 , 520.88 , 19.47 , 4459.12 , 0.10
506.28 , 520.88 , 14.60 , 4459.12 , 0.07
501.41 , 530.62 , 29.21 , 4449.38 , 0.15
501.41 , 525.75 , 24.34 , 4454.25 , 0.12
506.28 , 525.75 , 19.47 , 4454.25 , 0.10
501.41 , 530.62 , 29.21 , 4449.38 , 0.15
506.28 , 525.75 , 19.47 , 4454.25 , 0.10
506.28 , 535.48 , 29.21 , 4444.52 , 0.15
511.14 , 535.48 , 24.34 , 4444.52 , 0.12
511.14 , 535.48 , 24.34 , 4444.52 , 0.12
511.14 , 535.48 , 24.34 , 4444.52 , 0.12
506.28 , 535.48 , 29.21 , 4444.52 , 0.15
511.14 , 535.48 , 24.34 , 4444.52 , 0.12
506.28 , 530.62 , 24.34 , 4449.38 , 0.12
511.14 , 535.48 , 24.34 , 4444.52 , 0.12
506.28 , 540.35 , 34.08 , 4439.65 , 0.17
511.14 , 545.22 , 34.08 , 4434.78 , 0.17
516.01 , 540.35 , 24.34 , 4439.65 , 0.12
511.14 , 550.09 , 38.94 , 4429.91 , 0.19
516.01 , 545.22 , 29.21 , 4434.78 , 0.15
516.01 , 550.09 , 34.08 , 4429.91 , 0.17
516.01 , 545.22 , 29.21 , 4434.78 , 0.15
516.01 , 545.22 , 29.21 , 4434.78 , 0.15
516.01 , 545.22 , 29.21 , 4434.78 , 0.15
516.01 , 550.09 , 34.08 , 4429.91 , 0.17
516.01 , 550.09 , 34.08 , 4429.91 , 0.17
516.01 , 554.96 , 38.94 , 4425.04 , 0.19
516.01 , 559.82 , 43.81 , 4420.18 , 0.22
520.88 , 554.96 , 34.08 , 4425.04 , 0.17
525.75 , 554.96 , 29.21 , 4425.04 , 0.15
525.75 , 554.96 , 29.21 , 4425.04 , 0.15
516.01 , 559.82 , 43.81 , 4420.18 , 0.22
520.88 , 564.69 , 43.81 , 4415.31 , 0.22
520.88 , 564.69 , 43.81 , 4415.31 , 0.22
520.88 , 559.82 , 38.94 , 4420.18 , 0.19
525.75 , 564.69 , 38.94 , 4415.31 , 0.19
520.88 , 569.56 , 48.68 , 4410.44 , 0.24
525.75 , 564.69 , 38.94 , 4415.31 , 0.19
525.75 , 569.56 , 43.81 , 4410.44 , 0.22
525.75 , 574.43 , 48.68 , 4405.57 , 0.24
525.75 , 579.30 , 53.55 , 4400.70 , 0.27
530.62 , 579.30 , 48.68 , 4400.70 , 0.24
530.62 , 574.43 , 43.81 , 4405.57 , 0.22
530.62 , 584.16 , 53.55 , 4395.84 , 0.27
525.75 , 589.03 , 63.28 , 4390.97 , 0.32
535.48 , 584.16 , 48.68 , 4395.84 , 0.24
535.48 , 589.03 , 53.55 , 4390.97 , 0.27
535.48 , 589.03 , 53.55 , 4390.97 , 0.27
530.62 , 593.90 , 63.28 , 4386.10 , 0.32
535.48 , 593.90 , 58.42 , 4386.10 , 0.29
530.62 , 598.77 , 68.15 , 4381.23 , 0.34
540.35 , 598.77 , 58.42 , 4381.23 , 0.29
535.48 , 603.64 , 68.15 , 4376.36 , 0.34
540.35 , 603.64 , 63.28 , 4376.36 , 0.32
535.48 , 613.37 , 77.89 , 4366.63 , 0.39
540.35 , 613.37 , 73.02 , 4366.63 , 0.37
535.48 , 613.37 , 77.89 , 4366.63 , 0.39
545.22 , 623.11 , 77.89 , 4356.89 , 0.39
545.22 , 627.98 , 82.76 , 4352.02 , 0.41
545.22 , 632.84 , 87.62 , 4347.16 , 0.44
545.22 , 637.71 , 92.49 , 4342.29 , 0.46
550.09 , 642.58 , 92.49 , 4337.42 , 0.46
550.09 , 652.32 , 102.23 , 4327.68 , 0.51
550.09 , 652.32 , 102.23 , 4327.68 , 0.51
550.09 , 657.18 , 107.10 , 4322.82 , 0.54
554.96 , 666.92 , 111.96 , 4313.08 , 0.56
550.09 , 671.79 , 121.70 , 4308.21 , 0.61
559.82 , 681.52 , 121.70 , 4298.47 , 0.61
554.96 , 691.26 , 136.30 , 4288.74 , 0.68
559.82 , 701.00 , 141.17 , 4279.00 , 0.71
564.69 , 710.73 , 146.04 , 4269.27 , 0.73
564.69 , 720.47 , 155.78 , 4259.53 , 0.78
569.56 , 735.07 , 165.51 , 4244.93 , 0.83
564.69 , 754.55 , 189.85 , 4225.45 , 0.95
574.43 , 774.02 , 199.59 , 4205.98 , 1.00
579.30 , 798.36 , 219.06 , 4181.64 , 1.10
579.30 , 822.70 , 243.40 , 4157.30 , 1.22
584.16 , 851.91 , 267.74 , 4128.09 , 1.34
593.90 , 890.85 , 296.95 , 4089.15 , 1.48
598.77 , 944.40 , 345.63 , 4035.60 , 1.73
603.64 , 1012.55 , 408.91 , 3967.45 , 2.04
613.37 , 1109.91 , 496.54 , 3870.09 , 2.48
627.98 , 1255.95 , 627.98 , 3724.05 , 3.14
642.58 , 1513.96 , 871.38 , 3466.04 , 4.36
671.79 , 2044.57 , 1372.79 , 2935.43 , 6.86
769.15 , 4064.81 , 3295.66 , 915.19 , 16.48
764.28 , 4064.81 , 3300.53 , 915.19 , 16.50
