63.28 , 68.15 , 4.87 , 4911.85 , 0.02
102.23 , 97.36 , -4.87 , 4882.64 , -0.02
141.17 , 146.04 , 4.87 , 4833.96 , 0.02
184.99 , 184.99 , 0.00 , 4795.01 , 0.00
223.93 , 219.06 , -4.87 , 4760.94 , -0.02
262.87 , 267.74 , 4.87 , 4712.26 , 0.02
296.95 , 301.82 , 4.87 , 4678.18 , 0.02
340.76 , 340.76 , 0.00 , 4639.24 , 0.00
374.84 , 369.97 , -4.87 , 4610.03 , -0.02
399.18 , 404.05 , 4.87 , 4575.95 , 0.02
423.52 , 423.52 , 0.00 , 4556.48 , 0.00
438.12 , 438.12 , 0.00 , 4541.88 , 0.00
447.86 , 452.73 , 4.87 , 4527.27 , 0.02
457.60 , 462.46 , 4.87 , 4517.54 , 0.02
472.20 , 467.33 , -4.87 , 4512.67 , -0.02
467.33 , 472.20 , 4.87 , 4507.80 , 0.02
467.33 , 472.20 , 4.87 , 4507.80 , 0.02
477.07 , 477.07 , 0.00 , 4502.93 , 0.00
481.94 , 486.80 , 4.87 , 4493.20 , 0.02
477.07 , 486.80 , 9.74 , 4493.20 , 0.05
481.94 , 486.80 , 4.87 , 4493.20 , 0.02
486.80 , 491.67 , 4.87 , 4488.33 , 0.02
486.80 , 501.41 , 14.60 , 4478.59 , 0.07
486.80 , 496.54 , 9.74 , 4483.46 , 0.05
481.94 , 501.41 , 19.47 , 4478.59 , 0.10
486.80 , 501.41 , 14.60 , 4478.59 , 0.07
486.80 , 501.41 , 14.60 , 4478.59 , 0.07
486.80 , 506.28 , 19.47 , 4473.72 , 0.10
496.54 , 506.28 , 9.74 , 4473.72 , 0.05
491.67 , 506.28 , 14.60 , 4473.72 , 0.07
486.80 , 511.14 , 24.34 , 4468.86 , 0.12
496.54 , 516.01 , 19.47 , 4463.99 , 0.10
496.54 , 511.14 , 14.60 , 4468.86 , 0.07
501.41 , 516.01 , 14.60 , 4463.99 , 0.07
496.54 , 516.01 , 19.47 , 4463.99 , 0.10
496.54 , 516.01 , 19.47 , 4463.99 , 0.10
496.54 , 511.14 , 14.60 , 4468.86 , 0.07
501.41 , 520.88 , 19.47 , 4459.12 , 0.10
496.54 , 525.75 , 29.21 , 4454.25 , 0.15
496.54 , 520.88 , 24.34 , 4459.12 , 0.12
501.41 , 520.88 , 19.47 , 4459.12 , 0.10
501.41 , 525.75 , 24.34 , 4454.25 , 0.12
501.41 , 525.75 , 24.34 , 4454.25 , 0.12
506.28 , 525.75 , 19.47 , 4454.25 , 0.10
501.41 , 525.75 , 24.34 , 4454.25 , 0.12
501.41 , 530.62 , 29.21 , 4449.38 , 0.15
506.28 , 530.62 , 24.34 , 4449.38 , 0.12
501.41 , 530.62 , 29.21 , 4449.38 , 0.15
506.28 , 530.62 , 24.34 , 4449.38 , 0.12
511.14 , 530.62 , 19.47 , 4449.38 , 0.10
511.14 , 535.48 , 24.34 , 4444.52 , 0.12
506.28 , 530.62 , 24.34 , 4449.38 , 0.12
511.14 , 530.62 , 19.47 , 4449.38 , 0.10
511.14 , 535.48 , 24.34 , 4444.52 , 0.12
506.28 , 540.35 , 34.08 , 4439.65 , 0.17
506.28 , 540.35 , 34.08 , 4439.65 , 0.17
506.28 , 540.35 , 34.08 , 4439.65 , 0.17
511.14 , 540.35 , 29.21 , 4439.65 , 0.15
511.14 , 540.35 , 29.21 , 4439.65 , 0.15
511.14 , 540.35 , 29.21 , 4439.65 , 0.15
511.14 , 545.22 , 34.08 , 4434.78 , 0.17
511.14 , 545.22 , 34.08 , 4434.78 , 0.17
516.01 , 545.22 , 29.21 , 4434.78 , 0.15
516.01 , 545.22 , 29.21 , 4434.78 , 0.15
516.01 , 545.22 , 29.21 , 4434.78 , 0.15
516.01 , 554.96 , 38.94 , 4425.04 , 0.19
520.88 , 550.09 , 29.21 , 4429.91 , 0.15
516.01 , 554.96 , 38.94 , 4425.04 , 0.19
511.14 , 554.96 , 43.81 , 4425.04 , 0.22
520.88 , 550.09 , 29.21 , 4429.91 , 0.15
516.01 , 554.96 , 38.94 , 4425.04 , 0.19
525.75 , 554.96 , 29.21 , 4425.04 , 0.15
516.01 , 559.82 , 43.81 , 4420.18 , 0.22
520.88 , 564.69 , 43.81 , 4415.31 , 0.22
525.75 , 564.69 , 38.94 , 4415.31 , 0.19
525.75 , 564.69 , 38.94 , 4415.31 , 0.19
525.75 , 564.69 , 38.94 , 4415.31 , 0.19
525.75 , 564.69 , 38.94 , 4415.31 , 0.19
525.75 , 564.69 , 38.94 , 4415.31 , 0.19
520.88 , 569.56 , 48.68 , 4410.44 , 0.24
525.75 , 569.56 , 43.81 , 4410.44 , 0.22
530.62 , 579.30 , 48.68 , 4400.70 , 0.24
530.62 , 564.69 , 34.08 , 4415.31 , 0.17
530.62 , 584.16 , 53.55 , 4395.84 , 0.27
530.62 , 584.16 , 53.55 , 4395.84 , 0.27
530.62 , 584.16 , 53.55 , 4395.84 , 0.27
525.75 , 584.16 , 58.42 , 4395.84 , 0.29
530.62 , 584.16 , 53.55 , 4395.84 , 0.27
535.48 , 589.03 , 53.55 , 4390.97 , 0.27
535.48 , 593.90 , 58.42 , 4386.10 , 0.29
530.62 , 593.90 , 63.28 , 4386.10 , 0.32
535.48 , 593.90 , 58.42 , 4386.10 , 0.29
535.48 , 603.64 , 68.15 , 4376.36 , 0.34
540.35 , 598.77 , 58.42 , 4381.23 , 0.29
535.48 , 603.64 , 68.15 , 4376.36 , 0.34
545.22 , 608.50 , 63.28 , 4371.50 , 0.32
540.35 , 608.50 , 68.15 , 4371.50 , 0.34
540.35 , 618.24 , 77.89 , 4361.76 , 0.39
545.22 , 623.11 , 77.89 , 4356.89 , 0.39
540.35 , 627.98 , 87.62 , 4352.02 , 0.44
550.09 , 632.84 , 82.76 , 4347.16 , 0.41
545.22 , 637.71 , 92.49 , 4342.29 , 0.46
545.22 , 642.58 , 97.36 , 4337.42 , 0.49
550.09 , 652.32 , 102.23 , 4327.68 , 0.51
550.09 , 652.32 , 102.23 , 4327.68 , 0.51
554.96 , 662.05 , 107.10 , 4317.95 , 0.54
550.09 , 666.92 , 116.83 , 4313.08 , 0.58
550.09 , 676.66 , 126.57 , 4303.34 , 0.63
554.96 , 681.52 , 126.57 , 4298.47 , 0.63
559.82 , 686.39 , 126.57 , 4293.61 , 0.63
559.82 , 701.00 , 141.17 , 4279.00 , 0.71
559.82 , 710.73 , 150.91 , 4269.27 , 0.75
559.82 , 720.47 , 160.65 , 4259.53 , 0.80
569.56 , 739.94 , 170.38 , 4240.06 , 0.85
574.43 , 754.55 , 180.12 , 4225.45 , 0.90
569.56 , 774.02 , 204.46 , 4205.98 , 1.02
579.30 , 798.36 , 219.06 , 4181.64 , 1.10
579.30 , 822.70 , 243.40 , 4157.30 , 1.22
584.16 , 851.91 , 267.74 , 4128.09 , 1.34
593.90 , 895.72 , 301.82 , 4084.28 , 1.51
593.90 , 944.40 , 350.50 , 4035.60 , 1.75
603.64 , 1017.42 , 413.78 , 3962.58 , 2.07
613.37 , 1109.91 , 496.54 , 3870.09 , 2.48
623.11 , 1255.95 , 632.84 , 3724.05 , 3.16
637.71 , 1504.22 , 866.51 , 3475.78 , 4.33
671.79 , 2039.71 , 1367.92 , 2940.29 , 6.84
759.41 , 4055.07 , 3295.66 , 924.93 , 16.48
759.41 , 4050.21 , 3290.79 , 929.79 , 16.45
