63.28 , 63.28 , 0.00 , 4916.72 , 0.00
107.10 , 107.10 , 0.00 , 4872.90 , 0.00
146.04 , 146.04 , 0.00 , 4833.96 , 0.00
189.85 , 189.85 , 0.00 , 4790.15 , 0.00
223.93 , 223.93 , 0.00 , 4756.07 , 0.00
262.87 , 272.61 , 9.74 , 4707.39 , 0.05
296.95 , 306.69 , 9.74 , 4673.31 , 0.05
335.89 , 340.76 , 4.87 , 4639.24 , 0.02
374.84 , 360.23 , -14.60 , 4619.77 , -0.07
404.05 , 399.18 , -4.87 , 4580.82 , -0.02
423.52 , 423.52 , 0.00 , 4556.48 , 0.00
442.99 , 438.12 , -4.87 , 4541.88 , -0.02
442.99 , 452.73 , 9.74 , 4527.27 , 0.05
457.60 , 452.73 , -4.87 , 4527.27 , -0.02
457.60 , 467.33 , 9.74 , 4512.67 , 0.05
462.46 , 477.07 , 14.60 , 4502.93 , 0.07
472.20 , 477.07 , 4.87 , 4502.93 , 0.02
472.20 , 481.94 , 9.74 , 4498.06 , 0.05
472.20 , 477.07 , 4.87 , 4502.93 , 0.02
477.07 , 491.67 , 14.60 , 4488.33 , 0.07
481.94 , 491.67 , 9.74 , 4488.33 , 0.05
481.94 , 491.67 , 9.74 , 4488.33 , 0.05
481.94 , 496.54 , 14.60 , 4483.46 , 0.07
486.80 , 491.67 , 4.87 , 4488.33 , 0.02
481.94 , 501.41 , 19.47 , 4478.59 , 0.10
491.67 , 496.54 , 4.87 , 4483.46 , 0.02
486.80 , 501.41 , 14.60 , 4478.59 , 0.07
491.67 , 506.28 , 14.60 , 4473.72 , 0.07
491.67 , 506.28 , 14.60 , 4473.72 , 0.07
496.54 , 511.14 , 14.60 , 4468.86 , 0.07
496.54 , 506.28 , 9.74 , 4473.72 , 0.05
496.54 , 511.14 , 14.60 , 4468.86 , 0.07
491.67 , 511.14 , 19.47 , 4468.86 , 0.10
496.54 , 511.14 , 14.60 , 4468.86 , 0.07
496.54 , 516.01 , 19.47 , 4463.99 , 0.10
496.54 , 516.01 , 19.47 , 4463.99 , 0.10
496.54 , 520.88 , 24.34 , 4459.12 , 0.12
501.41 , 520.88 , 19.47 , 4459.12 , 0.10
501.41 , 516.01 , 14.60 , 4463.99 , 0.07
501.41 , 520.88 , 19.47 , 4459.12 , 0.10
496.54 , 520.88 , 24.34 , 4459.12 , 0.12
501.41 , 525.75 , 24.34 , 4454.25 , 0.12
501.41 , 525.75 , 24.34 , 4454.25 , 0.12
501.41 , 525.75 , 24.34 , 4454.25 , 0.12
506.28 , 525.75 , 19.47 , 4454.25 , 0.10
506.28 , 525.75 , 19.47 , 4454.25 , 0.10
506.28 , 525.75 , 19.47 , 4454.25 , 0.10
506.28 , 530.62 , 24.34 , 4449.38 , 0.12
506.28 , 530.62 , 24.34 , 4449.38 , 0.12
506.28 , 530.62 , 24.34 , 4449.38 , 0.12
506.28 , 530.62 , 24.34 , 4449.38 , 0.12
511.14 , 535.48 , 24.34 , 4444.52 , 0.12
511.14 , 530.62 , 19.47 , 4449.38 , 0.10
506.28 , 535.48 , 29.21 , 4444.52 , 0.15
511.14 , 535.48 , 24.34 , 4444.52 , 0.12
516.01 , 535.48 , 19.47 , 4444.52 , 0.10
506.28 , 535.48 , 29.21 , 4444.52 , 0.15
506.28 , 535.48 , 29.21 , 4444.52 , 0.15
511.14 , 540.35 , 29.21 , 4439.65 , 0.15
516.01 , 540.35 , 24.34 , 4439.65 , 0.12
516.01 , 545.22 , 29.21 , 4434.78 , 0.15
516.01 , 545.22 , 29.21 , 4434.78 , 0.15
516.01 , 550.09 , 34.08 , 4429.91 , 0.17
516.01 , 550.09 , 34.08 , 4429.91 , 0.17
516.01 , 545.22 , 29.21 , 4434.78 , 0.15
516.01 , 550.09 , 34.08 , 4429.91 , 0.17
516.01 , 550.09 , 34.08 , 4429.91 , 0.17
516.01 , 554.96 , 38.94 , 4425.04 , 0.19
516.01 , 550.09 , 34.08 , 4429.91 , 0.17
516.01 , 554.96 , 38.94 , 4425.04 , 0.19
516.01 , 559.82 , 43.81 , 4420.18 , 0.22
516.01 , 554.96 , 38.94 , 4425.04 , 0.19
520.88 , 554.96 , 34.08 , 4425.04 , 0.17
520.88 , 559.82 , 38.94 , 4420.18 , 0.19
525.75 , 564.69 , 38.94 , 4415.31 , 0.19
525.75 , 564.69 , 38.94 , 4415.31 , 0.19
525.75 , 564.69 , 38.94 , 4415.31 , 0.19
525.75 , 564.69 , 38.94 , 4415.31 , 0.19
525.75 , 569.56 , 43.81 , 4410.44 , 0.22
525.75 , 569.56 , 43.81 , 4410.44 , 0.22
525.75 , 569.56 , 43.81 , 4410.44 , 0.22
525.75 , 574.43 , 48.68 , 4405.57 , 0.24
525.75 , 579.30 , 53.55 , 4400.70 , 0.27
525.75 , 574.43 , 48.68 , 4405.57 , 0.24
530.62 , 579.30 , 48.68 , 4400.70 , 0.24
530.62 , 579.30 , 48.68 , 4400.70 , 0.24
530.62 , 589.03 , 58.42 , 4390.97 , 0.29
535.48 , 589.03 , 53.55 , 4390.97 , 0.27
530.62 , 593.90 , 63.28 , 4386.10 , 0.32
530.62 , 593.90 , 63.28 , 4386.10 , 0.32
535.48 , 598.77 , 63.28 , 4381.23 , 0.32
535.48 , 598.77 , 63.28 , 4381.23 , 0.32
540.35 , 603.64 , 63.28 , 4376.36 , 0.32
540.35 , 603.64 , 63.28 , 4376.36 , 0.32
540.35 , 603.64 , 63.28 , 4376.36 , 0.32
535.48 , 608.50 , 73.02 , 4371.50 , 0.37
540.35 , 618.24 , 77.89 , 4361.76 , 0.39
540.35 , 618.24 , 77.89 , 4361.76 , 0.39
540.35 , 623.11 , 82.76 , 4356.89 , 0.41
545.22 , 627.98 , 82.76 , 4352.02 , 0.41
540.35 , 632.84 , 92.49 , 4347.16 , 0.46
545.22 , 637.71 , 92.49 , 4342.29 , 0.46
545.22 , 642.58 , 97.36 , 4337.42 , 0.49
550.09 , 642.58 , 92.49 , 4337.42 , 0.46
550.09 , 647.45 , 97.36 , 4332.55 , 0.49
550.09 , 652.32 , 102.23 , 4327.68 , 0.51
550.09 , 666.92 , 116.83 , 4313.08 , 0.58
554.96 , 671.79 , 116.83 , 4308.21 , 0.58
554.96 , 681.52 , 126.57 , 4298.47 , 0.63
554.96 , 686.39 , 131.44 , 4293.61 , 0.66
559.82 , 705.87 , 146.04 , 4274.13 , 0.73
564.69 , 715.60 , 150.91 , 4264.40 , 0.75
564.69 , 725.34 , 160.65 , 4254.66 , 0.80
569.56 , 735.07 , 165.51 , 4244.93 , 0.83
574.43 , 754.55 , 180.12 , 4225.45 , 0.90
574.43 , 774.02 , 199.59 , 4205.98 , 1.00
579.30 , 793.49 , 214.19 , 4186.51 , 1.07
584.16 , 822.70 , 238.53 , 4157.30 , 1.19
584.16 , 856.77 , 272.61 , 4123.23 , 1.36
593.90 , 895.72 , 301.82 , 4084.28 , 1.51
593.90 , 944.40 , 350.50 , 4035.60 , 1.75
608.50 , 1012.55 , 404.05 , 3967.45 , 2.02
613.37 , 1109.91 , 496.54 , 3870.09 , 2.48
623.11 , 1255.95 , 632.84 , 3724.05 , 3.16
647.45 , 1509.09 , 861.64 , 3470.91 , 4.31
671.79 , 2044.57 , 1372.79 , 2935.43 , 6.86
764.28 , 4069.68 , 3305.40 , 910.32 , 16.53
759.41 , 4084.28 , 3324.87 , 895.72 , 16.62
