68.15 , 63.28 , -4.87 , 4916.72 , -0.02
107.10 , 107.10 , 0.00 , 4872.90 , 0.00
141.17 , 141.17 , 0.00 , 4838.83 , 0.00
180.12 , 184.99 , 4.87 , 4795.01 , 0.02
228.80 , 228.80 , 0.00 , 4751.20 , 0.00
262.87 , 262.87 , 0.00 , 4717.13 , 0.00
301.82 , 301.82 , 0.00 , 4678.18 , 0.00
335.89 , 340.76 , 4.87 , 4639.24 , 0.02
379.71 , 374.84 , -4.87 , 4605.16 , -0.02
384.57 , 404.05 , 19.47 , 4575.95 , 0.10
423.52 , 423.52 , 0.00 , 4556.48 , 0.00
438.12 , 438.12 , 0.00 , 4541.88 , 0.00
452.73 , 452.73 , 0.00 , 4527.27 , 0.00
452.73 , 457.60 , 4.87 , 4522.40 , 0.02
462.46 , 467.33 , 4.87 , 4512.67 , 0.02
467.33 , 472.20 , 4.87 , 4507.80 , 0.02
467.33 , 472.20 , 4.87 , 4507.80 , 0.02
477.07 , 481.94 , 4.87 , 4498.06 , 0.02
477.07 , 486.80 , 9.74 , 4493.20 , 0.05
477.07 , 486.80 , 9.74 , 4493.20 , 0.05
481.94 , 491.67 , 9.74 , 4488.33 , 0.05
481.94 , 491.67 , 9.74 , 4488.33 , 0.05
481.94 , 496.54 , 14.60 , 4483.46 , 0.07
486.80 , 501.41 , 14.60 , 4478.59 , 0.07
486.80 , 501.41 , 14.60 , 4478.59 , 0.07
486.80 , 501.41 , 14.60 , 4478.59 , 0.07
491.67 , 506.28 , 14.60 , 4473.72 , 0.07
491.67 , 506.28 , 14.60 , 4473.72 , 0.07
491.67 , 506.28 , 14.60 , 4473.72 , 0.07
491.67 , 511.14 , 19.47 , 4468.86 , 0.10
491.67 , 511.14 , 19.47 , 4468.86 , 0.10
496.54 , 511.14 , 14.60 , 4468.86 , 0.07
496.54 , 511.14 , 14.60 , 4468.86 , 0.07
501.41 , 516.01 , 14.60 , 4463.99 , 0.07
491.67 , 516.01 , 24.34 , 4463.99 , 0.12
496.54 , 520.88 , 24.34 , 4459.12 , 0.12
501.41 , 520.88 , 19.47 , 4459.12 , 0.10
501.41 , 516.01 , 14.60 , 4463.99 , 0.07
501.41 , 516.01 , 14.60 , 4463.99 , 0.07
496.54 , 520.88 , 24.34 , 4459.12 , 0.12
501.41 , 516.01 , 14.60 , 4463.99 , 0.07
501.41 , 525.75 , 24.34 , 4454.25 , 0.12
506.28 , 525.75 , 19.47 , 4454.25 , 0.10
501.41 , 525.75 , 24.34 , 4454.25 , 0.12
506.28 , 520.88 , 14.60 , 4459.12 , 0.07
506.28 , 525.75 , 19.47 , 4454.25 , 0.10
506.28 , 530.62 , 24.34 , 4449.38 , 0.12
506.28 , 530.62 , 24.34 , 4449.38 , 0.12
501.41 , 530.62 , 29.21 , 4449.38 , 0.15
506.28 , 535.48 , 29.21 , 4444.52 , 0.15
511.14 , 530.62 , 19.47 , 4449.38 , 0.10
506.28 , 530.62 , 24.34 , 4449.38 , 0.12
511.14 , 535.48 , 24.34 , 4444.52 , 0.12
506.28 , 535.48 , 29.21 , 4444.52 , 0.15
511.14 , 540.35 , 29.21 , 4439.65 , 0.15
511.14 , 540.35 , 29.21 , 4439.65 , 0.15
511.14 , 545.22 , 34.08 , 4434.78 , 0.17
511.14 , 545.22 , 34.08 , 4434.78 , 0.17
511.14 , 540.35 , 29.21 , 4439.65 , 0.15
511.14 , 540.35 , 29.21 , 4439.65 , 0.15
511.14 , 545.22 , 34.08 , 4434.78 , 0.17
511.14 , 545.22 , 34.08 , 4434.78 , 0.17
516.01 , 545.22 , 29.21 , 4434.78 , 0.15
516.01 , 545.22 , 29.21 , 4434.78 , 0.15
516.01 , 559.82 , 43.81 , 4420.18 , 0.22
516.01 , 550.09 , 34.08 , 4429.91 , 0.17
516.01 , 550.09 , 34.08 , 4429.91 , 0.17
520.88 , 550.09 , 29.21 , 4429.91 , 0.15
516.01 , 554.96 , 38.94 , 4425.04 , 0.19
516.01 , 554.96 , 38.94 , 4425.04 , 0.19
520.88 , 554.96 , 34.08 , 4425.04 , 0.17
520.88 , 559.82 , 38.94 , 4420.18 , 0.19
520.88 , 559.82 , 38.94 , 4420.18 , 0.19
520.88 , 559.82 , 38.94 , 4420.18 , 0.19
520.88 , 559.82 , 38.94 , 4420.18 , 0.19
520.88 , 564.69 , 43.81 , 4415.31 , 0.22
525.75 , 564.69 , 38.94 , 4415.31 , 0.19
520.88 , 564.69 , 43.81 , 4415.31 , 0.22
525.75 , 564.69 , 38.94 , 4415.31 , 0.19
525.75 , 569.56 , 43.81 , 4410.44 , 0.22
525.75 , 569.56 , 43.81 , 4410.44 , 0.22
530.62 , 579.30 , 48.68 , 4400.70 , 0.24
530.62 , 574.43 , 43.81 , 4405.57 , 0.22
530.62 , 579.30 , 48.68 , 4400.70 , 0.24
530.62 , 584.16 , 53.55 , 4395.84 , 0.27
530.62 , 584.16 , 53.55 , 4395.84 , 0.27
535.48 , 589.03 , 53.55 , 4390.97 , 0.27
530.62 , 584.16 , 53.55 , 4395.84 , 0.27
535.48 , 593.90 , 58.42 , 4386.10 , 0.29
535.48 , 593.90 , 58.42 , 4386.10 , 0.29
535.48 , 598.77 , 63.28 , 4381.23 , 0.32
535.48 , 598.77 , 63.28 , 4381.23 , 0.32
540.35 , 608.50 , 68.15 , 4371.50 , 0.34
540.35 , 603.64 , 63.28 , 4376.36 , 0.32
535.48 , 608.50 , 73.02 , 4371.50 , 0.37
535.48 , 613.37 , 77.89 , 4366.63 , 0.39
540.35 , 613.37 , 73.02 , 4366.63 , 0.37
545.22 , 618.24 , 73.02 , 4361.76 , 0.37
540.35 , 623.11 , 82.76 , 4356.89 , 0.41
545.22 , 627.98 , 82.76 , 4352.02 , 0.41
545.22 , 627.98 , 82.76 , 4352.02 , 0.41
545.22 , 632.84 , 87.62 , 4347.16 , 0.44
545.22 , 637.71 , 92.49 , 4342.29 , 0.46
550.09 , 642.58 , 92.49 , 4337.42 , 0.46
554.96 , 657.18 , 102.23 , 4322.82 , 0.51
550.09 , 657.18 , 107.10 , 4322.82 , 0.54
554.96 , 671.79 , 116.83 , 4308.21 , 0.58
559.82 , 676.66 , 116.83 , 4303.34 , 0.58
559.82 , 681.52 , 121.70 , 4298.47 , 0.61
559.82 , 686.39 , 126.57 , 4293.61 , 0.63
564.69 , 701.00 , 136.30 , 4279.00 , 0.68
564.69 , 710.73 , 146.04 , 4269.27 , 0.73
564.69 , 725.34 , 160.65 , 4254.66 , 0.80
564.69 , 735.07 , 170.38 , 4244.93 , 0.85
574.43 , 754.55 , 180.12 , 4225.45 , 0.90
574.43 , 774.02 , 199.59 , 4205.98 , 1.00
579.30 , 793.49 , 214.19 , 4186.51 , 1.07
579.30 , 817.83 , 238.53 , 4162.17 , 1.19
589.03 , 856.77 , 267.74 , 4123.23 , 1.34
589.03 , 895.72 , 306.69 , 4084.28 , 1.53
593.90 , 944.40 , 350.50 , 4035.60 , 1.75
608.50 , 1017.42 , 408.91 , 3962.58 , 2.04
608.50 , 1109.91 , 501.41 , 3870.09 , 2.51
623.11 , 1255.95 , 632.84 , 3724.05 , 3.16
642.58 , 1504.22 , 861.64 , 3475.78 , 4.31
676.66 , 2044.57 , 1367.92 , 2935.43 , 6.84
759.41 , 4055.07 , 3295.66 , 924.93 , 16.48
759.41 , 4050.21 , 3290.79 , 929.79 , 16.45
