68.15 , 68.15 , 0.00 , 4911.85 , 0.00
107.10 , 107.10 , 0.00 , 4872.90 , 0.00
146.04 , 150.91 , 4.87 , 4829.09 , 0.02
184.99 , 184.99 , 0.00 , 4795.01 , 0.00
223.93 , 223.93 , 0.00 , 4756.07 , 0.00
262.87 , 262.87 , 0.00 , 4717.13 , 0.00
301.82 , 301.82 , 0.00 , 4678.18 , 0.00
335.89 , 335.89 , 0.00 , 4644.11 , 0.00
369.97 , 379.71 , 9.74 , 4600.29 , 0.05
399.18 , 404.05 , 4.87 , 4575.95 , 0.02
423.52 , 428.39 , 4.87 , 4551.61 , 0.02
438.12 , 438.12 , 0.00 , 4541.88 , 0.00
442.99 , 452.73 , 9.74 , 4527.27 , 0.05
452.73 , 457.60 , 4.87 , 4522.40 , 0.02
462.46 , 467.33 , 4.87 , 4512.67 , 0.02
467.33 , 472.20 , 4.87 , 4507.80 , 0.02
467.33 , 477.07 , 9.74 , 4502.93 , 0.05
477.07 , 481.94 , 4.87 , 4498.06 , 0.02
477.07 , 486.80 , 9.74 , 4493.20 , 0.05
472.20 , 486.80 , 14.60 , 4493.20 , 0.07
481.94 , 486.80 , 4.87 , 4493.20 , 0.02
477.07 , 491.67 , 14.60 , 4488.33 , 0.07
481.94 , 486.80 , 4.87 , 4493.20 , 0.02
481.94 , 501.41 , 19.47 , 4478.59 , 0.10
486.80 , 496.54 , 9.74 , 4483.46 , 0.05
486.80 , 501.41 , 14.60 , 4478.59 , 0.07
491.67 , 501.41 , 9.74 , 4478.59 , 0.05
486.80 , 506.28 , 19.47 , 4473.72 , 0.10
491.67 , 506.28 , 14.60 , 4473.72 , 0.07
491.67 , 506.28 , 14.60 , 4473.72 , 0.07
496.54 , 506.28 , 9.74 , 4473.72 , 0.05
491.67 , 506.28 , 14.60 , 4473.72 , 0.07
496.54 , 516.01 , 19.47 , 4463.99 , 0.10
496.54 , 516.01 , 19.47 , 4463.99 , 0.10
496.54 , 516.01 , 19.47 , 4463.99 , 0.10
496.54 , 516.01 , 19.47 , 4463.99 , 0.10
496.54 , 520.88 , 24.34 , 4459.12 , 0.12
501.41 , 516.01 , 14.60 , 4463.99 , 0.07
501.41 , 525.75 , 24.34 , 4454.25 , 0.12
501.41 , 520.88 , 19.47 , 4459.12 , 0.10
501.41 , 520.88 , 19.47 , 4459.12 , 0.10
506.28 , 520.88 , 14.60 , 4459.12 , 0.07
501.41 , 525.75 , 24.34 , 4454.25 , 0.12
501.41 , 520.88 , 19.47 , 4459.12 , 0.10
506.28 , 525.75 , 19.47 , 4454.25 , 0.10
506.28 , 525.75 , 19.47 , 4454.25 , 0.10
501.41 , 525.75 , 24.34 , 4454.25 , 0.12
506.28 , 530.62 , 24.34 , 4449.38 , 0.12
506.28 , 535.48 , 29.21 , 4444.52 , 0.15
501.41 , 525.75 , 24.34 , 4454.25 , 0.12
506.28 , 530.62 , 24.34 , 4449.38 , 0.12
511.14 , 530.62 , 19.47 , 4449.38 , 0.10
511.14 , 540.35 , 29.21 , 4439.65 , 0.15
506.28 , 535.48 , 29.21 , 4444.52 , 0.15
511.14 , 535.48 , 24.34 , 4444.52 , 0.12
511.14 , 535.48 , 24.34 , 4444.52 , 0.12
511.14 , 540.35 , 29.21 , 4439.65 , 0.15
511.14 , 540.35 , 29.21 , 4439.65 , 0.15
511.14 , 545.22 , 34.08 , 4434.78 , 0.17
511.14 , 540.35 , 29.21 , 4439.65 , 0.15
511.14 , 545.22 , 34.08 , 4434.78 , 0.17
511.14 , 545.22 , 34.08 , 4434.78 , 0.17
516.01 , 545.22 , 29.21 , 4434.78 , 0.15
516.01 , 545.22 , 29.21 , 4434.78 , 0.15
516.01 , 554.96 , 38.94 , 4425.04 , 0.19
511.14 , 550.09 , 38.94 , 4429.91 , 0.19
516.01 , 550.09 , 34.08 , 4429.91 , 0.17
516.01 , 554.96 , 38.94 , 4425.04 , 0.19
516.01 , 554.96 , 38.94 , 4425.04 , 0.19
520.88 , 550.09 , 29.21 , 4429.91 , 0.15
516.01 , 554.96 , 38.94 , 4425.04 , 0.19
525.75 , 554.96 , 29.21 , 4425.04 , 0.15
520.88 , 564.69 , 43.81 , 4415.31 , 0.22
525.75 , 564.69 , 38.94 , 4415.31 , 0.19
525.75 , 564.69 , 38.94 , 4415.31 , 0.19
520.88 , 564.69 , 43.81 , 4415.31 , 0.22
525.75 , 564.69 , 38.94 , 4415.31 , 0.19
525.75 , 564.69 , 38.94 , 4415.31 , 0.19
525.75 , 574.43 , 48.68 , 4405.57 , 0.24
525.75 , 574.43 , 48.68 , 4405.57 , 0.24
520.88 , 574.43 , 53.55 , 4405.57 , 0.27
525.75 , 574.43 , 48.68 , 4405.57 , 0.24
535.48 , 584.16 , 48.68 , 4395.84 , 0.24
530.62 , 579.30 , 48.68 , 4400.70 , 0.24
530.62 , 579.30 , 48.68 , 4400.70 , 0.24
525.75 , 584.16 , 58.42 , 4395.84 , 0.29
535.48 , 584.16 , 48.68 , 4395.84 , 0.24
530.62 , 589.03 , 58.42 , 4390.97 , 0.29
535.48 , 589.03 , 53.55 , 4390.97 , 0.27
535.48 , 589.03 , 53.55 , 4390.97 , 0.27
535.48 , 593.90 , 58.42 , 4386.10 , 0.29
530.62 , 598.77 , 68.15 , 4381.23 , 0.34
535.48 , 603.64 , 68.15 , 4376.36 , 0.34
535.48 , 603.64 , 68.15 , 4376.36 , 0.34
535.48 , 608.50 , 73.02 , 4371.50 , 0.37
535.48 , 608.50 , 73.02 , 4371.50 , 0.37
540.35 , 608.50 , 68.15 , 4371.50 , 0.34
545.22 , 623.11 , 77.89 , 4356.89 , 0.39
540.35 , 623.11 , 82.76 , 4356.89 , 0.41
545.22 , 627.98 , 82.76 , 4352.02 , 0.41
545.22 , 627.98 , 82.76 , 4352.02 , 0.41
550.09 , 637.71 , 87.62 , 4342.29 , 0.44
550.09 , 642.58 , 92.49 , 4337.42 , 0.46
550.09 , 642.58 , 92.49 , 4337.42 , 0.46
550.09 , 652.32 , 102.23 , 4327.68 , 0.51
554.96 , 662.05 , 107.10 , 4317.95 , 0.54
554.96 , 666.92 , 111.96 , 4313.08 , 0.56
554.96 , 671.79 , 116.83 , 4308.21 , 0.58
559.82 , 681.52 , 121.70 , 4298.47 , 0.61
559.82 , 691.26 , 131.44 , 4288.74 , 0.66
564.69 , 696.13 , 131.44 , 4283.87 , 0.66
559.82 , 710.73 , 150.91 , 4269.27 , 0.75
569.56 , 720.47 , 150.91 , 4259.53 , 0.75
569.56 , 739.94 , 170.38 , 4240.06 , 0.85
569.56 , 754.55 , 184.99 , 4225.45 , 0.92
569.56 , 778.89 , 209.33 , 4201.11 , 1.05
574.43 , 798.36 , 223.93 , 4181.64 , 1.12
584.16 , 822.70 , 238.53 , 4157.30 , 1.19
589.03 , 851.91 , 262.87 , 4128.09 , 1.31
589.03 , 890.85 , 301.82 , 4089.15 , 1.51
598.77 , 944.40 , 345.63 , 4035.60 , 1.73
603.64 , 1017.42 , 413.78 , 3962.58 , 2.07
613.37 , 1109.91 , 496.54 , 3870.09 , 2.48
623.11 , 1255.95 , 632.84 , 3724.05 , 3.16
642.58 , 1509.09 , 866.51 , 3470.91 , 4.33
676.66 , 2044.57 , 1367.92 , 2935.43 , 6.84
759.41 , 4059.94 , 3300.53 , 920.06 , 16.50
759.41 , 4055.07 , 3295.66 , 924.93 , 16.48
