68.15 , 68.15 , 0.00 , 4911.85 , 0.00
111.96 , 107.10 , -4.87 , 4872.90 , -0.02
150.91 , 150.91 , 0.00 , 4829.09 , 0.00
175.25 , 194.72 , 19.47 , 4785.28 , 0.10
228.80 , 223.93 , -4.87 , 4756.07 , -0.02
262.87 , 262.87 , 0.00 , 4717.13 , 0.00
296.95 , 311.55 , 14.60 , 4668.45 , 0.07
335.89 , 335.89 , 0.00 , 4644.11 , 0.00
374.84 , 374.84 , 0.00 , 4605.16 , 0.00
399.18 , 399.18 , 0.00 , 4580.82 , 0.00
418.65 , 423.52 , 4.87 , 4556.48 , 0.02
433.26 , 438.12 , 4.87 , 4541.88 , 0.02
447.86 , 447.86 , 0.00 , 4532.14 , 0.00
452.73 , 452.73 , 0.00 , 4527.27 , 0.00
457.60 , 462.46 , 4.87 , 4517.54 , 0.02
467.33 , 467.33 , 0.00 , 4512.67 , 0.00
467.33 , 477.07 , 9.74 , 4502.93 , 0.05
472.20 , 477.07 , 4.87 , 4502.93 , 0.02
472.20 , 486.80 , 14.60 , 4493.20 , 0.07
472.20 , 486.80 , 14.60 , 4493.20 , 0.07
477.07 , 491.67 , 14.60 , 4488.33 , 0.07
481.94 , 496.54 , 14.60 , 4483.46 , 0.07
481.94 , 496.54 , 14.60 , 4483.46 , 0.07
486.80 , 491.67 , 4.87 , 4488.33 , 0.02
486.80 , 501.41 , 14.60 , 4478.59 , 0.07
486.80 , 501.41 , 14.60 , 4478.59 , 0.07
496.54 , 501.41 , 4.87 , 4478.59 , 0.02
486.80 , 501.41 , 14.60 , 4478.59 , 0.07
491.67 , 506.28 , 14.60 , 4473.72 , 0.07
496.54 , 506.28 , 9.74 , 4473.72 , 0.05
496.54 , 511.14 , 14.60 , 4468.86 , 0.07
496.54 , 516.01 , 19.47 , 4463.99 , 0.10
491.67 , 511.14 , 19.47 , 4468.86 , 0.10
496.54 , 511.14 , 14.60 , 4468.86 , 0.07
496.54 , 516.01 , 19.47 , 4463.99 , 0.10
496.54 , 511.14 , 14.60 , 4468.86 , 0.07
501.41 , 516.01 , 14.60 , 4463.99 , 0.07
501.41 , 516.01 , 14.60 , 4463.99 , 0.07
501.41 , 520.88 , 19.47 , 4459.12 , 0.10
501.41 , 516.01 , 14.60 , 4463.99 , 0.07
501.41 , 520.88 , 19.47 , 4459.12 , 0.10
506.28 , 520.88 , 14.60 , 4459.12 , 0.07
496.54 , 520.88 , 24.34 , 4459.12 , 0.12
501.41 , 525.75 , 24.34 , 4454.25 , 0.12
506.28 , 525.75 , 19.47 , 4454.25 , 0.10
501.41 , 520.88 , 19.47 , 4459.12 , 0.10
496.54 , 525.75 , 29.21 , 4454.25 , 0.15
506.28 , 530.62 , 24.34 , 4449.38 , 0.12
506.28 , 530.62 , 24.34 , 4449.38 , 0.12
506.28 , 530.62 , 24.34 , 4449.38 , 0.12
506.28 , 530.62 , 24.34 , 4449.38 , 0.12
506.28 , 535.48 , 29.21 , 4444.52 , 0.15
506.28 , 530.62 , 24.34 , 4449.38 , 0.12
511.14 , 535.48 , 24.34 , 4444.52 , 0.12
506.28 , 535.48 , 29.21 , 4444.52 , 0.15
511.14 , 535.48 , 24.34 , 4444.52 , 0.12
511.14 , 535.48 , 24.34 , 4444.52 , 0.12
511.14 , 540.35 , 29.21 , 4439.65 , 0.15
511.14 , 540.35 , 29.21 , 4439.65 , 0.15
511.14 , 545.22 , 34.08 , 4434.78 , 0.17
516.01 , 540.35 , 24.34 , 4439.65 , 0.12
516.01 , 545.22 , 29.21 , 4434.78 , 0.15
511.14 , 545.22 , 34.08 , 4434.78 , 0.17
511.14 , 545.22 , 34.08 , 4434.78 , 0.17
511.14 , 545.22 , 34.08 , 4434.78 , 0.17
516.01 , 550.09 , 34.08 , 4429.91 , 0.17
516.01 , 550.09 , 34.08 , 4429.91 , 0.17
511.14 , 554.96 , 43.81 , 4425.04 , 0.22
520.88 , 554.96 , 34.08 , 4425.04 , 0.17
516.01 , 554.96 , 38.94 , 4425.04 , 0.19
516.01 , 554.96 , 38.94 , 4425.04 , 0.19
520.88 , 554.96 , 34.08 , 4425.04 , 0.17
520.88 , 564.69 , 43.81 , 4415.31 , 0.22
520.88 , 559.82 , 38.94 , 4420.18 , 0.19
520.88 , 564.69 , 43.81 , 4415.31 , 0.22
525.75 , 559.82 , 34.08 , 4420.18 , 0.17
520.88 , 564.69 , 43.81 , 4415.31 , 0.22
520.88 , 569.56 , 48.68 , 4410.44 , 0.24
525.75 , 569.56 , 43.81 , 4410.44 , 0.22
525.75 , 569.56 , 43.81 , 4410.44 , 0.22
525.75 , 579.30 , 53.55 , 4400.70 , 0.27
525.75 , 574.43 , 48.68 , 4405.57 , 0.24
530.62 , 574.43 , 43.81 , 4405.57 , 0.22
530.62 , 579.30 , 48.68 , 4400.70 , 0.24
530.62 , 584.16 , 53.55 , 4395.84 , 0.27
530.62 , 584.16 , 53.55 , 4395.84 , 0.27
530.62 , 584.16 , 53.55 , 4395.84 , 0.27
530.62 , 589.03 , 58.42 , 4390.97 , 0.29
530.62 , 589.03 , 58.42 , 4390.97 , 0.29
530.62 , 589.03 , 58.42 , 4390.97 , 0.29
535.48 , 598.77 , 63.28 , 4381.23 , 0.32
530.62 , 598.77 , 68.15 , 4381.23 , 0.34
535.48 , 608.50 , 73.02 , 4371.50 , 0.37
535.48 , 603.64 , 68.15 , 4376.36 , 0.34
540.35 , 603.64 , 63.28 , 4376.36 , 0.32
535.48 , 608.50 , 73.02 , 4371.50 , 0.37
540.35 , 613.37 , 73.02 , 4366.63 , 0.37
540.35 , 618.24 , 77.89 , 4361.76 , 0.39
540.35 , 623.11 , 82.76 , 4356.89 , 0.41
545.22 , 627.98 , 82.76 , 4352.02 , 0.41
545.22 , 632.84 , 87.62 , 4347.16 , 0.44
545.22 , 637.71 , 92.49 , 4342.29 , 0.46
545.22 , 637.71 , 92.49 , 4342.29 , 0.46
545.22 , 647.45 , 102.23 , 4332.55 , 0.51
550.09 , 657.18 , 107.10 , 4322.82 , 0.54
545.22 , 662.05 , 116.83 , 4317.95 , 0.58
554.96 , 666.92 , 111.96 , 4313.08 , 0.56
554.96 , 666.92 , 111.96 , 4313.08 , 0.56
559.82 , 681.52 , 121.70 , 4298.47 , 0.61
554.96 , 691.26 , 136.30 , 4288.74 , 0.68
564.69 , 705.87 , 141.17 , 4274.13 , 0.71
564.69 , 715.60 , 150.91 , 4264.40 , 0.75
564.69 , 720.47 , 155.78 , 4259.53 , 0.78
564.69 , 739.94 , 175.25 , 4240.06 , 0.88
569.56 , 754.55 , 184.99 , 4225.45 , 0.92
569.56 , 774.02 , 204.46 , 4205.98 , 1.02
579.30 , 793.49 , 214.19 , 4186.51 , 1.07
579.30 , 817.83 , 238.53 , 4162.17 , 1.19
589.03 , 851.91 , 262.87 , 4128.09 , 1.31
589.03 , 895.72 , 306.69 , 4084.28 , 1.53
593.90 , 944.40 , 350.50 , 4035.60 , 1.75
608.50 , 1017.42 , 408.91 , 3962.58 , 2.04
613.37 , 1109.91 , 496.54 , 3870.09 , 2.48
623.11 , 1255.95 , 632.84 , 3724.05 , 3.16
642.58 , 1509.09 , 866.51 , 3470.91 , 4.33
676.66 , 2044.57 , 1367.92 , 2935.43 , 6.84
759.41 , 4059.94 , 3300.53 , 920.06 , 16.50
764.28 , 4059.94 , 3295.66 , 920.06 , 16.48
