68.15 , 68.15 , 0.00 , 4911.85 , 0.00
107.10 , 102.23 , -4.87 , 4877.77 , -0.02
146.04 , 141.17 , -4.87 , 4838.83 , -0.02
184.99 , 189.85 , 4.87 , 4790.15 , 0.02
228.80 , 223.93 , -4.87 , 4756.07 , -0.02
262.87 , 258.01 , -4.87 , 4721.99 , -0.02
306.69 , 296.95 , -9.74 , 4683.05 , -0.05
340.76 , 335.89 , -4.87 , 4644.11 , -0.02
369.97 , 374.84 , 4.87 , 4605.16 , 0.02
374.84 , 408.91 , 34.08 , 4571.08 , 0.17
423.52 , 423.52 , 0.00 , 4556.48 , 0.00
438.12 , 442.99 , 4.87 , 4537.01 , 0.02
442.99 , 452.73 , 9.74 , 4527.27 , 0.05
457.60 , 452.73 , -4.87 , 4527.27 , -0.02
452.73 , 467.33 , 14.60 , 4512.67 , 0.07
457.60 , 472.20 , 14.60 , 4507.80 , 0.07
472.20 , 477.07 , 4.87 , 4502.93 , 0.02
472.20 , 481.94 , 9.74 , 4498.06 , 0.05
477.07 , 481.94 , 4.87 , 4498.06 , 0.02
477.07 , 491.67 , 14.60 , 4488.33 , 0.07
481.94 , 486.80 , 4.87 , 4493.20 , 0.02
477.07 , 491.67 , 14.60 , 4488.33 , 0.07
486.80 , 496.54 , 9.74 , 4483.46 , 0.05
481.94 , 496.54 , 14.60 , 4483.46 , 0.07
491.67 , 501.41 , 9.74 , 4478.59 , 0.05
486.80 , 501.41 , 14.60 , 4478.59 , 0.07
491.67 , 501.41 , 9.74 , 4478.59 , 0.05
491.67 , 506.28 , 14.60 , 4473.72 , 0.07
491.67 , 506.28 , 14.60 , 4473.72 , 0.07
491.67 , 511.14 , 19.47 , 4468.86 , 0.10
491.67 , 506.28 , 14.60 , 4473.72 , 0.07
491.67 , 506.28 , 14.60 , 4473.72 , 0.07
496.54 , 511.14 , 14.60 , 4468.86 , 0.07
496.54 , 516.01 , 19.47 , 4463.99 , 0.10
496.54 , 511.14 , 14.60 , 4468.86 , 0.07
496.54 , 516.01 , 19.47 , 4463.99 , 0.10
496.54 , 516.01 , 19.47 , 4463.99 , 0.10
496.54 , 520.88 , 24.34 , 4459.12 , 0.12
501.41 , 516.01 , 14.60 , 4463.99 , 0.07
501.41 , 520.88 , 19.47 , 4459.12 , 0.10
501.41 , 525.75 , 24.34 , 4454.25 , 0.12
501.41 , 525.75 , 24.34 , 4454.25 , 0.12
506.28 , 520.88 , 14.60 , 4459.12 , 0.07
506.28 , 520.88 , 14.60 , 4459.12 , 0.07
501.41 , 525.75 , 24.34 , 4454.25 , 0.12
501.41 , 525.75 , 24.34 , 4454.25 , 0.12
506.28 , 530.62 , 24.34 , 4449.38 , 0.12
506.28 , 525.75 , 19.47 , 4454.25 , 0.10
506.28 , 530.62 , 24.34 , 4449.38 , 0.12
501.41 , 530.62 , 29.21 , 4449.38 , 0.15
506.28 , 535.48 , 29.21 , 4444.52 , 0.15
506.28 , 535.48 , 29.21 , 4444.52 , 0.15
511.14 , 530.62 , 19.47 , 4449.38 , 0.10
506.28 , 535.48 , 29.21 , 4444.52 , 0.15
506.28 , 535.48 , 29.21 , 4444.52 , 0.15
506.28 , 535.48 , 29.21 , 4444.52 , 0.15
511.14 , 540.35 , 29.21 , 4439.65 , 0.15
516.01 , 540.35 , 24.34 , 4439.65 , 0.12
516.01 , 545.22 , 29.21 , 4434.78 , 0.15
516.01 , 545.22 , 29.21 , 4434.78 , 0.15
516.01 , 545.22 , 29.21 , 4434.78 , 0.15
516.01 , 550.09 , 34.08 , 4429.91 , 0.17
516.01 , 545.22 , 29.21 , 4434.78 , 0.15
516.01 , 550.09 , 34.08 , 4429.91 , 0.17
516.01 , 550.09 , 34.08 , 4429.91 , 0.17
520.88 , 550.09 , 29.21 , 4429.91 , 0.15
520.88 , 554.96 , 34.08 , 4425.04 , 0.17
516.01 , 554.96 , 38.94 , 4425.04 , 0.19
516.01 , 554.96 , 38.94 , 4425.04 , 0.19
520.88 , 550.09 , 29.21 , 4429.91 , 0.15
520.88 , 559.82 , 38.94 , 4420.18 , 0.19
520.88 , 559.82 , 38.94 , 4420.18 , 0.19
520.88 , 559.82 , 38.94 , 4420.18 , 0.19
520.88 , 559.82 , 38.94 , 4420.18 , 0.19
520.88 , 564.69 , 43.81 , 4415.31 , 0.22
520.88 , 564.69 , 43.81 , 4415.31 , 0.22
525.75 , 564.69 , 38.94 , 4415.31 , 0.19
520.88 , 569.56 , 48.68 , 4410.44 , 0.24
520.88 , 574.43 , 53.55 , 4405.57 , 0.27
525.75 , 569.56 , 43.81 , 4410.44 , 0.22
530.62 , 579.30 , 48.68 , 4400.70 , 0.24
530.62 , 574.43 , 43.81 , 4405.57 , 0.22
525.75 , 574.43 , 48.68 , 4405.57 , 0.24
525.75 , 579.30 , 53.55 , 4400.70 , 0.27
530.62 , 579.30 , 48.68 , 4400.70 , 0.24
530.62 , 579.30 , 48.68 , 4400.70 , 0.24
530.62 , 589.03 , 58.42 , 4390.97 , 0.29
530.62 , 589.03 , 58.42 , 4390.97 , 0.29
530.62 , 589.03 , 58.42 , 4390.97 , 0.29
530.62 , 589.03 , 58.42 , 4390.97 , 0.29
530.62 , 598.77 , 68.15 , 4381.23 , 0.34
540.35 , 598.77 , 58.42 , 4381.23 , 0.29
540.35 , 603.64 , 63.28 , 4376.36 , 0.32
535.48 , 603.64 , 68.15 , 4376.36 , 0.34
535.48 , 608.50 , 73.02 , 4371.50 , 0.37
535.48 , 613.37 , 77.89 , 4366.63 , 0.39
540.35 , 613.37 , 73.02 , 4366.63 , 0.37
540.35 , 618.24 , 77.89 , 4361.76 , 0.39
545.22 , 623.11 , 77.89 , 4356.89 , 0.39
545.22 , 627.98 , 82.76 , 4352.02 , 0.41
545.22 , 632.84 , 87.62 , 4347.16 , 0.44
545.22 , 637.71 , 92.49 , 4342.29 , 0.46
550.09 , 642.58 , 92.49 , 4337.42 , 0.46
545.22 , 647.45 , 102.23 , 4332.55 , 0.51
550.09 , 652.32 , 102.23 , 4327.68 , 0.51
554.96 , 662.05 , 107.10 , 4317.95 , 0.54
554.96 , 666.92 , 111.96 , 4313.08 , 0.56
554.96 , 676.66 , 121.70 , 4303.34 , 0.61
554.96 , 681.52 , 126.57 , 4298.47 , 0.63
559.82 , 691.26 , 131.44 , 4288.74 , 0.66
564.69 , 701.00 , 136.30 , 4279.00 , 0.68
564.69 , 710.73 , 146.04 , 4269.27 , 0.73
569.56 , 725.34 , 155.78 , 4254.66 , 0.78
564.69 , 735.07 , 170.38 , 4244.93 , 0.85
569.56 , 749.68 , 180.12 , 4230.32 , 0.90
574.43 , 774.02 , 199.59 , 4205.98 , 1.00
579.30 , 798.36 , 219.06 , 4181.64 , 1.10
574.43 , 822.70 , 248.27 , 4157.30 , 1.24
579.30 , 851.91 , 272.61 , 4128.09 , 1.36
589.03 , 895.72 , 306.69 , 4084.28 , 1.53
598.77 , 949.27 , 350.50 , 4030.73 , 1.75
598.77 , 1012.55 , 413.78 , 3967.45 , 2.07
613.37 , 1109.91 , 496.54 , 3870.09 , 2.48
623.11 , 1260.82 , 637.71 , 3719.18 , 3.19
642.58 , 1509.09 , 866.51 , 3470.91 , 4.33
676.66 , 2044.57 , 1367.92 , 2935.43 , 6.84
764.28 , 4050.21 , 3285.92 , 929.79 , 16.43
764.28 , 4055.07 , 3290.79 , 924.93 , 16.45
