68.15 , 68.15 , 0.00 , 4911.85 , 0.00
107.10 , 102.23 , -4.87 , 4877.77 , -0.02
146.04 , 146.04 , 0.00 , 4833.96 , 0.00
189.85 , 189.85 , 0.00 , 4790.15 , 0.00
219.06 , 223.93 , 4.87 , 4756.07 , 0.02
262.87 , 267.74 , 4.87 , 4712.26 , 0.02
306.69 , 301.82 , -4.87 , 4678.18 , -0.02
355.37 , 335.89 , -19.47 , 4644.11 , -0.10
369.97 , 374.84 , 4.87 , 4605.16 , 0.02
399.18 , 404.05 , 4.87 , 4575.95 , 0.02
418.65 , 418.65 , 0.00 , 4561.35 , 0.00
447.86 , 442.99 , -4.87 , 4537.01 , -0.02
442.99 , 442.99 , 0.00 , 4537.01 , 0.00
457.60 , 457.60 , 0.00 , 4522.40 , 0.00
452.73 , 457.60 , 4.87 , 4522.40 , 0.02
467.33 , 467.33 , 0.00 , 4512.67 , 0.00
467.33 , 472.20 , 4.87 , 4507.80 , 0.02
472.20 , 472.20 , 0.00 , 4507.80 , 0.00
477.07 , 481.94 , 4.87 , 4498.06 , 0.02
472.20 , 481.94 , 9.74 , 4498.06 , 0.05
477.07 , 491.67 , 14.60 , 4488.33 , 0.07
481.94 , 491.67 , 9.74 , 4488.33 , 0.05
477.07 , 491.67 , 14.60 , 4488.33 , 0.07
481.94 , 496.54 , 14.60 , 4483.46 , 0.07
486.80 , 496.54 , 9.74 , 4483.46 , 0.05
486.80 , 501.41 , 14.60 , 4478.59 , 0.07
486.80 , 501.41 , 14.60 , 4478.59 , 0.07
491.67 , 506.28 , 14.60 , 4473.72 , 0.07
486.80 , 506.28 , 19.47 , 4473.72 , 0.10
491.67 , 511.14 , 19.47 , 4468.86 , 0.10
496.54 , 506.28 , 9.74 , 4473.72 , 0.05
496.54 , 511.14 , 14.60 , 4468.86 , 0.07
496.54 , 511.14 , 14.60 , 4468.86 , 0.07
496.54 , 511.14 , 14.60 , 4468.86 , 0.07
491.67 , 511.14 , 19.47 , 4468.86 , 0.10
496.54 , 516.01 , 19.47 , 4463.99 , 0.10
496.54 , 516.01 , 19.47 , 4463.99 , 0.10
496.54 , 516.01 , 19.47 , 4463.99 , 0.10
501.41 , 516.01 , 14.60 , 4463.99 , 0.07
496.54 , 520.88 , 24.34 , 4459.12 , 0.12
496.54 , 520.88 , 24.34 , 4459.12 , 0.12
501.41 , 525.75 , 24.34 , 4454.25 , 0.12
501.41 , 525.75 , 24.34 , 4454.25 , 0.12
501.41 , 525.75 , 24.34 , 4454.25 , 0.12
506.28 , 525.75 , 19.47 , 4454.25 , 0.10
501.41 , 525.75 , 24.34 , 4454.25 , 0.12
501.41 , 525.75 , 24.34 , 4454.25 , 0.12
506.28 , 525.75 , 19.47 , 4454.25 , 0.10
506.28 , 530.62 , 24.34 , 4449.38 , 0.12
511.14 , 525.75 , 14.60 , 4454.25 , 0.07
501.41 , 530.62 , 29.21 , 4449.38 , 0.15
506.28 , 530.62 , 24.34 , 4449.38 , 0.12
506.28 , 535.48 , 29.21 , 4444.52 , 0.15
506.28 , 530.62 , 24.34 , 4449.38 , 0.12
511.14 , 530.62 , 19.47 , 4449.38 , 0.10
511.14 , 540.35 , 29.21 , 4439.65 , 0.15
511.14 , 535.48 , 24.34 , 4444.52 , 0.12
511.14 , 540.35 , 29.21 , 4439.65 , 0.15
511.14 , 540.35 , 29.21 , 4439.65 , 0.15
511.14 , 540.35 , 29.21 , 4439.65 , 0.15
516.01 , 545.22 , 29.21 , 4434.78 , 0.15
511.14 , 545.22 , 34.08 , 4434.78 , 0.17
516.01 , 545.22 , 29.21 , 4434.78 , 0.15
511.14 , 545.22 , 34.08 , 4434.78 , 0.17
516.01 , 550.09 , 34.08 , 4429.91 , 0.17
516.01 , 550.09 , 34.08 , 4429.91 , 0.17
511.14 , 550.09 , 38.94 , 4429.91 , 0.19
516.01 , 554.96 , 38.94 , 4425.04 , 0.19
511.14 , 559.82 , 48.68 , 4420.18 , 0.24
520.88 , 554.96 , 34.08 , 4425.04 , 0.17
520.88 , 550.09 , 29.21 , 4429.91 , 0.15
520.88 , 554.96 , 34.08 , 4425.04 , 0.17
520.88 , 554.96 , 34.08 , 4425.04 , 0.17
520.88 , 559.82 , 38.94 , 4420.18 , 0.19
520.88 , 559.82 , 38.94 , 4420.18 , 0.19
525.75 , 564.69 , 38.94 , 4415.31 , 0.19
520.88 , 564.69 , 43.81 , 4415.31 , 0.22
525.75 , 564.69 , 38.94 , 4415.31 , 0.19
520.88 , 569.56 , 48.68 , 4410.44 , 0.24
525.75 , 569.56 , 43.81 , 4410.44 , 0.22
525.75 , 574.43 , 48.68 , 4405.57 , 0.24
525.75 , 569.56 , 43.81 , 4410.44 , 0.22
525.75 , 574.43 , 48.68 , 4405.57 , 0.24
525.75 , 579.30 , 53.55 , 4400.70 , 0.27
525.75 , 579.30 , 53.55 , 4400.70 , 0.27
530.62 , 584.16 , 53.55 , 4395.84 , 0.27
530.62 , 589.03 , 58.42 , 4390.97 , 0.29
530.62 , 589.03 , 58.42 , 4390.97 , 0.29
530.62 , 589.03 , 58.42 , 4390.97 , 0.29
535.48 , 593.90 , 58.42 , 4386.10 , 0.29
530.62 , 593.90 , 63.28 , 4386.10 , 0.32
530.62 , 598.77 , 68.15 , 4381.23 , 0.34
540.35 , 603.64 , 63.28 , 4376.36 , 0.32
535.48 , 603.64 , 68.15 , 4376.36 , 0.34
535.48 , 608.50 , 73.02 , 4371.50 , 0.37
535.48 , 608.50 , 73.02 , 4371.50 , 0.37
540.35 , 613.37 , 73.02 , 4366.63 , 0.37
540.35 , 618.24 , 77.89 , 4361.76 , 0.39
540.35 , 623.11 , 82.76 , 4356.89 , 0.41
545.22 , 627.98 , 82.76 , 4352.02 , 0.41
545.22 , 632.84 , 87.62 , 4347.16 , 0.44
545.22 , 632.84 , 87.62 , 4347.16 , 0.44
545.22 , 642.58 , 97.36 , 4337.42 , 0.49
550.09 , 647.45 , 97.36 , 4332.55 , 0.49
550.09 , 652.32 , 102.23 , 4327.68 , 0.51
550.09 , 662.05 , 111.96 , 4317.95 , 0.56
550.09 , 666.92 , 116.83 , 4313.08 , 0.58
550.09 , 676.66 , 126.57 , 4303.34 , 0.63
550.09 , 681.52 , 131.44 , 4298.47 , 0.66
554.96 , 691.26 , 136.30 , 4288.74 , 0.68
564.69 , 696.13 , 131.44 , 4283.87 , 0.66
559.82 , 710.73 , 150.91 , 4269.27 , 0.75
569.56 , 720.47 , 150.91 , 4259.53 , 0.75
564.69 , 735.07 , 170.38 , 4244.93 , 0.85
569.56 , 749.68 , 180.12 , 4230.32 , 0.90
574.43 , 769.15 , 194.72 , 4210.85 , 0.97
574.43 , 793.49 , 219.06 , 4186.51 , 1.10
579.30 , 822.70 , 243.40 , 4157.30 , 1.22
584.16 , 856.77 , 272.61 , 4123.23 , 1.36
589.03 , 890.85 , 301.82 , 4089.15 , 1.51
593.90 , 944.40 , 350.50 , 4035.60 , 1.75
603.64 , 1017.42 , 413.78 , 3962.58 , 2.07
613.37 , 1109.91 , 496.54 , 3870.09 , 2.48
623.11 , 1260.82 , 637.71 , 3719.18 , 3.19
642.58 , 1509.09 , 866.51 , 3470.91 , 4.33
676.66 , 2044.57 , 1367.92 , 2935.43 , 6.84
764.28 , 4064.81 , 3300.53 , 915.19 , 16.50
764.28 , 4064.81 , 3300.53 , 915.19 , 16.50
