63.28 , 63.28 , 0.00 , 4916.72 , 0.00
107.10 , 107.10 , 0.00 , 4872.90 , 0.00
146.04 , 141.17 , -4.87 , 4838.83 , -0.02
184.99 , 180.12 , -4.87 , 4799.88 , -0.02
238.53 , 223.93 , -14.60 , 4756.07 , -0.07
267.74 , 262.87 , -4.87 , 4717.13 , -0.02
301.82 , 301.82 , 0.00 , 4678.18 , 0.00
345.63 , 287.21 , -58.42 , 4692.79 , -0.29
374.84 , 374.84 , 0.00 , 4605.16 , 0.00
404.05 , 399.18 , -4.87 , 4580.82 , -0.02
418.65 , 423.52 , 4.87 , 4556.48 , 0.02
433.26 , 438.12 , 4.87 , 4541.88 , 0.02
447.86 , 447.86 , 0.00 , 4532.14 , 0.00
452.73 , 457.60 , 4.87 , 4522.40 , 0.02
457.60 , 462.46 , 4.87 , 4517.54 , 0.02
462.46 , 472.20 , 9.74 , 4507.80 , 0.05
467.33 , 472.20 , 4.87 , 4507.80 , 0.02
472.20 , 481.94 , 9.74 , 4498.06 , 0.05
472.20 , 481.94 , 9.74 , 4498.06 , 0.05
477.07 , 486.80 , 9.74 , 4493.20 , 0.05
477.07 , 486.80 , 9.74 , 4493.20 , 0.05
481.94 , 496.54 , 14.60 , 4483.46 , 0.07
481.94 , 491.67 , 9.74 , 4488.33 , 0.05
481.94 , 496.54 , 14.60 , 4483.46 , 0.07
481.94 , 496.54 , 14.60 , 4483.46 , 0.07
486.80 , 501.41 , 14.60 , 4478.59 , 0.07
491.67 , 501.41 , 9.74 , 4478.59 , 0.05
486.80 , 501.41 , 14.60 , 4478.59 , 0.07
491.67 , 506.28 , 14.60 , 4473.72 , 0.07
491.67 , 506.28 , 14.60 , 4473.72 , 0.07
496.54 , 506.28 , 9.74 , 4473.72 , 0.05
496.54 , 506.28 , 9.74 , 4473.72 , 0.05
496.54 , 516.01 , 19.47 , 4463.99 , 0.10
496.54 , 516.01 , 19.47 , 4463.99 , 0.10
496.54 , 516.01 , 19.47 , 4463.99 , 0.10
496.54 , 516.01 , 19.47 , 4463.99 , 0.10
496.54 , 516.01 , 19.47 , 4463.99 , 0.10
496.54 , 520.88 , 24.34 , 4459.12 , 0.12
496.54 , 520.88 , 24.34 , 4459.12 , 0.12
501.41 , 520.88 , 19.47 , 4459.12 , 0.10
506.28 , 516.01 , 9.74 , 4463.99 , 0.05
501.41 , 525.75 , 24.34 , 4454.25 , 0.12
506.28 , 525.75 , 19.47 , 4454.25 , 0.10
501.41 , 525.75 , 24.34 , 4454.25 , 0.12
506.28 , 530.62 , 24.34 , 4449.38 , 0.12
501.41 , 525.75 , 24.34 , 4454.25 , 0.12
506.28 , 525.75 , 19.47 , 4454.25 , 0.10
506.28 , 530.62 , 24.34 , 4449.38 , 0.12
506.28 , 530.62 , 24.34 , 4449.38 , 0.12
506.28 , 530.62 , 24.34 , 4449.38 , 0.12
506.28 , 535.48 , 29.21 , 4444.52 , 0.15
511.14 , 530.62 , 19.47 , 4449.38 , 0.10
506.28 , 535.48 , 29.21 , 4444.52 , 0.15
511.14 , 535.48 , 24.34 , 4444.52 , 0.12
511.14 , 535.48 , 24.34 , 4444.52 , 0.12
511.14 , 540.35 , 29.21 , 4439.65 , 0.15
511.14 , 540.35 , 29.21 , 4439.65 , 0.15
511.14 , 540.35 , 29.21 , 4439.65 , 0.15
511.14 , 540.35 , 29.21 , 4439.65 , 0.15
516.01 , 545.22 , 29.21 , 4434.78 , 0.15
511.14 , 545.22 , 34.08 , 4434.78 , 0.17
511.14 , 545.22 , 34.08 , 4434.78 , 0.17
511.14 , 545.22 , 34.08 , 4434.78 , 0.17
516.01 , 545.22 , 29.21 , 4434.78 , 0.15
511.14 , 550.09 , 38.94 , 4429.91 , 0.19
516.01 , 550.09 , 34.08 , 4429.91 , 0.17
516.01 , 550.09 , 34.08 , 4429.91 , 0.17
516.01 , 550.09 , 34.08 , 4429.91 , 0.17
516.01 , 550.09 , 34.08 , 4429.91 , 0.17
516.01 , 554.96 , 38.94 , 4425.04 , 0.19
516.01 , 554.96 , 38.94 , 4425.04 , 0.19
520.88 , 554.96 , 34.08 , 4425.04 , 0.17
520.88 , 559.82 , 38.94 , 4420.18 , 0.19
516.01 , 559.82 , 43.81 , 4420.18 , 0.22
525.75 , 564.69 , 38.94 , 4415.31 , 0.19
525.75 , 569.56 , 43.81 , 4410.44 , 0.22
525.75 , 569.56 , 43.81 , 4410.44 , 0.22
525.75 , 569.56 , 43.81 , 4410.44 , 0.22
525.75 , 564.69 , 38.94 , 4415.31 , 0.19
525.75 , 574.43 , 48.68 , 4405.57 , 0.24
525.75 , 574.43 , 48.68 , 4405.57 , 0.24
525.75 , 574.43 , 48.68 , 4405.57 , 0.24
530.62 , 574.43 , 43.81 , 4405.57 , 0.22
525.75 , 574.43 , 48.68 , 4405.57 , 0.24
530.62 , 579.30 , 48.68 , 4400.70 , 0.24
525.75 , 584.16 , 58.42 , 4395.84 , 0.29
525.75 , 584.16 , 58.42 , 4395.84 , 0.29
530.62 , 584.16 , 53.55 , 4395.84 , 0.27
530.62 , 589.03 , 58.42 , 4390.97 , 0.29
535.48 , 589.03 , 53.55 , 4390.97 , 0.27
535.48 , 593.90 , 58.42 , 4386.10 , 0.29
535.48 , 598.77 , 63.28 , 4381.23 , 0.32
530.62 , 593.90 , 63.28 , 4386.10 , 0.32
535.48 , 603.64 , 68.15 , 4376.36 , 0.34
535.48 , 603.64 , 68.15 , 4376.36 , 0.34
540.35 , 608.50 , 68.15 , 4371.50 , 0.34
540.35 , 618.24 , 77.89 , 4361.76 , 0.39
540.35 , 618.24 , 77.89 , 4361.76 , 0.39
540.35 , 618.24 , 77.89 , 4361.76 , 0.39
545.22 , 627.98 , 82.76 , 4352.02 , 0.41
545.22 , 632.84 , 87.62 , 4347.16 , 0.44
545.22 , 632.84 , 87.62 , 4347.16 , 0.44
545.22 , 642.58 , 97.36 , 4337.42 , 0.49
550.09 , 647.45 , 97.36 , 4332.55 , 0.49
554.96 , 647.45 , 92.49 , 4332.55 , 0.46
550.09 , 662.05 , 111.96 , 4317.95 , 0.56
550.09 , 662.05 , 111.96 , 4317.95 , 0.56
554.96 , 671.79 , 116.83 , 4308.21 , 0.58
554.96 , 681.52 , 126.57 , 4298.47 , 0.63
559.82 , 686.39 , 126.57 , 4293.61 , 0.63
559.82 , 701.00 , 141.17 , 4279.00 , 0.71
564.69 , 710.73 , 146.04 , 4269.27 , 0.73
564.69 , 725.34 , 160.65 , 4254.66 , 0.80
564.69 , 739.94 , 175.25 , 4240.06 , 0.88
569.56 , 754.55 , 184.99 , 4225.45 , 0.92
569.56 , 769.15 , 199.59 , 4210.85 , 1.00
579.30 , 793.49 , 214.19 , 4186.51 , 1.07
579.30 , 817.83 , 238.53 , 4162.17 , 1.19
589.03 , 851.91 , 262.87 , 4128.09 , 1.31
589.03 , 890.85 , 301.82 , 4089.15 , 1.51
593.90 , 949.27 , 355.37 , 4030.73 , 1.78
603.64 , 1017.42 , 413.78 , 3962.58 , 2.07
608.50 , 1109.91 , 501.41 , 3870.09 , 2.51
623.11 , 1255.95 , 632.84 , 3724.05 , 3.16
647.45 , 1509.09 , 861.64 , 3470.91 , 4.31
671.79 , 2044.57 , 1372.79 , 2935.43 , 6.86
764.28 , 4069.68 , 3305.40 , 910.32 , 16.53
764.28 , 4064.81 , 3300.53 , 915.19 , 16.50
