77.89 , 68.15 , -9.74 , 4911.85 , -0.05
107.10 , 107.10 , 0.00 , 4872.90 , 0.00
146.04 , 146.04 , 0.00 , 4833.96 , 0.00
175.25 , 184.99 , 9.74 , 4795.01 , 0.05
228.80 , 223.93 , -4.87 , 4756.07 , -0.02
267.74 , 267.74 , 0.00 , 4712.26 , 0.00
311.55 , 311.55 , 0.00 , 4668.45 , 0.00
335.89 , 340.76 , 4.87 , 4639.24 , 0.02
379.71 , 379.71 , 0.00 , 4600.29 , 0.00
394.31 , 399.18 , 4.87 , 4580.82 , 0.02
418.65 , 423.52 , 4.87 , 4556.48 , 0.02
433.26 , 438.12 , 4.87 , 4541.88 , 0.02
447.86 , 447.86 , 0.00 , 4532.14 , 0.00
457.60 , 457.60 , 0.00 , 4522.40 , 0.00
457.60 , 467.33 , 9.74 , 4512.67 , 0.05
462.46 , 472.20 , 9.74 , 4507.80 , 0.05
467.33 , 481.94 , 14.60 , 4498.06 , 0.07
472.20 , 481.94 , 9.74 , 4498.06 , 0.05
477.07 , 477.07 , 0.00 , 4502.93 , 0.00
481.94 , 491.67 , 9.74 , 4488.33 , 0.05
481.94 , 486.80 , 4.87 , 4493.20 , 0.02
481.94 , 486.80 , 4.87 , 4493.20 , 0.02
481.94 , 496.54 , 14.60 , 4483.46 , 0.07
486.80 , 501.41 , 14.60 , 4478.59 , 0.07
491.67 , 496.54 , 4.87 , 4483.46 , 0.02
491.67 , 501.41 , 9.74 , 4478.59 , 0.05
491.67 , 501.41 , 9.74 , 4478.59 , 0.05
491.67 , 506.28 , 14.60 , 4473.72 , 0.07
491.67 , 506.28 , 14.60 , 4473.72 , 0.07
486.80 , 506.28 , 19.47 , 4473.72 , 0.10
491.67 , 506.28 , 14.60 , 4473.72 , 0.07
496.54 , 511.14 , 14.60 , 4468.86 , 0.07
491.67 , 516.01 , 24.34 , 4463.99 , 0.12
496.54 , 511.14 , 14.60 , 4468.86 , 0.07
496.54 , 516.01 , 19.47 , 4463.99 , 0.10
496.54 , 520.88 , 24.34 , 4459.12 , 0.12
496.54 , 516.01 , 19.47 , 4463.99 , 0.10
496.54 , 520.88 , 24.34 , 4459.12 , 0.12
501.41 , 520.88 , 19.47 , 4459.12 , 0.10
506.28 , 520.88 , 14.60 , 4459.12 , 0.07
501.41 , 525.75 , 24.34 , 4454.25 , 0.12
501.41 , 525.75 , 24.34 , 4454.25 , 0.12
506.28 , 525.75 , 19.47 , 4454.25 , 0.10
506.28 , 525.75 , 19.47 , 4454.25 , 0.10
501.41 , 530.62 , 29.21 , 4449.38 , 0.15
506.28 , 525.75 , 19.47 , 4454.25 , 0.10
511.14 , 530.62 , 19.47 , 4449.38 , 0.10
506.28 , 525.75 , 19.47 , 4454.25 , 0.10
506.28 , 530.62 , 24.34 , 4449.38 , 0.12
511.14 , 530.62 , 19.47 , 4449.38 , 0.10
511.14 , 535.48 , 24.34 , 4444.52 , 0.12
506.28 , 530.62 , 24.34 , 4449.38 , 0.12
506.28 , 535.48 , 29.21 , 4444.52 , 0.15
511.14 , 535.48 , 24.34 , 4444.52 , 0.12
506.28 , 535.48 , 29.21 , 4444.52 , 0.15
516.01 , 540.35 , 24.34 , 4439.65 , 0.12
506.28 , 540.35 , 34.08 , 4439.65 , 0.17
516.01 , 540.35 , 24.34 , 4439.65 , 0.12
511.14 , 540.35 , 29.21 , 4439.65 , 0.15
511.14 , 545.22 , 34.08 , 4434.78 , 0.17
516.01 , 545.22 , 29.21 , 4434.78 , 0.15
511.14 , 545.22 , 34.08 , 4434.78 , 0.17
511.14 , 540.35 , 29.21 , 4439.65 , 0.15
516.01 , 545.22 , 29.21 , 4434.78 , 0.15
516.01 , 545.22 , 29.21 , 4434.78 , 0.15
516.01 , 550.09 , 34.08 , 4429.91 , 0.17
516.01 , 554.96 , 38.94 , 4425.04 , 0.19
516.01 , 554.96 , 38.94 , 4425.04 , 0.19
520.88 , 554.96 , 34.08 , 4425.04 , 0.17
516.01 , 554.96 , 38.94 , 4425.04 , 0.19
520.88 , 564.69 , 43.81 , 4415.31 , 0.22
520.88 , 559.82 , 38.94 , 4420.18 , 0.19
520.88 , 559.82 , 38.94 , 4420.18 , 0.19
520.88 , 564.69 , 43.81 , 4415.31 , 0.22
520.88 , 559.82 , 38.94 , 4420.18 , 0.19
525.75 , 564.69 , 38.94 , 4415.31 , 0.19
525.75 , 569.56 , 43.81 , 4410.44 , 0.22
525.75 , 569.56 , 43.81 , 4410.44 , 0.22
525.75 , 569.56 , 43.81 , 4410.44 , 0.22
525.75 , 574.43 , 48.68 , 4405.57 , 0.24
525.75 , 574.43 , 48.68 , 4405.57 , 0.24
525.75 , 574.43 , 48.68 , 4405.57 , 0.24
530.62 , 574.43 , 43.81 , 4405.57 , 0.22
530.62 , 579.30 , 48.68 , 4400.70 , 0.24
525.75 , 579.30 , 53.55 , 4400.70 , 0.27
530.62 , 584.16 , 53.55 , 4395.84 , 0.27
530.62 , 584.16 , 53.55 , 4395.84 , 0.27
530.62 , 589.03 , 58.42 , 4390.97 , 0.29
530.62 , 589.03 , 58.42 , 4390.97 , 0.29
535.48 , 589.03 , 53.55 , 4390.97 , 0.27
535.48 , 593.90 , 58.42 , 4386.10 , 0.29
535.48 , 598.77 , 63.28 , 4381.23 , 0.32
535.48 , 598.77 , 63.28 , 4381.23 , 0.32
535.48 , 608.50 , 73.02 , 4371.50 , 0.37
540.35 , 608.50 , 68.15 , 4371.50 , 0.34
540.35 , 613.37 , 73.02 , 4366.63 , 0.37
540.35 , 618.24 , 77.89 , 4361.76 , 0.39
540.35 , 623.11 , 82.76 , 4356.89 , 0.41
545.22 , 623.11 , 77.89 , 4356.89 , 0.39
545.22 , 627.98 , 82.76 , 4352.02 , 0.41
545.22 , 627.98 , 82.76 , 4352.02 , 0.41
545.22 , 637.71 , 92.49 , 4342.29 , 0.46
545.22 , 637.71 , 92.49 , 4342.29 , 0.46
550.09 , 652.32 , 102.23 , 4327.68 , 0.51
550.09 , 652.32 , 102.23 , 4327.68 , 0.51
550.09 , 657.18 , 107.10 , 4322.82 , 0.54
550.09 , 666.92 , 116.83 , 4313.08 , 0.58
554.96 , 676.66 , 121.70 , 4303.34 , 0.61
554.96 , 686.39 , 131.44 , 4293.61 , 0.66
554.96 , 686.39 , 131.44 , 4293.61 , 0.66
559.82 , 701.00 , 141.17 , 4279.00 , 0.71
564.69 , 710.73 , 146.04 , 4269.27 , 0.73
569.56 , 720.47 , 150.91 , 4259.53 , 0.75
569.56 , 735.07 , 165.51 , 4244.93 , 0.83
569.56 , 754.55 , 184.99 , 4225.45 , 0.92
574.43 , 774.02 , 199.59 , 4205.98 , 1.00
574.43 , 793.49 , 219.06 , 4186.51 , 1.10
579.30 , 822.70 , 243.40 , 4157.30 , 1.22
589.03 , 851.91 , 262.87 , 4128.09 , 1.31
593.90 , 895.72 , 301.82 , 4084.28 , 1.51
598.77 , 949.27 , 350.50 , 4030.73 , 1.75
603.64 , 1012.55 , 408.91 , 3967.45 , 2.04
613.37 , 1109.91 , 496.54 , 3870.09 , 2.48
623.11 , 1260.82 , 637.71 , 3719.18 , 3.19
642.58 , 1504.22 , 861.64 , 3475.78 , 4.31
681.52 , 2044.57 , 1363.05 , 2935.43 , 6.82
764.28 , 4059.94 , 3295.66 , 920.06 , 16.48
759.41 , 4059.94 , 3300.53 , 920.06 , 16.50
