73.02 , 73.02 , 0.00 , 4906.98 , 0.00
107.10 , 111.96 , 4.87 , 4868.04 , 0.02
141.17 , 141.17 , 0.00 , 4838.83 , 0.00
194.72 , 184.99 , -9.74 , 4795.01 , -0.05
223.93 , 223.93 , 0.00 , 4756.07 , 0.00
267.74 , 262.87 , -4.87 , 4717.13 , -0.02
301.82 , 292.08 , -9.74 , 4687.92 , -0.05
340.76 , 340.76 , 0.00 , 4639.24 , 0.00
374.84 , 374.84 , 0.00 , 4605.16 , 0.00
389.44 , 399.18 , 9.74 , 4580.82 , 0.05
418.65 , 423.52 , 4.87 , 4556.48 , 0.02
438.12 , 442.99 , 4.87 , 4537.01 , 0.02
447.86 , 452.73 , 4.87 , 4527.27 , 0.02
452.73 , 457.60 , 4.87 , 4522.40 , 0.02
457.60 , 462.46 , 4.87 , 4517.54 , 0.02
472.20 , 472.20 , 0.00 , 4507.80 , 0.00
467.33 , 477.07 , 9.74 , 4502.93 , 0.05
472.20 , 481.94 , 9.74 , 4498.06 , 0.05
477.07 , 481.94 , 4.87 , 4498.06 , 0.02
477.07 , 486.80 , 9.74 , 4493.20 , 0.05
481.94 , 491.67 , 9.74 , 4488.33 , 0.05
481.94 , 496.54 , 14.60 , 4483.46 , 0.07
486.80 , 491.67 , 4.87 , 4488.33 , 0.02
481.94 , 496.54 , 14.60 , 4483.46 , 0.07
491.67 , 496.54 , 4.87 , 4483.46 , 0.02
486.80 , 501.41 , 14.60 , 4478.59 , 0.07
496.54 , 501.41 , 4.87 , 4478.59 , 0.02
491.67 , 506.28 , 14.60 , 4473.72 , 0.07
491.67 , 506.28 , 14.60 , 4473.72 , 0.07
496.54 , 506.28 , 9.74 , 4473.72 , 0.05
496.54 , 506.28 , 9.74 , 4473.72 , 0.05
496.54 , 511.14 , 14.60 , 4468.86 , 0.07
491.67 , 516.01 , 24.34 , 4463.99 , 0.12
501.41 , 516.01 , 14.60 , 4463.99 , 0.07
496.54 , 516.01 , 19.47 , 4463.99 , 0.10
501.41 , 516.01 , 14.60 , 4463.99 , 0.07
496.54 , 516.01 , 19.47 , 4463.99 , 0.10
501.41 , 520.88 , 19.47 , 4459.12 , 0.10
501.41 , 520.88 , 19.47 , 4459.12 , 0.10
501.41 , 520.88 , 19.47 , 4459.12 , 0.10
506.28 , 520.88 , 14.60 , 4459.12 , 0.07
496.54 , 525.75 , 29.21 , 4454.25 , 0.15
501.41 , 520.88 , 19.47 , 4459.12 , 0.10
501.41 , 525.75 , 24.34 , 4454.25 , 0.12
506.28 , 525.75 , 19.47 , 4454.25 , 0.10
506.28 , 525.75 , 19.47 , 4454.25 , 0.10
506.28 , 530.62 , 24.34 , 4449.38 , 0.12
506.28 , 530.62 , 24.34 , 4449.38 , 0.12
501.41 , 530.62 , 29.21 , 4449.38 , 0.15
506.28 , 535.48 , 29.21 , 4444.52 , 0.15
506.28 , 535.48 , 29.21 , 4444.52 , 0.15
506.28 , 530.62 , 24.34 , 4449.38 , 0.12
506.28 , 535.48 , 29.21 , 4444.52 , 0.15
511.14 , 535.48 , 24.34 , 4444.52 , 0.12
511.14 , 535.48 , 24.34 , 4444.52 , 0.12
511.14 , 545.22 , 34.08 , 4434.78 , 0.17
511.14 , 540.35 , 29.21 , 4439.65 , 0.15
516.01 , 540.35 , 24.34 , 4439.65 , 0.12
516.01 , 545.22 , 29.21 , 4434.78 , 0.15
511.14 , 545.22 , 34.08 , 4434.78 , 0.17
516.01 , 545.22 , 29.21 , 4434.78 , 0.15
516.01 , 550.09 , 34.08 , 4429.91 , 0.17
516.01 , 550.09 , 34.08 , 4429.91 , 0.17
516.01 , 545.22 , 29.21 , 4434.78 , 0.15
520.88 , 550.09 , 29.21 , 4429.91 , 0.15
516.01 , 550.09 , 34.08 , 4429.91 , 0.17
516.01 , 550.09 , 34.08 , 4429.91 , 0.17
516.01 , 554.96 , 38.94 , 4425.04 , 0.19
525.75 , 554.96 , 29.21 , 4425.04 , 0.15
516.01 , 554.96 , 38.94 , 4425.04 , 0.19
516.01 , 554.96 , 38.94 , 4425.04 , 0.19
520.88 , 559.82 , 38.94 , 4420.18 , 0.19
525.75 , 564.69 , 38.94 , 4415.31 , 0.19
520.88 , 564.69 , 43.81 , 4415.31 , 0.22
525.75 , 564.69 , 38.94 , 4415.31 , 0.19
520.88 , 564.69 , 43.81 , 4415.31 , 0.22
525.75 , 569.56 , 43.81 , 4410.44 , 0.22
525.75 , 569.56 , 43.81 , 4410.44 , 0.22
525.75 , 569.56 , 43.81 , 4410.44 , 0.22
525.75 , 569.56 , 43.81 , 4410.44 , 0.22
525.75 , 569.56 , 43.81 , 4410.44 , 0.22
525.75 , 569.56 , 43.81 , 4410.44 , 0.22
525.75 , 574.43 , 48.68 , 4405.57 , 0.24
530.62 , 579.30 , 48.68 , 4400.70 , 0.24
530.62 , 584.16 , 53.55 , 4395.84 , 0.27
530.62 , 584.16 , 53.55 , 4395.84 , 0.27
530.62 , 589.03 , 58.42 , 4390.97 , 0.29
530.62 , 584.16 , 53.55 , 4395.84 , 0.27
530.62 , 589.03 , 58.42 , 4390.97 , 0.29
530.62 , 593.90 , 63.28 , 4386.10 , 0.32
535.48 , 593.90 , 58.42 , 4386.10 , 0.29
540.35 , 603.64 , 63.28 , 4376.36 , 0.32
535.48 , 603.64 , 68.15 , 4376.36 , 0.34
535.48 , 608.50 , 73.02 , 4371.50 , 0.37
540.35 , 608.50 , 68.15 , 4371.50 , 0.34
535.48 , 608.50 , 73.02 , 4371.50 , 0.37
540.35 , 613.37 , 73.02 , 4366.63 , 0.37
540.35 , 618.24 , 77.89 , 4361.76 , 0.39
545.22 , 623.11 , 77.89 , 4356.89 , 0.39
540.35 , 627.98 , 87.62 , 4352.02 , 0.44
545.22 , 632.84 , 87.62 , 4347.16 , 0.44
550.09 , 637.71 , 87.62 , 4342.29 , 0.44
545.22 , 637.71 , 92.49 , 4342.29 , 0.46
550.09 , 647.45 , 97.36 , 4332.55 , 0.49
550.09 , 652.32 , 102.23 , 4327.68 , 0.51
550.09 , 662.05 , 111.96 , 4317.95 , 0.56
554.96 , 666.92 , 111.96 , 4313.08 , 0.56
554.96 , 671.79 , 116.83 , 4308.21 , 0.58
554.96 , 681.52 , 126.57 , 4298.47 , 0.63
554.96 , 696.13 , 141.17 , 4283.87 , 0.71
564.69 , 701.00 , 136.30 , 4279.00 , 0.68
564.69 , 710.73 , 146.04 , 4269.27 , 0.73
564.69 , 720.47 , 155.78 , 4259.53 , 0.78
564.69 , 735.07 , 170.38 , 4244.93 , 0.85
574.43 , 754.55 , 180.12 , 4225.45 , 0.90
574.43 , 774.02 , 199.59 , 4205.98 , 1.00
574.43 , 798.36 , 223.93 , 4181.64 , 1.12
584.16 , 817.83 , 233.67 , 4162.17 , 1.17
584.16 , 851.91 , 267.74 , 4128.09 , 1.34
593.90 , 895.72 , 301.82 , 4084.28 , 1.51
598.77 , 944.40 , 345.63 , 4035.60 , 1.73
603.64 , 1012.55 , 408.91 , 3967.45 , 2.04
613.37 , 1109.91 , 496.54 , 3870.09 , 2.48
623.11 , 1255.95 , 632.84 , 3724.05 , 3.16
642.58 , 1504.22 , 861.64 , 3475.78 , 4.31
676.66 , 2044.57 , 1367.92 , 2935.43 , 6.84
764.28 , 4050.21 , 3285.92 , 929.79 , 16.43
764.28 , 4055.07 , 3290.79 , 924.93 , 16.45
