58.42 , 68.15 , 9.74 , 4911.85 , 0.05
97.36 , 102.23 , 4.87 , 4877.77 , 0.02
146.04 , 141.17 , -4.87 , 4838.83 , -0.02
199.59 , 189.85 , -9.74 , 4790.15 , -0.05
233.67 , 223.93 , -9.74 , 4756.07 , -0.05
258.01 , 262.87 , 4.87 , 4717.13 , 0.02
296.95 , 301.82 , 4.87 , 4678.18 , 0.02
345.63 , 335.89 , -9.74 , 4644.11 , -0.05
374.84 , 374.84 , 0.00 , 4605.16 , 0.00
404.05 , 399.18 , -4.87 , 4580.82 , -0.02
423.52 , 423.52 , 0.00 , 4556.48 , 0.00
438.12 , 438.12 , 0.00 , 4541.88 , 0.00
447.86 , 447.86 , 0.00 , 4532.14 , 0.00
457.60 , 457.60 , 0.00 , 4522.40 , 0.00
457.60 , 472.20 , 14.60 , 4507.80 , 0.07
467.33 , 472.20 , 4.87 , 4507.80 , 0.02
467.33 , 477.07 , 9.74 , 4502.93 , 0.05
467.33 , 481.94 , 14.60 , 4498.06 , 0.07
477.07 , 486.80 , 9.74 , 4493.20 , 0.05
481.94 , 486.80 , 4.87 , 4493.20 , 0.02
481.94 , 491.67 , 9.74 , 4488.33 , 0.05
481.94 , 491.67 , 9.74 , 4488.33 , 0.05
481.94 , 491.67 , 9.74 , 4488.33 , 0.05
486.80 , 501.41 , 14.60 , 4478.59 , 0.07
486.80 , 491.67 , 4.87 , 4488.33 , 0.02
491.67 , 496.54 , 4.87 , 4483.46 , 0.02
486.80 , 501.41 , 14.60 , 4478.59 , 0.07
491.67 , 501.41 , 9.74 , 4478.59 , 0.05
491.67 , 506.28 , 14.60 , 4473.72 , 0.07
491.67 , 506.28 , 14.60 , 4473.72 , 0.07
491.67 , 511.14 , 19.47 , 4468.86 , 0.10
491.67 , 516.01 , 24.34 , 4463.99 , 0.12
491.67 , 511.14 , 19.47 , 4468.86 , 0.10
496.54 , 516.01 , 19.47 , 4463.99 , 0.10
496.54 , 516.01 , 19.47 , 4463.99 , 0.10
496.54 , 511.14 , 14.60 , 4468.86 , 0.07
496.54 , 516.01 , 19.47 , 4463.99 , 0.10
496.54 , 520.88 , 24.34 , 4459.12 , 0.12
501.41 , 516.01 , 14.60 , 4463.99 , 0.07
501.41 , 516.01 , 14.60 , 4463.99 , 0.07
501.41 , 525.75 , 24.34 , 4454.25 , 0.12
506.28 , 530.62 , 24.34 , 4449.38 , 0.12
501.41 , 525.75 , 24.34 , 4454.25 , 0.12
501.41 , 525.75 , 24.34 , 4454.25 , 0.12
506.28 , 525.75 , 19.47 , 4454.25 , 0.10
501.41 , 525.75 , 24.34 , 4454.25 , 0.12
511.14 , 530.62 , 19.47 , 4449.38 , 0.10
501.41 , 530.62 , 29.21 , 4449.38 , 0.15
506.28 , 530.62 , 24.34 , 4449.38 , 0.12
506.28 , 535.48 , 29.21 , 4444.52 , 0.15
506.28 , 530.62 , 24.34 , 4449.38 , 0.12
506.28 , 530.62 , 24.34 , 4449.38 , 0.12
511.14 , 530.62 , 19.47 , 4449.38 , 0.10
511.14 , 535.48 , 24.34 , 4444.52 , 0.12
506.28 , 535.48 , 29.21 , 4444.52 , 0.15
506.28 , 535.48 , 29.21 , 4444.52 , 0.15
511.14 , 540.35 , 29.21 , 4439.65 , 0.15
506.28 , 540.35 , 34.08 , 4439.65 , 0.17
511.14 , 540.35 , 29.21 , 4439.65 , 0.15
516.01 , 545.22 , 29.21 , 4434.78 , 0.15
511.14 , 545.22 , 34.08 , 4434.78 , 0.17
511.14 , 550.09 , 38.94 , 4429.91 , 0.19
516.01 , 545.22 , 29.21 , 4434.78 , 0.15
516.01 , 545.22 , 29.21 , 4434.78 , 0.15
516.01 , 550.09 , 34.08 , 4429.91 , 0.17
516.01 , 550.09 , 34.08 , 4429.91 , 0.17
516.01 , 554.96 , 38.94 , 4425.04 , 0.19
520.88 , 554.96 , 34.08 , 4425.04 , 0.17
516.01 , 554.96 , 38.94 , 4425.04 , 0.19
520.88 , 550.09 , 29.21 , 4429.91 , 0.15
516.01 , 559.82 , 43.81 , 4420.18 , 0.22
516.01 , 554.96 , 38.94 , 4425.04 , 0.19
520.88 , 559.82 , 38.94 , 4420.18 , 0.19
525.75 , 564.69 , 38.94 , 4415.31 , 0.19
520.88 , 564.69 , 43.81 , 4415.31 , 0.22
525.75 , 564.69 , 38.94 , 4415.31 , 0.19
525.75 , 564.69 , 38.94 , 4415.31 , 0.19
520.88 , 569.56 , 48.68 , 4410.44 , 0.24
520.88 , 569.56 , 48.68 , 4410.44 , 0.24
525.75 , 569.56 , 43.81 , 4410.44 , 0.22
520.88 , 569.56 , 48.68 , 4410.44 , 0.24
525.75 , 574.43 , 48.68 , 4405.57 , 0.24
530.62 , 579.30 , 48.68 , 4400.70 , 0.24
525.75 , 579.30 , 53.55 , 4400.70 , 0.27
530.62 , 584.16 , 53.55 , 4395.84 , 0.27
530.62 , 584.16 , 53.55 , 4395.84 , 0.27
535.48 , 589.03 , 53.55 , 4390.97 , 0.27
535.48 , 584.16 , 48.68 , 4395.84 , 0.24
530.62 , 593.90 , 63.28 , 4386.10 , 0.32
535.48 , 593.90 , 58.42 , 4386.10 , 0.29
530.62 , 593.90 , 63.28 , 4386.10 , 0.32
540.35 , 598.77 , 58.42 , 4381.23 , 0.29
535.48 , 603.64 , 68.15 , 4376.36 , 0.34
535.48 , 603.64 , 68.15 , 4376.36 , 0.34
535.48 , 603.64 , 68.15 , 4376.36 , 0.34
540.35 , 608.50 , 68.15 , 4371.50 , 0.34
540.35 , 618.24 , 77.89 , 4361.76 , 0.39
540.35 , 623.11 , 82.76 , 4356.89 , 0.41
540.35 , 623.11 , 82.76 , 4356.89 , 0.41
545.22 , 623.11 , 77.89 , 4356.89 , 0.39
540.35 , 632.84 , 92.49 , 4347.16 , 0.46
545.22 , 637.71 , 92.49 , 4342.29 , 0.46
550.09 , 642.58 , 92.49 , 4337.42 , 0.46
545.22 , 647.45 , 102.23 , 4332.55 , 0.51
550.09 , 652.32 , 102.23 , 4327.68 , 0.51
550.09 , 662.05 , 111.96 , 4317.95 , 0.56
554.96 , 666.92 , 111.96 , 4313.08 , 0.56
550.09 , 671.79 , 121.70 , 4308.21 , 0.61
559.82 , 686.39 , 126.57 , 4293.61 , 0.63
559.82 , 691.26 , 131.44 , 4288.74 , 0.66
564.69 , 701.00 , 136.30 , 4279.00 , 0.68
564.69 , 710.73 , 146.04 , 4269.27 , 0.73
564.69 , 725.34 , 160.65 , 4254.66 , 0.80
569.56 , 739.94 , 170.38 , 4240.06 , 0.85
569.56 , 754.55 , 184.99 , 4225.45 , 0.92
574.43 , 769.15 , 194.72 , 4210.85 , 0.97
574.43 , 803.23 , 228.80 , 4176.77 , 1.14
574.43 , 817.83 , 243.40 , 4162.17 , 1.22
584.16 , 856.77 , 272.61 , 4123.23 , 1.36
589.03 , 890.85 , 301.82 , 4089.15 , 1.51
593.90 , 949.27 , 355.37 , 4030.73 , 1.78
598.77 , 1012.55 , 413.78 , 3967.45 , 2.07
608.50 , 1109.91 , 501.41 , 3870.09 , 2.51
627.98 , 1255.95 , 627.98 , 3724.05 , 3.14
642.58 , 1509.09 , 866.51 , 3470.91 , 4.33
671.79 , 2044.57 , 1372.79 , 2935.43 , 6.86
764.28 , 4074.55 , 3310.26 , 905.45 , 16.55
764.28 , 4074.55 , 3310.26 , 905.45 , 16.55
