63.28 , 73.02 , 9.74 , 4906.98 , 0.05
111.96 , 111.96 , 0.00 , 4868.04 , 0.00
146.04 , 146.04 , 0.00 , 4833.96 , 0.00
184.99 , 184.99 , 0.00 , 4795.01 , 0.00
214.19 , 194.72 , -19.47 , 4785.28 , -0.10
262.87 , 262.87 , 0.00 , 4717.13 , 0.00
306.69 , 301.82 , -4.87 , 4678.18 , -0.02
365.10 , 340.76 , -24.34 , 4639.24 , -0.12
374.84 , 374.84 , 0.00 , 4605.16 , 0.00
404.05 , 399.18 , -4.87 , 4580.82 , -0.02
418.65 , 423.52 , 4.87 , 4556.48 , 0.02
438.12 , 438.12 , 0.00 , 4541.88 , 0.00
447.86 , 447.86 , 0.00 , 4532.14 , 0.00
457.60 , 457.60 , 0.00 , 4522.40 , 0.00
467.33 , 462.46 , -4.87 , 4517.54 , -0.02
467.33 , 472.20 , 4.87 , 4507.80 , 0.02
467.33 , 477.07 , 9.74 , 4502.93 , 0.05
472.20 , 477.07 , 4.87 , 4502.93 , 0.02
472.20 , 481.94 , 9.74 , 4498.06 , 0.05
477.07 , 481.94 , 4.87 , 4498.06 , 0.02
477.07 , 491.67 , 14.60 , 4488.33 , 0.07
481.94 , 491.67 , 9.74 , 4488.33 , 0.05
477.07 , 496.54 , 19.47 , 4483.46 , 0.10
481.94 , 491.67 , 9.74 , 4488.33 , 0.05
486.80 , 501.41 , 14.60 , 4478.59 , 0.07
491.67 , 501.41 , 9.74 , 4478.59 , 0.05
486.80 , 501.41 , 14.60 , 4478.59 , 0.07
491.67 , 506.28 , 14.60 , 4473.72 , 0.07
491.67 , 506.28 , 14.60 , 4473.72 , 0.07
491.67 , 501.41 , 9.74 , 4478.59 , 0.05
491.67 , 511.14 , 19.47 , 4468.86 , 0.10
496.54 , 516.01 , 19.47 , 4463.99 , 0.10
491.67 , 511.14 , 19.47 , 4468.86 , 0.10
491.67 , 511.14 , 19.47 , 4468.86 , 0.10
501.41 , 511.14 , 9.74 , 4468.86 , 0.05
496.54 , 516.01 , 19.47 , 4463.99 , 0.10
501.41 , 516.01 , 14.60 , 4463.99 , 0.07
496.54 , 516.01 , 19.47 , 4463.99 , 0.10
501.41 , 516.01 , 14.60 , 4463.99 , 0.07
501.41 , 520.88 , 19.47 , 4459.12 , 0.10
501.41 , 516.01 , 14.60 , 4463.99 , 0.07
496.54 , 525.75 , 29.21 , 4454.25 , 0.15
501.41 , 520.88 , 19.47 , 4459.12 , 0.10
501.41 , 520.88 , 19.47 , 4459.12 , 0.10
501.41 , 525.75 , 24.34 , 4454.25 , 0.12
501.41 , 530.62 , 29.21 , 4449.38 , 0.15
506.28 , 525.75 , 19.47 , 4454.25 , 0.10
501.41 , 530.62 , 29.21 , 4449.38 , 0.15
501.41 , 530.62 , 29.21 , 4449.38 , 0.15
501.41 , 525.75 , 24.34 , 4454.25 , 0.12
506.28 , 535.48 , 29.21 , 4444.52 , 0.15
506.28 , 535.48 , 29.21 , 4444.52 , 0.15
511.14 , 535.48 , 24.34 , 4444.52 , 0.12
506.28 , 535.48 , 29.21 , 4444.52 , 0.15
506.28 , 535.48 , 29.21 , 4444.52 , 0.15
511.14 , 545.22 , 34.08 , 4434.78 , 0.17
511.14 , 540.35 , 29.21 , 4439.65 , 0.15
511.14 , 540.35 , 29.21 , 4439.65 , 0.15
511.14 , 545.22 , 34.08 , 4434.78 , 0.17
516.01 , 545.22 , 29.21 , 4434.78 , 0.15
516.01 , 545.22 , 29.21 , 4434.78 , 0.15
511.14 , 545.22 , 34.08 , 4434.78 , 0.17
516.01 , 545.22 , 29.21 , 4434.78 , 0.15
516.01 , 550.09 , 34.08 , 4429.91 , 0.17
516.01 , 550.09 , 34.08 , 4429.91 , 0.17
516.01 , 554.96 , 38.94 , 4425.04 , 0.19
516.01 , 550.09 , 34.08 , 4429.91 , 0.17
520.88 , 554.96 , 34.08 , 4425.04 , 0.17
516.01 , 554.96 , 38.94 , 4425.04 , 0.19
520.88 , 554.96 , 34.08 , 4425.04 , 0.17
520.88 , 550.09 , 29.21 , 4429.91 , 0.15
516.01 , 554.96 , 38.94 , 4425.04 , 0.19
525.75 , 559.82 , 34.08 , 4420.18 , 0.17
516.01 , 554.96 , 38.94 , 4425.04 , 0.19
520.88 , 564.69 , 43.81 , 4415.31 , 0.22
520.88 , 564.69 , 43.81 , 4415.31 , 0.22
520.88 , 559.82 , 38.94 , 4420.18 , 0.19
525.75 , 564.69 , 38.94 , 4415.31 , 0.19
520.88 , 569.56 , 48.68 , 4410.44 , 0.24
525.75 , 569.56 , 43.81 , 4410.44 , 0.22
525.75 , 569.56 , 43.81 , 4410.44 , 0.22
525.75 , 579.30 , 53.55 , 4400.70 , 0.27
525.75 , 574.43 , 48.68 , 4405.57 , 0.24
530.62 , 574.43 , 43.81 , 4405.57 , 0.22
525.75 , 574.43 , 48.68 , 4405.57 , 0.24
525.75 , 579.30 , 53.55 , 4400.70 , 0.27
530.62 , 584.16 , 53.55 , 4395.84 , 0.27
530.62 , 584.16 , 53.55 , 4395.84 , 0.27
535.48 , 589.03 , 53.55 , 4390.97 , 0.27
535.48 , 589.03 , 53.55 , 4390.97 , 0.27
535.48 , 593.90 , 58.42 , 4386.10 , 0.29
530.62 , 598.77 , 68.15 , 4381.23 , 0.34
535.48 , 598.77 , 63.28 , 4381.23 , 0.32
535.48 , 603.64 , 68.15 , 4376.36 , 0.34
535.48 , 613.37 , 77.89 , 4366.63 , 0.39
535.48 , 613.37 , 77.89 , 4366.63 , 0.39
540.35 , 613.37 , 73.02 , 4366.63 , 0.37
535.48 , 618.24 , 82.76 , 4361.76 , 0.41
545.22 , 618.24 , 73.02 , 4361.76 , 0.37
545.22 , 623.11 , 77.89 , 4356.89 , 0.39
545.22 , 632.84 , 87.62 , 4347.16 , 0.44
545.22 , 632.84 , 87.62 , 4347.16 , 0.44
545.22 , 637.71 , 92.49 , 4342.29 , 0.46
545.22 , 647.45 , 102.23 , 4332.55 , 0.51
545.22 , 647.45 , 102.23 , 4332.55 , 0.51
550.09 , 657.18 , 107.10 , 4322.82 , 0.54
550.09 , 666.92 , 116.83 , 4313.08 , 0.58
559.82 , 671.79 , 111.96 , 4308.21 , 0.56
554.96 , 681.52 , 126.57 , 4298.47 , 0.63
559.82 , 691.26 , 131.44 , 4288.74 , 0.66
559.82 , 701.00 , 141.17 , 4279.00 , 0.71
564.69 , 710.73 , 146.04 , 4269.27 , 0.73
564.69 , 720.47 , 155.78 , 4259.53 , 0.78
569.56 , 735.07 , 165.51 , 4244.93 , 0.83
569.56 , 754.55 , 184.99 , 4225.45 , 0.92
574.43 , 769.15 , 194.72 , 4210.85 , 0.97
579.30 , 793.49 , 214.19 , 4186.51 , 1.07
579.30 , 822.70 , 243.40 , 4157.30 , 1.22
589.03 , 856.77 , 267.74 , 4123.23 , 1.34
589.03 , 895.72 , 306.69 , 4084.28 , 1.53
598.77 , 944.40 , 345.63 , 4035.60 , 1.73
603.64 , 1012.55 , 408.91 , 3967.45 , 2.04
608.50 , 1105.04 , 496.54 , 3874.96 , 2.48
623.11 , 1255.95 , 632.84 , 3724.05 , 3.16
642.58 , 1509.09 , 866.51 , 3470.91 , 4.33
671.79 , 2044.57 , 1372.79 , 2935.43 , 6.86
759.41 , 4064.81 , 3305.40 , 915.19 , 16.53
759.41 , 4059.94 , 3300.53 , 920.06 , 16.50
