73.02 , 63.28 , -9.74 , 4916.72 , -0.05
107.10 , 111.96 , 4.87 , 4868.04 , 0.02
141.17 , 150.91 , 9.74 , 4829.09 , 0.05
175.25 , 180.12 , 4.87 , 4799.88 , 0.02
228.80 , 223.93 , -4.87 , 4756.07 , -0.02
267.74 , 262.87 , -4.87 , 4717.13 , -0.02
301.82 , 301.82 , 0.00 , 4678.18 , 0.00
335.89 , 335.89 , 0.00 , 4644.11 , 0.00
369.97 , 369.97 , 0.00 , 4610.03 , 0.00
399.18 , 399.18 , 0.00 , 4580.82 , 0.00
413.78 , 384.57 , -29.21 , 4595.43 , -0.15
438.12 , 442.99 , 4.87 , 4537.01 , 0.02
447.86 , 447.86 , 0.00 , 4532.14 , 0.00
452.73 , 467.33 , 14.60 , 4512.67 , 0.07
457.60 , 457.60 , 0.00 , 4522.40 , 0.00
467.33 , 477.07 , 9.74 , 4502.93 , 0.05
467.33 , 477.07 , 9.74 , 4502.93 , 0.05
472.20 , 481.94 , 9.74 , 4498.06 , 0.05
472.20 , 481.94 , 9.74 , 4498.06 , 0.05
472.20 , 486.80 , 14.60 , 4493.20 , 0.07
467.33 , 486.80 , 19.47 , 4493.20 , 0.10
477.07 , 491.67 , 14.60 , 4488.33 , 0.07
481.94 , 491.67 , 9.74 , 4488.33 , 0.05
481.94 , 496.54 , 14.60 , 4483.46 , 0.07
481.94 , 496.54 , 14.60 , 4483.46 , 0.07
486.80 , 496.54 , 9.74 , 4483.46 , 0.05
491.67 , 501.41 , 9.74 , 4478.59 , 0.05
486.80 , 501.41 , 14.60 , 4478.59 , 0.07
491.67 , 501.41 , 9.74 , 4478.59 , 0.05
496.54 , 506.28 , 9.74 , 4473.72 , 0.05
486.80 , 501.41 , 14.60 , 4478.59 , 0.07
491.67 , 511.14 , 19.47 , 4468.86 , 0.10
496.54 , 511.14 , 14.60 , 4468.86 , 0.07
496.54 , 511.14 , 14.60 , 4468.86 , 0.07
496.54 , 516.01 , 19.47 , 4463.99 , 0.10
496.54 , 511.14 , 14.60 , 4468.86 , 0.07
496.54 , 516.01 , 19.47 , 4463.99 , 0.10
491.67 , 511.14 , 19.47 , 4468.86 , 0.10
496.54 , 516.01 , 19.47 , 4463.99 , 0.10
496.54 , 516.01 , 19.47 , 4463.99 , 0.10
501.41 , 520.88 , 19.47 , 4459.12 , 0.10
501.41 , 525.75 , 24.34 , 4454.25 , 0.12
496.54 , 525.75 , 29.21 , 4454.25 , 0.15
501.41 , 520.88 , 19.47 , 4459.12 , 0.10
501.41 , 525.75 , 24.34 , 4454.25 , 0.12
496.54 , 530.62 , 34.08 , 4449.38 , 0.17
506.28 , 525.75 , 19.47 , 4454.25 , 0.10
506.28 , 530.62 , 24.34 , 4449.38 , 0.12
506.28 , 530.62 , 24.34 , 4449.38 , 0.12
506.28 , 525.75 , 19.47 , 4454.25 , 0.10
506.28 , 535.48 , 29.21 , 4444.52 , 0.15
506.28 , 540.35 , 34.08 , 4439.65 , 0.17
506.28 , 530.62 , 24.34 , 4449.38 , 0.12
506.28 , 535.48 , 29.21 , 4444.52 , 0.15
506.28 , 540.35 , 34.08 , 4439.65 , 0.17
511.14 , 540.35 , 29.21 , 4439.65 , 0.15
506.28 , 535.48 , 29.21 , 4444.52 , 0.15
506.28 , 540.35 , 34.08 , 4439.65 , 0.17
511.14 , 540.35 , 29.21 , 4439.65 , 0.15
511.14 , 545.22 , 34.08 , 4434.78 , 0.17
516.01 , 545.22 , 29.21 , 4434.78 , 0.15
516.01 , 540.35 , 24.34 , 4439.65 , 0.12
511.14 , 545.22 , 34.08 , 4434.78 , 0.17
516.01 , 545.22 , 29.21 , 4434.78 , 0.15
511.14 , 545.22 , 34.08 , 4434.78 , 0.17
516.01 , 550.09 , 34.08 , 4429.91 , 0.17
516.01 , 550.09 , 34.08 , 4429.91 , 0.17
520.88 , 550.09 , 29.21 , 4429.91 , 0.15
516.01 , 550.09 , 34.08 , 4429.91 , 0.17
516.01 , 554.96 , 38.94 , 4425.04 , 0.19
516.01 , 554.96 , 38.94 , 4425.04 , 0.19
516.01 , 554.96 , 38.94 , 4425.04 , 0.19
516.01 , 559.82 , 43.81 , 4420.18 , 0.22
516.01 , 559.82 , 43.81 , 4420.18 , 0.22
525.75 , 559.82 , 34.08 , 4420.18 , 0.17
520.88 , 564.69 , 43.81 , 4415.31 , 0.22
520.88 , 564.69 , 43.81 , 4415.31 , 0.22
520.88 , 564.69 , 43.81 , 4415.31 , 0.22
520.88 , 569.56 , 48.68 , 4410.44 , 0.24
525.75 , 574.43 , 48.68 , 4405.57 , 0.24
520.88 , 569.56 , 48.68 , 4410.44 , 0.24
525.75 , 574.43 , 48.68 , 4405.57 , 0.24
525.75 , 574.43 , 48.68 , 4405.57 , 0.24
525.75 , 579.30 , 53.55 , 4400.70 , 0.27
525.75 , 579.30 , 53.55 , 4400.70 , 0.27
520.88 , 579.30 , 58.42 , 4400.70 , 0.29
530.62 , 589.03 , 58.42 , 4390.97 , 0.29
530.62 , 584.16 , 53.55 , 4395.84 , 0.27
530.62 , 593.90 , 63.28 , 4386.10 , 0.32
530.62 , 589.03 , 58.42 , 4390.97 , 0.29
530.62 , 593.90 , 63.28 , 4386.10 , 0.32
530.62 , 593.90 , 63.28 , 4386.10 , 0.32
530.62 , 603.64 , 73.02 , 4376.36 , 0.37
530.62 , 603.64 , 73.02 , 4376.36 , 0.37
535.48 , 603.64 , 68.15 , 4376.36 , 0.34
535.48 , 608.50 , 73.02 , 4371.50 , 0.37
535.48 , 613.37 , 77.89 , 4366.63 , 0.39
540.35 , 613.37 , 73.02 , 4366.63 , 0.37
540.35 , 618.24 , 77.89 , 4361.76 , 0.39
540.35 , 627.98 , 87.62 , 4352.02 , 0.44
545.22 , 627.98 , 82.76 , 4352.02 , 0.41
545.22 , 637.71 , 92.49 , 4342.29 , 0.46
540.35 , 642.58 , 102.23 , 4337.42 , 0.51
550.09 , 652.32 , 102.23 , 4327.68 , 0.51
545.22 , 647.45 , 102.23 , 4332.55 , 0.51
545.22 , 662.05 , 116.83 , 4317.95 , 0.58
550.09 , 662.05 , 111.96 , 4317.95 , 0.56
554.96 , 671.79 , 116.83 , 4308.21 , 0.58
559.82 , 681.52 , 121.70 , 4298.47 , 0.61
554.96 , 691.26 , 136.30 , 4288.74 , 0.68
559.82 , 696.13 , 136.30 , 4283.87 , 0.68
559.82 , 710.73 , 150.91 , 4269.27 , 0.75
564.69 , 720.47 , 155.78 , 4259.53 , 0.78
569.56 , 739.94 , 170.38 , 4240.06 , 0.85
574.43 , 754.55 , 180.12 , 4225.45 , 0.90
569.56 , 774.02 , 204.46 , 4205.98 , 1.02
579.30 , 793.49 , 214.19 , 4186.51 , 1.07
579.30 , 817.83 , 238.53 , 4162.17 , 1.19
579.30 , 856.77 , 277.48 , 4123.23 , 1.39
593.90 , 895.72 , 301.82 , 4084.28 , 1.51
593.90 , 949.27 , 355.37 , 4030.73 , 1.78
603.64 , 1012.55 , 408.91 , 3967.45 , 2.04
608.50 , 1109.91 , 501.41 , 3870.09 , 2.51
623.11 , 1251.09 , 627.98 , 3728.91 , 3.14
637.71 , 1504.22 , 866.51 , 3475.78 , 4.33
676.66 , 2044.57 , 1367.92 , 2935.43 , 6.84
764.28 , 4055.07 , 3290.79 , 924.93 , 16.45
764.28 , 4055.07 , 3290.79 , 924.93 , 16.45
