68.15 , 63.28 , -4.87 , 4916.72 , -0.02
107.10 , 102.23 , -4.87 , 4877.77 , -0.02
146.04 , 150.91 , 4.87 , 4829.09 , 0.02
189.85 , 209.33 , 19.47 , 4770.67 , 0.10
228.80 , 223.93 , -4.87 , 4756.07 , -0.02
262.87 , 267.74 , 4.87 , 4712.26 , 0.02
306.69 , 301.82 , -4.87 , 4678.18 , -0.02
335.89 , 335.89 , 0.00 , 4644.11 , 0.00
374.84 , 374.84 , 0.00 , 4605.16 , 0.00
399.18 , 408.91 , 9.74 , 4571.08 , 0.05
423.52 , 433.26 , 9.74 , 4546.75 , 0.05
433.26 , 438.12 , 4.87 , 4541.88 , 0.02
442.99 , 447.86 , 4.87 , 4532.14 , 0.02
462.46 , 457.60 , -4.87 , 4522.40 , -0.02
457.60 , 467.33 , 9.74 , 4512.67 , 0.05
467.33 , 467.33 , 0.00 , 4512.67 , 0.00
467.33 , 472.20 , 4.87 , 4507.80 , 0.02
472.20 , 481.94 , 9.74 , 4498.06 , 0.05
477.07 , 481.94 , 4.87 , 4498.06 , 0.02
472.20 , 481.94 , 9.74 , 4498.06 , 0.05
477.07 , 491.67 , 14.60 , 4488.33 , 0.07
481.94 , 491.67 , 9.74 , 4488.33 , 0.05
477.07 , 491.67 , 14.60 , 4488.33 , 0.07
481.94 , 496.54 , 14.60 , 4483.46 , 0.07
481.94 , 491.67 , 9.74 , 4488.33 , 0.05
486.80 , 501.41 , 14.60 , 4478.59 , 0.07
491.67 , 501.41 , 9.74 , 4478.59 , 0.05
486.80 , 501.41 , 14.60 , 4478.59 , 0.07
486.80 , 506.28 , 19.47 , 4473.72 , 0.10
491.67 , 506.28 , 14.60 , 4473.72 , 0.07
491.67 , 506.28 , 14.60 , 4473.72 , 0.07
496.54 , 511.14 , 14.60 , 4468.86 , 0.07
496.54 , 511.14 , 14.60 , 4468.86 , 0.07
496.54 , 516.01 , 19.47 , 4463.99 , 0.10
496.54 , 516.01 , 19.47 , 4463.99 , 0.10
496.54 , 516.01 , 19.47 , 4463.99 , 0.10
496.54 , 516.01 , 19.47 , 4463.99 , 0.10
496.54 , 520.88 , 24.34 , 4459.12 , 0.12
496.54 , 516.01 , 19.47 , 4463.99 , 0.10
501.41 , 516.01 , 14.60 , 4463.99 , 0.07
496.54 , 525.75 , 29.21 , 4454.25 , 0.15
496.54 , 520.88 , 24.34 , 4459.12 , 0.12
496.54 , 525.75 , 29.21 , 4454.25 , 0.15
501.41 , 520.88 , 19.47 , 4459.12 , 0.10
501.41 , 520.88 , 19.47 , 4459.12 , 0.10
506.28 , 525.75 , 19.47 , 4454.25 , 0.10
501.41 , 525.75 , 24.34 , 4454.25 , 0.12
506.28 , 530.62 , 24.34 , 4449.38 , 0.12
506.28 , 530.62 , 24.34 , 4449.38 , 0.12
506.28 , 530.62 , 24.34 , 4449.38 , 0.12
506.28 , 535.48 , 29.21 , 4444.52 , 0.15
506.28 , 535.48 , 29.21 , 4444.52 , 0.15
506.28 , 535.48 , 29.21 , 4444.52 , 0.15
506.28 , 530.62 , 24.34 , 4449.38 , 0.12
506.28 , 535.48 , 29.21 , 4444.52 , 0.15
511.14 , 540.35 , 29.21 , 4439.65 , 0.15
511.14 , 540.35 , 29.21 , 4439.65 , 0.15
511.14 , 540.35 , 29.21 , 4439.65 , 0.15
506.28 , 540.35 , 34.08 , 4439.65 , 0.17
511.14 , 540.35 , 29.21 , 4439.65 , 0.15
511.14 , 540.35 , 29.21 , 4439.65 , 0.15
516.01 , 545.22 , 29.21 , 4434.78 , 0.15
516.01 , 545.22 , 29.21 , 4434.78 , 0.15
511.14 , 545.22 , 34.08 , 4434.78 , 0.17
511.14 , 550.09 , 38.94 , 4429.91 , 0.19
516.01 , 545.22 , 29.21 , 4434.78 , 0.15
516.01 , 550.09 , 34.08 , 4429.91 , 0.17
516.01 , 550.09 , 34.08 , 4429.91 , 0.17
516.01 , 550.09 , 34.08 , 4429.91 , 0.17
516.01 , 554.96 , 38.94 , 4425.04 , 0.19
520.88 , 559.82 , 38.94 , 4420.18 , 0.19
520.88 , 559.82 , 38.94 , 4420.18 , 0.19
516.01 , 554.96 , 38.94 , 4425.04 , 0.19
525.75 , 564.69 , 38.94 , 4415.31 , 0.19
525.75 , 559.82 , 34.08 , 4420.18 , 0.17
525.75 , 564.69 , 38.94 , 4415.31 , 0.19
520.88 , 564.69 , 43.81 , 4415.31 , 0.22
520.88 , 564.69 , 43.81 , 4415.31 , 0.22
525.75 , 569.56 , 43.81 , 4410.44 , 0.22
520.88 , 569.56 , 48.68 , 4410.44 , 0.24
525.75 , 569.56 , 43.81 , 4410.44 , 0.22
525.75 , 574.43 , 48.68 , 4405.57 , 0.24
525.75 , 574.43 , 48.68 , 4405.57 , 0.24
525.75 , 579.30 , 53.55 , 4400.70 , 0.27
530.62 , 579.30 , 48.68 , 4400.70 , 0.24
525.75 , 579.30 , 53.55 , 4400.70 , 0.27
530.62 , 589.03 , 58.42 , 4390.97 , 0.29
530.62 , 589.03 , 58.42 , 4390.97 , 0.29
530.62 , 593.90 , 63.28 , 4386.10 , 0.32
530.62 , 593.90 , 63.28 , 4386.10 , 0.32
530.62 , 593.90 , 63.28 , 4386.10 , 0.32
535.48 , 598.77 , 63.28 , 4381.23 , 0.32
535.48 , 608.50 , 73.02 , 4371.50 , 0.37
530.62 , 603.64 , 73.02 , 4376.36 , 0.37
540.35 , 608.50 , 68.15 , 4371.50 , 0.34
535.48 , 608.50 , 73.02 , 4371.50 , 0.37
540.35 , 618.24 , 77.89 , 4361.76 , 0.39
540.35 , 623.11 , 82.76 , 4356.89 , 0.41
540.35 , 623.11 , 82.76 , 4356.89 , 0.41
545.22 , 623.11 , 77.89 , 4356.89 , 0.39
540.35 , 632.84 , 92.49 , 4347.16 , 0.46
545.22 , 632.84 , 87.62 , 4347.16 , 0.44
550.09 , 637.71 , 87.62 , 4342.29 , 0.44
545.22 , 642.58 , 97.36 , 4337.42 , 0.49
554.96 , 652.32 , 97.36 , 4327.68 , 0.49
550.09 , 662.05 , 111.96 , 4317.95 , 0.56
554.96 , 662.05 , 107.10 , 4317.95 , 0.54
554.96 , 671.79 , 116.83 , 4308.21 , 0.58
550.09 , 681.52 , 131.44 , 4298.47 , 0.66
559.82 , 691.26 , 131.44 , 4288.74 , 0.66
559.82 , 701.00 , 141.17 , 4279.00 , 0.71
559.82 , 710.73 , 150.91 , 4269.27 , 0.75
559.82 , 725.34 , 165.51 , 4254.66 , 0.83
564.69 , 739.94 , 175.25 , 4240.06 , 0.88
569.56 , 749.68 , 180.12 , 4230.32 , 0.90
569.56 , 774.02 , 204.46 , 4205.98 , 1.02
569.56 , 798.36 , 228.80 , 4181.64 , 1.14
584.16 , 817.83 , 233.67 , 4162.17 , 1.17
584.16 , 851.91 , 267.74 , 4128.09 , 1.34
589.03 , 890.85 , 301.82 , 4089.15 , 1.51
598.77 , 949.27 , 350.50 , 4030.73 , 1.75
603.64 , 1017.42 , 413.78 , 3962.58 , 2.07
608.50 , 1109.91 , 501.41 , 3870.09 , 2.51
623.11 , 1255.95 , 632.84 , 3724.05 , 3.16
642.58 , 1509.09 , 866.51 , 3470.91 , 4.33
676.66 , 2044.57 , 1367.92 , 2935.43 , 6.84
764.28 , 4064.81 , 3300.53 , 915.19 , 16.50
764.28 , 4069.68 , 3305.40 , 910.32 , 16.53
