68.15 , 63.28 , -4.87 , 4916.72 , -0.02
111.96 , 107.10 , -4.87 , 4872.90 , -0.02
141.17 , 136.30 , -4.87 , 4843.69 , -0.02
189.85 , 189.85 , 0.00 , 4790.15 , 0.00
228.80 , 219.06 , -9.74 , 4760.94 , -0.05
262.87 , 267.74 , 4.87 , 4712.26 , 0.02
311.55 , 306.69 , -4.87 , 4673.31 , -0.02
340.76 , 335.89 , -4.87 , 4644.11 , -0.02
384.57 , 374.84 , -9.74 , 4605.16 , -0.05
399.18 , 399.18 , 0.00 , 4580.82 , 0.00
418.65 , 418.65 , 0.00 , 4561.35 , 0.00
438.12 , 433.26 , -4.87 , 4546.75 , -0.02
442.99 , 452.73 , 9.74 , 4527.27 , 0.05
452.73 , 457.60 , 4.87 , 4522.40 , 0.02
462.46 , 462.46 , 0.00 , 4517.54 , 0.00
462.46 , 467.33 , 4.87 , 4512.67 , 0.02
462.46 , 472.20 , 9.74 , 4507.80 , 0.05
472.20 , 477.07 , 4.87 , 4502.93 , 0.02
477.07 , 481.94 , 4.87 , 4498.06 , 0.02
477.07 , 486.80 , 9.74 , 4493.20 , 0.05
481.94 , 486.80 , 4.87 , 4493.20 , 0.02
481.94 , 491.67 , 9.74 , 4488.33 , 0.05
481.94 , 491.67 , 9.74 , 4488.33 , 0.05
481.94 , 496.54 , 14.60 , 4483.46 , 0.07
481.94 , 501.41 , 19.47 , 4478.59 , 0.10
481.94 , 496.54 , 14.60 , 4483.46 , 0.07
486.80 , 501.41 , 14.60 , 4478.59 , 0.07
486.80 , 506.28 , 19.47 , 4473.72 , 0.10
486.80 , 506.28 , 19.47 , 4473.72 , 0.10
486.80 , 506.28 , 19.47 , 4473.72 , 0.10
496.54 , 511.14 , 14.60 , 4468.86 , 0.07
496.54 , 511.14 , 14.60 , 4468.86 , 0.07
491.67 , 506.28 , 14.60 , 4473.72 , 0.07
496.54 , 511.14 , 14.60 , 4468.86 , 0.07
496.54 , 516.01 , 19.47 , 4463.99 , 0.10
491.67 , 511.14 , 19.47 , 4468.86 , 0.10
496.54 , 516.01 , 19.47 , 4463.99 , 0.10
496.54 , 516.01 , 19.47 , 4463.99 , 0.10
496.54 , 520.88 , 24.34 , 4459.12 , 0.12
496.54 , 520.88 , 24.34 , 4459.12 , 0.12
501.41 , 520.88 , 19.47 , 4459.12 , 0.10
501.41 , 516.01 , 14.60 , 4463.99 , 0.07
506.28 , 520.88 , 14.60 , 4459.12 , 0.07
501.41 , 520.88 , 19.47 , 4459.12 , 0.10
501.41 , 525.75 , 24.34 , 4454.25 , 0.12
501.41 , 525.75 , 24.34 , 4454.25 , 0.12
506.28 , 525.75 , 19.47 , 4454.25 , 0.10
506.28 , 530.62 , 24.34 , 4449.38 , 0.12
506.28 , 525.75 , 19.47 , 4454.25 , 0.10
506.28 , 530.62 , 24.34 , 4449.38 , 0.12
506.28 , 530.62 , 24.34 , 4449.38 , 0.12
511.14 , 530.62 , 19.47 , 4449.38 , 0.10
511.14 , 535.48 , 24.34 , 4444.52 , 0.12
511.14 , 530.62 , 19.47 , 4449.38 , 0.10
506.28 , 535.48 , 29.21 , 4444.52 , 0.15
506.28 , 540.35 , 34.08 , 4439.65 , 0.17
511.14 , 535.48 , 24.34 , 4444.52 , 0.12
506.28 , 535.48 , 29.21 , 4444.52 , 0.15
506.28 , 540.35 , 34.08 , 4439.65 , 0.17
511.14 , 535.48 , 24.34 , 4444.52 , 0.12
516.01 , 540.35 , 24.34 , 4439.65 , 0.12
511.14 , 540.35 , 29.21 , 4439.65 , 0.15
516.01 , 545.22 , 29.21 , 4434.78 , 0.15
511.14 , 545.22 , 34.08 , 4434.78 , 0.17
516.01 , 545.22 , 29.21 , 4434.78 , 0.15
516.01 , 550.09 , 34.08 , 4429.91 , 0.17
516.01 , 550.09 , 34.08 , 4429.91 , 0.17
511.14 , 550.09 , 38.94 , 4429.91 , 0.19
520.88 , 550.09 , 29.21 , 4429.91 , 0.15
516.01 , 554.96 , 38.94 , 4425.04 , 0.19
520.88 , 554.96 , 34.08 , 4425.04 , 0.17
520.88 , 559.82 , 38.94 , 4420.18 , 0.19
520.88 , 559.82 , 38.94 , 4420.18 , 0.19
520.88 , 559.82 , 38.94 , 4420.18 , 0.19
520.88 , 564.69 , 43.81 , 4415.31 , 0.22
516.01 , 559.82 , 43.81 , 4420.18 , 0.22
520.88 , 569.56 , 48.68 , 4410.44 , 0.24
525.75 , 569.56 , 43.81 , 4410.44 , 0.22
520.88 , 569.56 , 48.68 , 4410.44 , 0.24
525.75 , 569.56 , 43.81 , 4410.44 , 0.22
525.75 , 574.43 , 48.68 , 4405.57 , 0.24
525.75 , 574.43 , 48.68 , 4405.57 , 0.24
525.75 , 574.43 , 48.68 , 4405.57 , 0.24
525.75 , 579.30 , 53.55 , 4400.70 , 0.27
525.75 , 579.30 , 53.55 , 4400.70 , 0.27
525.75 , 579.30 , 53.55 , 4400.70 , 0.27
530.62 , 589.03 , 58.42 , 4390.97 , 0.29
530.62 , 584.16 , 53.55 , 4395.84 , 0.27
530.62 , 589.03 , 58.42 , 4390.97 , 0.29
530.62 , 593.90 , 63.28 , 4386.10 , 0.32
535.48 , 589.03 , 53.55 , 4390.97 , 0.27
530.62 , 593.90 , 63.28 , 4386.10 , 0.32
535.48 , 598.77 , 63.28 , 4381.23 , 0.32
530.62 , 603.64 , 73.02 , 4376.36 , 0.37
535.48 , 603.64 , 68.15 , 4376.36 , 0.34
535.48 , 608.50 , 73.02 , 4371.50 , 0.37
540.35 , 613.37 , 73.02 , 4366.63 , 0.37
540.35 , 613.37 , 73.02 , 4366.63 , 0.37
545.22 , 618.24 , 73.02 , 4361.76 , 0.37
545.22 , 623.11 , 77.89 , 4356.89 , 0.39
540.35 , 632.84 , 92.49 , 4347.16 , 0.46
545.22 , 632.84 , 87.62 , 4347.16 , 0.44
550.09 , 637.71 , 87.62 , 4342.29 , 0.44
550.09 , 647.45 , 97.36 , 4332.55 , 0.49
550.09 , 652.32 , 102.23 , 4327.68 , 0.51
545.22 , 657.18 , 111.96 , 4322.82 , 0.56
554.96 , 662.05 , 107.10 , 4317.95 , 0.54
550.09 , 671.79 , 121.70 , 4308.21 , 0.61
550.09 , 686.39 , 136.31 , 4293.61 , 0.68
554.96 , 686.39 , 131.44 , 4293.61 , 0.66
559.82 , 696.13 , 136.30 , 4283.87 , 0.68
554.96 , 710.73 , 155.78 , 4269.27 , 0.78
564.69 , 720.47 , 155.78 , 4259.53 , 0.78
569.56 , 735.07 , 165.51 , 4244.93 , 0.83
564.69 , 730.21 , 165.51 , 4249.79 , 0.83
569.56 , 774.02 , 204.46 , 4205.98 , 1.02
574.43 , 793.49 , 219.06 , 4186.51 , 1.10
579.30 , 817.83 , 238.53 , 4162.17 , 1.19
584.16 , 851.91 , 267.74 , 4128.09 , 1.34
589.03 , 890.85 , 301.82 , 4089.15 , 1.51
593.90 , 949.27 , 355.37 , 4030.73 , 1.78
598.77 , 1017.42 , 418.65 , 3962.58 , 2.09
613.37 , 1109.91 , 496.54 , 3870.09 , 2.48
623.11 , 1255.95 , 632.84 , 3724.05 , 3.16
642.58 , 1509.09 , 866.51 , 3470.91 , 4.33
676.66 , 2044.57 , 1367.92 , 2935.43 , 6.84
764.28 , 4064.81 , 3300.53 , 915.19 , 16.50
764.28 , 4069.68 , 3305.40 , 910.32 , 16.53
