68.15 , 68.15 , 0.00 , 4911.85 , 0.00
107.10 , 102.23 , -4.87 , 4877.77 , -0.02
146.04 , 146.04 , 0.00 , 4833.96 , 0.00
184.99 , 184.99 , 0.00 , 4795.01 , 0.00
223.93 , 228.80 , 4.87 , 4751.20 , 0.02
262.87 , 262.87 , 0.00 , 4717.13 , 0.00
306.69 , 301.82 , -4.87 , 4678.18 , -0.02
340.76 , 335.89 , -4.87 , 4644.11 , -0.02
379.71 , 374.84 , -4.87 , 4605.16 , -0.02
408.91 , 389.44 , -19.47 , 4590.56 , -0.10
423.52 , 418.65 , -4.87 , 4561.35 , -0.02
438.12 , 438.12 , 0.00 , 4541.88 , 0.00
447.86 , 452.73 , 4.87 , 4527.27 , 0.02
457.60 , 452.73 , -4.87 , 4527.27 , -0.02
457.60 , 467.33 , 9.74 , 4512.67 , 0.05
467.33 , 472.20 , 4.87 , 4507.80 , 0.02
472.20 , 477.07 , 4.87 , 4502.93 , 0.02
472.20 , 481.94 , 9.74 , 4498.06 , 0.05
472.20 , 486.80 , 14.60 , 4493.20 , 0.07
481.94 , 486.80 , 4.87 , 4493.20 , 0.02
481.94 , 486.80 , 4.87 , 4493.20 , 0.02
486.80 , 496.54 , 9.74 , 4483.46 , 0.05
481.94 , 496.54 , 14.60 , 4483.46 , 0.07
481.94 , 496.54 , 14.60 , 4483.46 , 0.07
481.94 , 496.54 , 14.60 , 4483.46 , 0.07
486.80 , 501.41 , 14.60 , 4478.59 , 0.07
491.67 , 506.28 , 14.60 , 4473.72 , 0.07
486.80 , 506.28 , 19.47 , 4473.72 , 0.10
491.67 , 506.28 , 14.60 , 4473.72 , 0.07
491.67 , 506.28 , 14.60 , 4473.72 , 0.07
491.67 , 511.14 , 19.47 , 4468.86 , 0.10
496.54 , 506.28 , 9.74 , 4473.72 , 0.05
496.54 , 511.14 , 14.60 , 4468.86 , 0.07
491.67 , 516.01 , 24.34 , 4463.99 , 0.12
496.54 , 511.14 , 14.60 , 4468.86 , 0.07
496.54 , 516.01 , 19.47 , 4463.99 , 0.10
496.54 , 516.01 , 19.47 , 4463.99 , 0.10
496.54 , 520.88 , 24.34 , 4459.12 , 0.12
501.41 , 516.01 , 14.60 , 4463.99 , 0.07
501.41 , 525.75 , 24.34 , 4454.25 , 0.12
501.41 , 520.88 , 19.47 , 4459.12 , 0.10
501.41 , 520.88 , 19.47 , 4459.12 , 0.10
506.28 , 525.75 , 19.47 , 4454.25 , 0.10
506.28 , 525.75 , 19.47 , 4454.25 , 0.10
506.28 , 530.62 , 24.34 , 4449.38 , 0.12
501.41 , 525.75 , 24.34 , 4454.25 , 0.12
501.41 , 530.62 , 29.21 , 4449.38 , 0.15
506.28 , 535.48 , 29.21 , 4444.52 , 0.15
506.28 , 530.62 , 24.34 , 4449.38 , 0.12
511.14 , 535.48 , 24.34 , 4444.52 , 0.12
506.28 , 530.62 , 24.34 , 4449.38 , 0.12
511.14 , 535.48 , 24.34 , 4444.52 , 0.12
511.14 , 535.48 , 24.34 , 4444.52 , 0.12
511.14 , 535.48 , 24.34 , 4444.52 , 0.12
506.28 , 540.35 , 34.08 , 4439.65 , 0.17
511.14 , 540.35 , 29.21 , 4439.65 , 0.15
511.14 , 540.35 , 29.21 , 4439.65 , 0.15
516.01 , 540.35 , 24.34 , 4439.65 , 0.12
511.14 , 540.35 , 29.21 , 4439.65 , 0.15
516.01 , 540.35 , 24.34 , 4439.65 , 0.12
511.14 , 545.22 , 34.08 , 4434.78 , 0.17
511.14 , 540.35 , 29.21 , 4439.65 , 0.15
516.01 , 545.22 , 29.21 , 4434.78 , 0.15
516.01 , 545.22 , 29.21 , 4434.78 , 0.15
516.01 , 550.09 , 34.08 , 4429.91 , 0.17
516.01 , 550.09 , 34.08 , 4429.91 , 0.17
520.88 , 550.09 , 29.21 , 4429.91 , 0.15
520.88 , 554.96 , 34.08 , 4425.04 , 0.17
516.01 , 554.96 , 38.94 , 4425.04 , 0.19
516.01 , 554.96 , 38.94 , 4425.04 , 0.19
520.88 , 554.96 , 34.08 , 4425.04 , 0.17
520.88 , 554.96 , 34.08 , 4425.04 , 0.17
525.75 , 564.69 , 38.94 , 4415.31 , 0.19
520.88 , 564.69 , 43.81 , 4415.31 , 0.22
525.75 , 564.69 , 38.94 , 4415.31 , 0.19
525.75 , 564.69 , 38.94 , 4415.31 , 0.19
520.88 , 569.56 , 48.68 , 4410.44 , 0.24
520.88 , 569.56 , 48.68 , 4410.44 , 0.24
525.75 , 574.43 , 48.68 , 4405.57 , 0.24
530.62 , 574.43 , 43.81 , 4405.57 , 0.22
530.62 , 574.43 , 43.81 , 4405.57 , 0.22
530.62 , 574.43 , 43.81 , 4405.57 , 0.22
525.75 , 584.16 , 58.42 , 4395.84 , 0.29
525.75 , 584.16 , 58.42 , 4395.84 , 0.29
530.62 , 579.30 , 48.68 , 4400.70 , 0.24
530.62 , 584.16 , 53.55 , 4395.84 , 0.27
530.62 , 589.03 , 58.42 , 4390.97 , 0.29
530.62 , 589.03 , 58.42 , 4390.97 , 0.29
530.62 , 584.16 , 53.55 , 4395.84 , 0.27
530.62 , 593.90 , 63.28 , 4386.10 , 0.32
535.48 , 593.90 , 58.42 , 4386.10 , 0.29
540.35 , 603.64 , 63.28 , 4376.36 , 0.32
535.48 , 603.64 , 68.15 , 4376.36 , 0.34
535.48 , 608.50 , 73.02 , 4371.50 , 0.37
540.35 , 608.50 , 68.15 , 4371.50 , 0.34
540.35 , 608.50 , 68.15 , 4371.50 , 0.34
540.35 , 613.37 , 73.02 , 4366.63 , 0.37
545.22 , 618.24 , 73.02 , 4361.76 , 0.37
545.22 , 623.11 , 77.89 , 4356.89 , 0.39
550.09 , 627.98 , 77.89 , 4352.02 , 0.39
545.22 , 632.84 , 87.62 , 4347.16 , 0.44
545.22 , 632.84 , 87.62 , 4347.16 , 0.44
550.09 , 642.58 , 92.49 , 4337.42 , 0.46
550.09 , 647.45 , 97.36 , 4332.55 , 0.49
550.09 , 652.32 , 102.23 , 4327.68 , 0.51
554.96 , 662.05 , 107.10 , 4317.95 , 0.54
550.09 , 666.92 , 116.83 , 4313.08 , 0.58
554.96 , 671.79 , 116.83 , 4308.21 , 0.58
554.96 , 676.66 , 121.70 , 4303.34 , 0.61
559.82 , 686.39 , 126.57 , 4293.61 , 0.63
564.69 , 701.00 , 136.30 , 4279.00 , 0.68
564.69 , 710.73 , 146.04 , 4269.27 , 0.73
564.69 , 725.34 , 160.65 , 4254.66 , 0.80
569.56 , 739.94 , 170.38 , 4240.06 , 0.85
574.43 , 749.68 , 175.25 , 4230.32 , 0.88
574.43 , 774.02 , 199.59 , 4205.98 , 1.00
574.43 , 793.49 , 219.06 , 4186.51 , 1.10
579.30 , 822.70 , 243.40 , 4157.30 , 1.22
584.16 , 856.77 , 272.61 , 4123.23 , 1.36
593.90 , 895.72 , 301.82 , 4084.28 , 1.51
598.77 , 944.40 , 345.63 , 4035.60 , 1.73
603.64 , 1017.42 , 413.78 , 3962.58 , 2.07
613.37 , 1109.91 , 496.54 , 3870.09 , 2.48
623.11 , 1255.95 , 632.84 , 3724.05 , 3.16
647.45 , 1509.09 , 861.64 , 3470.91 , 4.31
671.79 , 2044.57 , 1372.79 , 2935.43 , 6.86
764.28 , 4050.21 , 3285.92 , 929.79 , 16.43
764.28 , 4050.21 , 3285.92 , 929.79 , 16.43
