68.15 , 68.15 , 0.00 , 4911.85 , 0.00
107.10 , 102.23 , -4.87 , 4877.77 , -0.02
146.04 , 146.04 , 0.00 , 4833.96 , 0.00
184.99 , 189.85 , 4.87 , 4790.15 , 0.02
228.80 , 219.06 , -9.74 , 4760.94 , -0.05
262.87 , 262.87 , 0.00 , 4717.13 , 0.00
292.08 , 321.29 , 29.21 , 4658.71 , 0.15
345.63 , 335.89 , -9.74 , 4644.11 , -0.05
374.84 , 379.71 , 4.87 , 4600.29 , 0.02
404.05 , 404.05 , 0.00 , 4575.95 , 0.00
423.52 , 423.52 , 0.00 , 4556.48 , 0.00
438.12 , 438.12 , 0.00 , 4541.88 , 0.00
442.99 , 447.86 , 4.87 , 4532.14 , 0.02
447.86 , 462.46 , 14.60 , 4517.54 , 0.07
457.60 , 462.46 , 4.87 , 4517.54 , 0.02
462.46 , 472.20 , 9.74 , 4507.80 , 0.05
467.33 , 472.20 , 4.87 , 4507.80 , 0.02
472.20 , 472.20 , 0.00 , 4507.80 , 0.00
477.07 , 486.80 , 9.74 , 4493.20 , 0.05
477.07 , 486.80 , 9.74 , 4493.20 , 0.05
481.94 , 486.80 , 4.87 , 4493.20 , 0.02
486.80 , 496.54 , 9.74 , 4483.46 , 0.05
481.94 , 491.67 , 9.74 , 4488.33 , 0.05
486.80 , 496.54 , 9.74 , 4483.46 , 0.05
481.94 , 501.41 , 19.47 , 4478.59 , 0.10
486.80 , 501.41 , 14.60 , 4478.59 , 0.07
491.67 , 511.14 , 19.47 , 4468.86 , 0.10
486.80 , 506.28 , 19.47 , 4473.72 , 0.10
496.54 , 511.14 , 14.60 , 4468.86 , 0.07
496.54 , 506.28 , 9.74 , 4473.72 , 0.05
491.67 , 511.14 , 19.47 , 4468.86 , 0.10
496.54 , 511.14 , 14.60 , 4468.86 , 0.07
496.54 , 511.14 , 14.60 , 4468.86 , 0.07
501.41 , 511.14 , 9.74 , 4468.86 , 0.05
496.54 , 516.01 , 19.47 , 4463.99 , 0.10
496.54 , 511.14 , 14.60 , 4468.86 , 0.07
496.54 , 516.01 , 19.47 , 4463.99 , 0.10
496.54 , 516.01 , 19.47 , 4463.99 , 0.10
496.54 , 516.01 , 19.47 , 4463.99 , 0.10
496.54 , 516.01 , 19.47 , 4463.99 , 0.10
496.54 , 520.88 , 24.34 , 4459.12 , 0.12
501.41 , 525.75 , 24.34 , 4454.25 , 0.12
506.28 , 525.75 , 19.47 , 4454.25 , 0.10
506.28 , 525.75 , 19.47 , 4454.25 , 0.10
506.28 , 525.75 , 19.47 , 4454.25 , 0.10
506.28 , 530.62 , 24.34 , 4449.38 , 0.12
506.28 , 530.62 , 24.34 , 4449.38 , 0.12
506.28 , 530.62 , 24.34 , 4449.38 , 0.12
506.28 , 530.62 , 24.34 , 4449.38 , 0.12
511.14 , 535.48 , 24.34 , 4444.52 , 0.12
506.28 , 535.48 , 29.21 , 4444.52 , 0.15
506.28 , 530.62 , 24.34 , 4449.38 , 0.12
506.28 , 535.48 , 29.21 , 4444.52 , 0.15
511.14 , 535.48 , 24.34 , 4444.52 , 0.12
511.14 , 535.48 , 24.34 , 4444.52 , 0.12
516.01 , 540.35 , 24.34 , 4439.65 , 0.12
516.01 , 540.35 , 24.34 , 4439.65 , 0.12
511.14 , 540.35 , 29.21 , 4439.65 , 0.15
511.14 , 540.35 , 29.21 , 4439.65 , 0.15
516.01 , 540.35 , 24.34 , 4439.65 , 0.12
511.14 , 545.22 , 34.08 , 4434.78 , 0.17
516.01 , 545.22 , 29.21 , 4434.78 , 0.15
520.88 , 550.09 , 29.21 , 4429.91 , 0.15
511.14 , 550.09 , 38.94 , 4429.91 , 0.19
516.01 , 550.09 , 34.08 , 4429.91 , 0.17
516.01 , 550.09 , 34.08 , 4429.91 , 0.17
516.01 , 550.09 , 34.08 , 4429.91 , 0.17
520.88 , 554.96 , 34.08 , 4425.04 , 0.17
516.01 , 550.09 , 34.08 , 4429.91 , 0.17
520.88 , 554.96 , 34.08 , 4425.04 , 0.17
516.01 , 554.96 , 38.94 , 4425.04 , 0.19
520.88 , 559.82 , 38.94 , 4420.18 , 0.19
520.88 , 559.82 , 38.94 , 4420.18 , 0.19
525.75 , 564.69 , 38.94 , 4415.31 , 0.19
525.75 , 559.82 , 34.08 , 4420.18 , 0.17
520.88 , 569.56 , 48.68 , 4410.44 , 0.24
520.88 , 564.69 , 43.81 , 4415.31 , 0.22
520.88 , 564.69 , 43.81 , 4415.31 , 0.22
520.88 , 569.56 , 48.68 , 4410.44 , 0.24
525.75 , 569.56 , 43.81 , 4410.44 , 0.22
525.75 , 574.43 , 48.68 , 4405.57 , 0.24
530.62 , 569.56 , 38.94 , 4410.44 , 0.19
525.75 , 574.43 , 48.68 , 4405.57 , 0.24
525.75 , 579.30 , 53.55 , 4400.70 , 0.27
525.75 , 579.30 , 53.55 , 4400.70 , 0.27
525.75 , 579.30 , 53.55 , 4400.70 , 0.27
530.62 , 589.03 , 58.42 , 4390.97 , 0.29
530.62 , 593.90 , 63.28 , 4386.10 , 0.32
530.62 , 593.90 , 63.28 , 4386.10 , 0.32
535.48 , 593.90 , 58.42 , 4386.10 , 0.29
535.48 , 593.90 , 58.42 , 4386.10 , 0.29
535.48 , 598.77 , 63.28 , 4381.23 , 0.32
535.48 , 603.64 , 68.15 , 4376.36 , 0.34
540.35 , 603.64 , 63.28 , 4376.36 , 0.32
535.48 , 608.50 , 73.02 , 4371.50 , 0.37
540.35 , 613.37 , 73.02 , 4366.63 , 0.37
540.35 , 613.37 , 73.02 , 4366.63 , 0.37
545.22 , 618.24 , 73.02 , 4361.76 , 0.37
545.22 , 623.11 , 77.89 , 4356.89 , 0.39
545.22 , 627.98 , 82.76 , 4352.02 , 0.41
545.22 , 632.84 , 87.62 , 4347.16 , 0.44
545.22 , 632.84 , 87.62 , 4347.16 , 0.44
545.22 , 637.71 , 92.49 , 4342.29 , 0.46
550.09 , 647.45 , 97.36 , 4332.55 , 0.49
550.09 , 657.18 , 107.10 , 4322.82 , 0.54
550.09 , 662.05 , 111.96 , 4317.95 , 0.56
554.96 , 666.92 , 111.96 , 4313.08 , 0.56
554.96 , 676.66 , 121.70 , 4303.34 , 0.61
554.96 , 681.52 , 126.57 , 4298.47 , 0.63
554.96 , 691.26 , 136.30 , 4288.74 , 0.68
559.82 , 701.00 , 141.17 , 4279.00 , 0.71
564.69 , 710.73 , 146.04 , 4269.27 , 0.73
569.56 , 725.34 , 155.78 , 4254.66 , 0.78
569.56 , 739.94 , 170.38 , 4240.06 , 0.85
569.56 , 754.55 , 184.99 , 4225.45 , 0.92
574.43 , 774.02 , 199.59 , 4205.98 , 1.00
574.43 , 788.62 , 214.19 , 4191.38 , 1.07
584.16 , 817.83 , 233.67 , 4162.17 , 1.17
584.16 , 856.77 , 272.61 , 4123.23 , 1.36
584.16 , 895.72 , 311.55 , 4084.28 , 1.56
598.77 , 944.40 , 345.63 , 4035.60 , 1.73
603.64 , 1017.42 , 413.78 , 3962.58 , 2.07
613.37 , 1105.04 , 491.67 , 3874.96 , 2.46
623.11 , 1255.95 , 632.84 , 3724.05 , 3.16
647.45 , 1509.09 , 861.64 , 3470.91 , 4.31
676.66 , 2044.57 , 1367.92 , 2935.43 , 6.84
764.28 , 4055.07 , 3290.79 , 924.93 , 16.45
764.28 , 4055.07 , 3290.79 , 924.93 , 16.45
