68.15 , 63.28 , -4.87 , 4916.72 , -0.02
107.10 , 107.10 , 0.00 , 4872.90 , 0.00
146.04 , 146.04 , 0.00 , 4833.96 , 0.00
184.99 , 184.99 , 0.00 , 4795.01 , 0.00
223.93 , 214.19 , -9.74 , 4765.81 , -0.05
267.74 , 262.87 , -4.87 , 4717.13 , -0.02
301.82 , 306.69 , 4.87 , 4673.31 , 0.02
340.76 , 340.76 , 0.00 , 4639.24 , 0.00
374.84 , 379.71 , 4.87 , 4600.29 , 0.02
399.18 , 399.18 , 0.00 , 4580.82 , 0.00
423.52 , 423.52 , 0.00 , 4556.48 , 0.00
408.91 , 447.86 , 38.94 , 4532.14 , 0.19
447.86 , 452.73 , 4.87 , 4527.27 , 0.02
452.73 , 452.73 , 0.00 , 4527.27 , 0.00
462.46 , 462.46 , 0.00 , 4517.54 , 0.00
462.46 , 472.20 , 9.74 , 4507.80 , 0.05
472.20 , 477.07 , 4.87 , 4502.93 , 0.02
467.33 , 477.07 , 9.74 , 4502.93 , 0.05
477.07 , 486.80 , 9.74 , 4493.20 , 0.05
477.07 , 486.80 , 9.74 , 4493.20 , 0.05
481.94 , 486.80 , 4.87 , 4493.20 , 0.02
467.33 , 496.54 , 29.21 , 4483.46 , 0.15
486.80 , 491.67 , 4.87 , 4488.33 , 0.02
481.94 , 496.54 , 14.60 , 4483.46 , 0.07
486.80 , 501.41 , 14.60 , 4478.59 , 0.07
491.67 , 506.28 , 14.60 , 4473.72 , 0.07
491.67 , 501.41 , 9.74 , 4478.59 , 0.05
491.67 , 501.41 , 9.74 , 4478.59 , 0.05
496.54 , 506.28 , 9.74 , 4473.72 , 0.05
496.54 , 511.14 , 14.60 , 4468.86 , 0.07
491.67 , 511.14 , 19.47 , 4468.86 , 0.10
491.67 , 511.14 , 19.47 , 4468.86 , 0.10
496.54 , 511.14 , 14.60 , 4468.86 , 0.07
496.54 , 511.14 , 14.60 , 4468.86 , 0.07
496.54 , 516.01 , 19.47 , 4463.99 , 0.10
501.41 , 516.01 , 14.60 , 4463.99 , 0.07
501.41 , 520.88 , 19.47 , 4459.12 , 0.10
501.41 , 516.01 , 14.60 , 4463.99 , 0.07
501.41 , 516.01 , 14.60 , 4463.99 , 0.07
501.41 , 520.88 , 19.47 , 4459.12 , 0.10
501.41 , 525.75 , 24.34 , 4454.25 , 0.12
501.41 , 525.75 , 24.34 , 4454.25 , 0.12
501.41 , 520.88 , 19.47 , 4459.12 , 0.10
506.28 , 525.75 , 19.47 , 4454.25 , 0.10
506.28 , 525.75 , 19.47 , 4454.25 , 0.10
501.41 , 525.75 , 24.34 , 4454.25 , 0.12
506.28 , 525.75 , 19.47 , 4454.25 , 0.10
506.28 , 530.62 , 24.34 , 4449.38 , 0.12
506.28 , 530.62 , 24.34 , 4449.38 , 0.12
511.14 , 535.48 , 24.34 , 4444.52 , 0.12
506.28 , 535.48 , 29.21 , 4444.52 , 0.15
506.28 , 535.48 , 29.21 , 4444.52 , 0.15
511.14 , 530.62 , 19.47 , 4449.38 , 0.10
511.14 , 540.35 , 29.21 , 4439.65 , 0.15
511.14 , 535.48 , 24.34 , 4444.52 , 0.12
516.01 , 540.35 , 24.34 , 4439.65 , 0.12
511.14 , 540.35 , 29.21 , 4439.65 , 0.15
511.14 , 545.22 , 34.08 , 4434.78 , 0.17
516.01 , 540.35 , 24.34 , 4439.65 , 0.12
511.14 , 545.22 , 34.08 , 4434.78 , 0.17
516.01 , 540.35 , 24.34 , 4439.65 , 0.12
516.01 , 545.22 , 29.21 , 4434.78 , 0.15
506.28 , 545.22 , 38.94 , 4434.78 , 0.19
516.01 , 550.09 , 34.08 , 4429.91 , 0.17
516.01 , 545.22 , 29.21 , 4434.78 , 0.15
516.01 , 550.09 , 34.08 , 4429.91 , 0.17
520.88 , 550.09 , 29.21 , 4429.91 , 0.15
516.01 , 554.96 , 38.94 , 4425.04 , 0.19
520.88 , 554.96 , 34.08 , 4425.04 , 0.17
520.88 , 554.96 , 34.08 , 4425.04 , 0.17
520.88 , 554.96 , 34.08 , 4425.04 , 0.17
520.88 , 559.82 , 38.94 , 4420.18 , 0.19
520.88 , 559.82 , 38.94 , 4420.18 , 0.19
520.88 , 564.69 , 43.81 , 4415.31 , 0.22
520.88 , 564.69 , 43.81 , 4415.31 , 0.22
525.75 , 569.56 , 43.81 , 4410.44 , 0.22
520.88 , 564.69 , 43.81 , 4415.31 , 0.22
525.75 , 569.56 , 43.81 , 4410.44 , 0.22
525.75 , 569.56 , 43.81 , 4410.44 , 0.22
520.88 , 569.56 , 48.68 , 4410.44 , 0.24
530.62 , 579.30 , 48.68 , 4400.70 , 0.24
525.75 , 579.30 , 53.55 , 4400.70 , 0.27
530.62 , 579.30 , 48.68 , 4400.70 , 0.24
530.62 , 579.30 , 48.68 , 4400.70 , 0.24
530.62 , 574.43 , 43.81 , 4405.57 , 0.22
525.75 , 584.16 , 58.42 , 4395.84 , 0.29
525.75 , 584.16 , 58.42 , 4395.84 , 0.29
535.48 , 589.03 , 53.55 , 4390.97 , 0.27
535.48 , 589.03 , 53.55 , 4390.97 , 0.27
535.48 , 593.90 , 58.42 , 4386.10 , 0.29
530.62 , 589.03 , 58.42 , 4390.97 , 0.29
535.48 , 598.77 , 63.28 , 4381.23 , 0.32
535.48 , 603.64 , 68.15 , 4376.36 , 0.34
535.48 , 603.64 , 68.15 , 4376.36 , 0.34
535.48 , 608.50 , 73.02 , 4371.50 , 0.37
535.48 , 613.37 , 77.89 , 4366.63 , 0.39
540.35 , 613.37 , 73.02 , 4366.63 , 0.37
540.35 , 618.24 , 77.89 , 4361.76 , 0.39
545.22 , 627.98 , 82.76 , 4352.02 , 0.41
545.22 , 623.11 , 77.89 , 4356.89 , 0.39
545.22 , 627.98 , 82.76 , 4352.02 , 0.41
545.22 , 632.84 , 87.62 , 4347.16 , 0.44
550.09 , 642.58 , 92.49 , 4337.42 , 0.46
550.09 , 652.32 , 102.23 , 4327.68 , 0.51
550.09 , 647.45 , 97.36 , 4332.55 , 0.49
550.09 , 662.05 , 111.96 , 4317.95 , 0.56
554.96 , 671.79 , 116.83 , 4308.21 , 0.58
554.96 , 676.66 , 121.70 , 4303.34 , 0.61
554.96 , 686.39 , 131.44 , 4293.61 , 0.66
559.82 , 691.26 , 131.44 , 4288.74 , 0.66
554.96 , 701.00 , 146.04 , 4279.00 , 0.73
559.82 , 710.73 , 150.91 , 4269.27 , 0.75
564.69 , 725.34 , 160.65 , 4254.66 , 0.80
564.69 , 739.94 , 175.25 , 4240.06 , 0.88
564.69 , 744.81 , 180.12 , 4235.19 , 0.90
579.30 , 774.02 , 194.72 , 4205.98 , 0.97
574.43 , 798.36 , 223.93 , 4181.64 , 1.12
579.30 , 817.83 , 238.53 , 4162.17 , 1.19
584.16 , 851.91 , 267.74 , 4128.09 , 1.34
593.90 , 895.72 , 301.82 , 4084.28 , 1.51
593.90 , 949.27 , 355.37 , 4030.73 , 1.78
603.64 , 1012.55 , 408.91 , 3967.45 , 2.04
613.37 , 1109.91 , 496.54 , 3870.09 , 2.48
623.11 , 1255.95 , 632.84 , 3724.05 , 3.16
642.58 , 1509.09 , 866.51 , 3470.91 , 4.33
676.66 , 2044.57 , 1367.92 , 2935.43 , 6.84
769.15 , 4050.21 , 3281.06 , 929.79 , 16.41
759.41 , 4055.07 , 3295.66 , 924.93 , 16.48
