73.02 , 68.15 , -4.87 , 4911.85 , -0.02
102.23 , 107.10 , 4.87 , 4872.90 , 0.02
146.04 , 150.91 , 4.87 , 4829.09 , 0.02
180.12 , 180.12 , 0.00 , 4799.88 , 0.00
223.93 , 223.93 , 0.00 , 4756.07 , 0.00
267.74 , 267.74 , 0.00 , 4712.26 , 0.00
311.55 , 301.82 , -9.74 , 4678.18 , -0.05
340.76 , 340.76 , 0.00 , 4639.24 , 0.00
379.71 , 379.71 , 0.00 , 4600.29 , 0.00
404.05 , 399.18 , -4.87 , 4580.82 , -0.02
423.52 , 423.52 , 0.00 , 4556.48 , 0.00
438.12 , 438.12 , 0.00 , 4541.88 , 0.00
447.86 , 452.73 , 4.87 , 4527.27 , 0.02
452.73 , 457.60 , 4.87 , 4522.40 , 0.02
457.60 , 462.46 , 4.87 , 4517.54 , 0.02
462.46 , 472.20 , 9.74 , 4507.80 , 0.05
472.20 , 477.07 , 4.87 , 4502.93 , 0.02
472.20 , 477.07 , 4.87 , 4502.93 , 0.02
477.07 , 486.80 , 9.74 , 4493.20 , 0.05
477.07 , 491.67 , 14.60 , 4488.33 , 0.07
481.94 , 491.67 , 9.74 , 4488.33 , 0.05
481.94 , 496.54 , 14.60 , 4483.46 , 0.07
481.94 , 496.54 , 14.60 , 4483.46 , 0.07
486.80 , 501.41 , 14.60 , 4478.59 , 0.07
486.80 , 501.41 , 14.60 , 4478.59 , 0.07
486.80 , 506.28 , 19.47 , 4473.72 , 0.10
486.80 , 501.41 , 14.60 , 4478.59 , 0.07
491.67 , 511.14 , 19.47 , 4468.86 , 0.10
491.67 , 506.28 , 14.60 , 4473.72 , 0.07
491.67 , 506.28 , 14.60 , 4473.72 , 0.07
496.54 , 506.28 , 9.74 , 4473.72 , 0.05
496.54 , 511.14 , 14.60 , 4468.86 , 0.07
501.41 , 511.14 , 9.74 , 4468.86 , 0.05
496.54 , 516.01 , 19.47 , 4463.99 , 0.10
501.41 , 516.01 , 14.60 , 4463.99 , 0.07
491.67 , 516.01 , 24.34 , 4463.99 , 0.12
501.41 , 520.88 , 19.47 , 4459.12 , 0.10
496.54 , 520.88 , 24.34 , 4459.12 , 0.12
501.41 , 516.01 , 14.60 , 4463.99 , 0.07
501.41 , 520.88 , 19.47 , 4459.12 , 0.10
496.54 , 516.01 , 19.47 , 4463.99 , 0.10
501.41 , 525.75 , 24.34 , 4454.25 , 0.12
501.41 , 525.75 , 24.34 , 4454.25 , 0.12
506.28 , 525.75 , 19.47 , 4454.25 , 0.10
506.28 , 530.62 , 24.34 , 4449.38 , 0.12
506.28 , 525.75 , 19.47 , 4454.25 , 0.10
506.28 , 530.62 , 24.34 , 4449.38 , 0.12
506.28 , 525.75 , 19.47 , 4454.25 , 0.10
506.28 , 535.48 , 29.21 , 4444.52 , 0.15
506.28 , 535.48 , 29.21 , 4444.52 , 0.15
506.28 , 535.48 , 29.21 , 4444.52 , 0.15
511.14 , 530.62 , 19.47 , 4449.38 , 0.10
506.28 , 535.48 , 29.21 , 4444.52 , 0.15
511.14 , 535.48 , 24.34 , 4444.52 , 0.12
506.28 , 540.35 , 34.08 , 4439.65 , 0.17
511.14 , 540.35 , 29.21 , 4439.65 , 0.15
511.14 , 540.35 , 29.21 , 4439.65 , 0.15
516.01 , 540.35 , 24.34 , 4439.65 , 0.12
516.01 , 545.22 , 29.21 , 4434.78 , 0.15
511.14 , 545.22 , 34.08 , 4434.78 , 0.17
511.14 , 545.22 , 34.08 , 4434.78 , 0.17
516.01 , 545.22 , 29.21 , 4434.78 , 0.15
511.14 , 545.22 , 34.08 , 4434.78 , 0.17
516.01 , 545.22 , 29.21 , 4434.78 , 0.15
511.14 , 550.09 , 38.94 , 4429.91 , 0.19
516.01 , 545.22 , 29.21 , 4434.78 , 0.15
516.01 , 550.09 , 34.08 , 4429.91 , 0.17
520.88 , 554.96 , 34.08 , 4425.04 , 0.17
520.88 , 559.82 , 38.94 , 4420.18 , 0.19
516.01 , 559.82 , 43.81 , 4420.18 , 0.22
520.88 , 559.82 , 38.94 , 4420.18 , 0.19
525.75 , 559.82 , 34.08 , 4420.18 , 0.17
525.75 , 559.82 , 34.08 , 4420.18 , 0.17
520.88 , 559.82 , 38.94 , 4420.18 , 0.19
520.88 , 559.82 , 38.94 , 4420.18 , 0.19
520.88 , 564.69 , 43.81 , 4415.31 , 0.22
520.88 , 569.56 , 48.68 , 4410.44 , 0.24
525.75 , 564.69 , 38.94 , 4415.31 , 0.19
525.75 , 569.56 , 43.81 , 4410.44 , 0.22
525.75 , 569.56 , 43.81 , 4410.44 , 0.22
520.88 , 574.43 , 53.55 , 4405.57 , 0.27
530.62 , 579.30 , 48.68 , 4400.70 , 0.24
530.62 , 574.43 , 43.81 , 4405.57 , 0.22
530.62 , 579.30 , 48.68 , 4400.70 , 0.24
525.75 , 579.30 , 53.55 , 4400.70 , 0.27
530.62 , 584.16 , 53.55 , 4395.84 , 0.27
530.62 , 589.03 , 58.42 , 4390.97 , 0.29
535.48 , 589.03 , 53.55 , 4390.97 , 0.27
535.48 , 593.90 , 58.42 , 4386.10 , 0.29
535.48 , 593.90 , 58.42 , 4386.10 , 0.29
535.48 , 598.77 , 63.28 , 4381.23 , 0.32
530.62 , 603.64 , 73.02 , 4376.36 , 0.37
540.35 , 598.77 , 58.42 , 4381.23 , 0.29
540.35 , 603.64 , 63.28 , 4376.36 , 0.32
535.48 , 608.50 , 73.02 , 4371.50 , 0.37
540.35 , 613.37 , 73.02 , 4366.63 , 0.37
540.35 , 618.24 , 77.89 , 4361.76 , 0.39
540.35 , 618.24 , 77.89 , 4361.76 , 0.39
540.35 , 623.11 , 82.76 , 4356.89 , 0.41
545.22 , 632.84 , 87.62 , 4347.16 , 0.44
545.22 , 632.84 , 87.62 , 4347.16 , 0.44
550.09 , 637.71 , 87.62 , 4342.29 , 0.44
550.09 , 642.58 , 92.49 , 4337.42 , 0.46
554.96 , 652.32 , 97.36 , 4327.68 , 0.49
545.22 , 652.32 , 107.10 , 4327.68 , 0.54
550.09 , 657.18 , 107.10 , 4322.82 , 0.54
554.96 , 666.92 , 111.96 , 4313.08 , 0.56
554.96 , 676.66 , 121.70 , 4303.34 , 0.61
554.96 , 681.52 , 126.57 , 4298.47 , 0.63
559.82 , 686.39 , 126.57 , 4293.61 , 0.63
564.69 , 701.00 , 136.30 , 4279.00 , 0.68
564.69 , 705.87 , 141.17 , 4274.13 , 0.71
569.56 , 725.34 , 155.78 , 4254.66 , 0.78
569.56 , 739.94 , 170.38 , 4240.06 , 0.85
569.56 , 754.55 , 184.99 , 4225.45 , 0.92
574.43 , 769.15 , 194.72 , 4210.85 , 0.97
579.30 , 793.49 , 214.19 , 4186.51 , 1.07
579.30 , 822.70 , 243.40 , 4157.30 , 1.22
589.03 , 856.77 , 267.74 , 4123.23 , 1.34
589.03 , 895.72 , 306.69 , 4084.28 , 1.53
598.77 , 949.27 , 350.50 , 4030.73 , 1.75
598.77 , 1012.55 , 413.78 , 3967.45 , 2.07
613.37 , 1109.91 , 496.54 , 3870.09 , 2.48
627.98 , 1255.95 , 627.98 , 3724.05 , 3.14
647.45 , 1509.09 , 861.64 , 3470.91 , 4.31
676.66 , 2044.57 , 1367.92 , 2935.43 , 6.84
764.28 , 4050.21 , 3285.92 , 929.79 , 16.43
764.28 , 4050.21 , 3285.92 , 929.79 , 16.43
