68.15 , 68.15 , 0.00 , 4911.85 , 0.00
107.10 , 107.10 , 0.00 , 4872.90 , 0.00
146.04 , 146.04 , 0.00 , 4833.96 , 0.00
194.72 , 184.99 , -9.74 , 4795.01 , -0.05
228.80 , 228.80 , 0.00 , 4751.20 , 0.00
262.87 , 262.87 , 0.00 , 4717.13 , 0.00
301.82 , 296.95 , -4.87 , 4683.05 , -0.02
340.76 , 335.89 , -4.87 , 4644.11 , -0.02
374.84 , 374.84 , 0.00 , 4605.16 , 0.00
404.05 , 404.05 , 0.00 , 4575.95 , 0.00
418.65 , 428.39 , 9.74 , 4551.61 , 0.05
438.12 , 438.12 , 0.00 , 4541.88 , 0.00
447.86 , 447.86 , 0.00 , 4532.14 , 0.00
457.60 , 467.33 , 9.74 , 4512.67 , 0.05
462.46 , 467.33 , 4.87 , 4512.67 , 0.02
467.33 , 472.20 , 4.87 , 4507.80 , 0.02
472.20 , 477.07 , 4.87 , 4502.93 , 0.02
472.20 , 477.07 , 4.87 , 4502.93 , 0.02
477.07 , 481.94 , 4.87 , 4498.06 , 0.02
481.94 , 486.80 , 4.87 , 4493.20 , 0.02
481.94 , 486.80 , 4.87 , 4493.20 , 0.02
481.94 , 496.54 , 14.60 , 4483.46 , 0.07
481.94 , 496.54 , 14.60 , 4483.46 , 0.07
486.80 , 501.41 , 14.60 , 4478.59 , 0.07
486.80 , 501.41 , 14.60 , 4478.59 , 0.07
486.80 , 506.28 , 19.47 , 4473.72 , 0.10
486.80 , 501.41 , 14.60 , 4478.59 , 0.07
491.67 , 501.41 , 9.74 , 4478.59 , 0.05
491.67 , 511.14 , 19.47 , 4468.86 , 0.10
486.80 , 506.28 , 19.47 , 4473.72 , 0.10
496.54 , 511.14 , 14.60 , 4468.86 , 0.07
496.54 , 511.14 , 14.60 , 4468.86 , 0.07
491.67 , 511.14 , 19.47 , 4468.86 , 0.10
496.54 , 516.01 , 19.47 , 4463.99 , 0.10
496.54 , 511.14 , 14.60 , 4468.86 , 0.07
501.41 , 516.01 , 14.60 , 4463.99 , 0.07
501.41 , 516.01 , 14.60 , 4463.99 , 0.07
501.41 , 520.88 , 19.47 , 4459.12 , 0.10
496.54 , 520.88 , 24.34 , 4459.12 , 0.12
501.41 , 520.88 , 19.47 , 4459.12 , 0.10
501.41 , 525.75 , 24.34 , 4454.25 , 0.12
506.28 , 525.75 , 19.47 , 4454.25 , 0.10
501.41 , 520.88 , 19.47 , 4459.12 , 0.10
501.41 , 530.62 , 29.21 , 4449.38 , 0.15
501.41 , 525.75 , 24.34 , 4454.25 , 0.12
506.28 , 525.75 , 19.47 , 4454.25 , 0.10
506.28 , 530.62 , 24.34 , 4449.38 , 0.12
506.28 , 535.48 , 29.21 , 4444.52 , 0.15
501.41 , 525.75 , 24.34 , 4454.25 , 0.12
501.41 , 535.48 , 34.08 , 4444.52 , 0.17
506.28 , 530.62 , 24.34 , 4449.38 , 0.12
511.14 , 530.62 , 19.47 , 4449.38 , 0.10
506.28 , 535.48 , 29.21 , 4444.52 , 0.15
516.01 , 535.48 , 19.47 , 4444.52 , 0.10
511.14 , 535.48 , 24.34 , 4444.52 , 0.12
511.14 , 540.35 , 29.21 , 4439.65 , 0.15
511.14 , 540.35 , 29.21 , 4439.65 , 0.15
516.01 , 540.35 , 24.34 , 4439.65 , 0.12
511.14 , 540.35 , 29.21 , 4439.65 , 0.15
511.14 , 545.22 , 34.08 , 4434.78 , 0.17
511.14 , 545.22 , 34.08 , 4434.78 , 0.17
516.01 , 545.22 , 29.21 , 4434.78 , 0.15
516.01 , 545.22 , 29.21 , 4434.78 , 0.15
516.01 , 550.09 , 34.08 , 4429.91 , 0.17
520.88 , 545.22 , 24.34 , 4434.78 , 0.12
516.01 , 550.09 , 34.08 , 4429.91 , 0.17
516.01 , 554.96 , 38.94 , 4425.04 , 0.19
520.88 , 554.96 , 34.08 , 4425.04 , 0.17
516.01 , 554.96 , 38.94 , 4425.04 , 0.19
516.01 , 559.82 , 43.81 , 4420.18 , 0.22
520.88 , 554.96 , 34.08 , 4425.04 , 0.17
516.01 , 559.82 , 43.81 , 4420.18 , 0.22
520.88 , 554.96 , 34.08 , 4425.04 , 0.17
520.88 , 564.69 , 43.81 , 4415.31 , 0.22
525.75 , 564.69 , 38.94 , 4415.31 , 0.19
525.75 , 564.69 , 38.94 , 4415.31 , 0.19
525.75 , 569.56 , 43.81 , 4410.44 , 0.22
525.75 , 569.56 , 43.81 , 4410.44 , 0.22
525.75 , 569.56 , 43.81 , 4410.44 , 0.22
525.75 , 574.43 , 48.68 , 4405.57 , 0.24
525.75 , 574.43 , 48.68 , 4405.57 , 0.24
525.75 , 574.43 , 48.68 , 4405.57 , 0.24
530.62 , 574.43 , 43.81 , 4405.57 , 0.22
525.75 , 574.43 , 48.68 , 4405.57 , 0.24
530.62 , 579.30 , 48.68 , 4400.70 , 0.24
530.62 , 584.16 , 53.55 , 4395.84 , 0.27
535.48 , 584.16 , 48.68 , 4395.84 , 0.24
530.62 , 589.03 , 58.42 , 4390.97 , 0.29
535.48 , 589.03 , 53.55 , 4390.97 , 0.27
535.48 , 589.03 , 53.55 , 4390.97 , 0.27
535.48 , 598.77 , 63.28 , 4381.23 , 0.32
535.48 , 598.77 , 63.28 , 4381.23 , 0.32
530.62 , 598.77 , 68.15 , 4381.23 , 0.34
540.35 , 603.64 , 63.28 , 4376.36 , 0.32
540.35 , 608.50 , 68.15 , 4371.50 , 0.34
540.35 , 613.37 , 73.02 , 4366.63 , 0.37
540.35 , 613.37 , 73.02 , 4366.63 , 0.37
540.35 , 623.11 , 82.76 , 4356.89 , 0.41
545.22 , 627.98 , 82.76 , 4352.02 , 0.41
545.22 , 627.98 , 82.76 , 4352.02 , 0.41
545.22 , 627.98 , 82.76 , 4352.02 , 0.41
550.09 , 637.71 , 87.62 , 4342.29 , 0.44
545.22 , 637.71 , 92.49 , 4342.29 , 0.46
545.22 , 642.58 , 97.36 , 4337.42 , 0.49
550.09 , 652.32 , 102.23 , 4327.68 , 0.51
554.96 , 652.32 , 97.36 , 4327.68 , 0.49
554.96 , 666.92 , 111.96 , 4313.08 , 0.56
559.82 , 676.66 , 116.83 , 4303.34 , 0.58
554.96 , 681.52 , 126.57 , 4298.47 , 0.63
559.82 , 691.26 , 131.44 , 4288.74 , 0.66
554.96 , 701.00 , 146.04 , 4279.00 , 0.73
559.82 , 710.73 , 150.91 , 4269.27 , 0.75
569.56 , 720.47 , 150.91 , 4259.53 , 0.75
564.69 , 739.94 , 175.25 , 4240.06 , 0.88
569.56 , 754.55 , 184.99 , 4225.45 , 0.92
574.43 , 774.02 , 199.59 , 4205.98 , 1.00
574.43 , 798.36 , 223.93 , 4181.64 , 1.12
579.30 , 822.70 , 243.40 , 4157.30 , 1.22
589.03 , 851.91 , 262.87 , 4128.09 , 1.31
589.03 , 895.72 , 306.69 , 4084.28 , 1.53
598.77 , 944.40 , 345.63 , 4035.60 , 1.73
603.64 , 1012.55 , 408.91 , 3967.45 , 2.04
608.50 , 1109.91 , 501.41 , 3870.09 , 2.51
627.98 , 1260.82 , 632.84 , 3719.18 , 3.16
642.58 , 1509.09 , 866.51 , 3470.91 , 4.33
676.66 , 2044.57 , 1367.92 , 2935.43 , 6.84
759.41 , 4055.07 , 3295.66 , 924.93 , 16.48
764.28 , 4055.07 , 3290.79 , 924.93 , 16.45
