68.15 , 68.15 , 0.00 , 4911.85 , 0.00
107.10 , 102.23 , -4.87 , 4877.77 , -0.02
150.91 , 146.04 , -4.87 , 4833.96 , -0.02
189.85 , 180.12 , -9.74 , 4799.88 , -0.05
228.80 , 223.93 , -4.87 , 4756.07 , -0.02
262.87 , 258.01 , -4.87 , 4721.99 , -0.02
306.69 , 301.82 , -4.87 , 4678.18 , -0.02
340.76 , 335.89 , -4.87 , 4644.11 , -0.02
369.97 , 374.84 , 4.87 , 4605.16 , 0.02
365.10 , 399.18 , 34.08 , 4580.82 , 0.17
423.52 , 423.52 , 0.00 , 4556.48 , 0.00
433.26 , 438.12 , 4.87 , 4541.88 , 0.02
452.73 , 452.73 , 0.00 , 4527.27 , 0.00
452.73 , 462.46 , 9.74 , 4517.54 , 0.05
462.46 , 467.33 , 4.87 , 4512.67 , 0.02
462.46 , 477.07 , 14.60 , 4502.93 , 0.07
472.20 , 481.94 , 9.74 , 4498.06 , 0.05
472.20 , 477.07 , 4.87 , 4502.93 , 0.02
472.20 , 486.80 , 14.60 , 4493.20 , 0.07
477.07 , 481.94 , 4.87 , 4498.06 , 0.02
477.07 , 491.67 , 14.60 , 4488.33 , 0.07
477.07 , 491.67 , 14.60 , 4488.33 , 0.07
481.94 , 496.54 , 14.60 , 4483.46 , 0.07
486.80 , 496.54 , 9.74 , 4483.46 , 0.05
481.94 , 501.41 , 19.47 , 4478.59 , 0.10
486.80 , 506.28 , 19.47 , 4473.72 , 0.10
486.80 , 501.41 , 14.60 , 4478.59 , 0.07
491.67 , 501.41 , 9.74 , 4478.59 , 0.05
486.80 , 506.28 , 19.47 , 4473.72 , 0.10
496.54 , 506.28 , 9.74 , 4473.72 , 0.05
491.67 , 506.28 , 14.60 , 4473.72 , 0.07
491.67 , 506.28 , 14.60 , 4473.72 , 0.07
491.67 , 516.01 , 24.34 , 4463.99 , 0.12
496.54 , 511.14 , 14.60 , 4468.86 , 0.07
496.54 , 511.14 , 14.60 , 4468.86 , 0.07
496.54 , 511.14 , 14.60 , 4468.86 , 0.07
496.54 , 496.54 , 0.00 , 4483.46 , 0.00
496.54 , 520.88 , 24.34 , 4459.12 , 0.12
496.54 , 516.01 , 19.47 , 4463.99 , 0.10
501.41 , 520.88 , 19.47 , 4459.12 , 0.10
501.41 , 520.88 , 19.47 , 4459.12 , 0.10
501.41 , 520.88 , 19.47 , 4459.12 , 0.10
501.41 , 520.88 , 19.47 , 4459.12 , 0.10
506.28 , 525.75 , 19.47 , 4454.25 , 0.10
506.28 , 530.62 , 24.34 , 4449.38 , 0.12
506.28 , 525.75 , 19.47 , 4454.25 , 0.10
506.28 , 530.62 , 24.34 , 4449.38 , 0.12
506.28 , 530.62 , 24.34 , 4449.38 , 0.12
506.28 , 530.62 , 24.34 , 4449.38 , 0.12
506.28 , 530.62 , 24.34 , 4449.38 , 0.12
506.28 , 535.48 , 29.21 , 4444.52 , 0.15
511.14 , 535.48 , 24.34 , 4444.52 , 0.12
511.14 , 530.62 , 19.47 , 4449.38 , 0.10
506.28 , 530.62 , 24.34 , 4449.38 , 0.12
506.28 , 540.35 , 34.08 , 4439.65 , 0.17
506.28 , 540.35 , 34.08 , 4439.65 , 0.17
516.01 , 535.48 , 19.47 , 4444.52 , 0.10
511.14 , 540.35 , 29.21 , 4439.65 , 0.15
516.01 , 540.35 , 24.34 , 4439.65 , 0.12
511.14 , 540.35 , 29.21 , 4439.65 , 0.15
511.14 , 545.22 , 34.08 , 4434.78 , 0.17
511.14 , 545.22 , 34.08 , 4434.78 , 0.17
511.14 , 550.09 , 38.94 , 4429.91 , 0.19
516.01 , 550.09 , 34.08 , 4429.91 , 0.17
516.01 , 550.09 , 34.08 , 4429.91 , 0.17
516.01 , 550.09 , 34.08 , 4429.91 , 0.17
511.14 , 550.09 , 38.94 , 4429.91 , 0.19
516.01 , 550.09 , 34.08 , 4429.91 , 0.17
520.88 , 554.96 , 34.08 , 4425.04 , 0.17
516.01 , 554.96 , 38.94 , 4425.04 , 0.19
520.88 , 559.82 , 38.94 , 4420.18 , 0.19
520.88 , 559.82 , 38.94 , 4420.18 , 0.19
525.75 , 559.82 , 34.08 , 4420.18 , 0.17
525.75 , 564.69 , 38.94 , 4415.31 , 0.19
520.88 , 564.69 , 43.81 , 4415.31 , 0.22
525.75 , 564.69 , 38.94 , 4415.31 , 0.19
520.88 , 564.69 , 43.81 , 4415.31 , 0.22
525.75 , 569.56 , 43.81 , 4410.44 , 0.22
525.75 , 569.56 , 43.81 , 4410.44 , 0.22
530.62 , 569.56 , 38.94 , 4410.44 , 0.19
525.75 , 569.56 , 43.81 , 4410.44 , 0.22
530.62 , 574.43 , 43.81 , 4405.57 , 0.22
530.62 , 574.43 , 43.81 , 4405.57 , 0.22
525.75 , 579.30 , 53.55 , 4400.70 , 0.27
525.75 , 579.30 , 53.55 , 4400.70 , 0.27
535.48 , 584.16 , 48.68 , 4395.84 , 0.24
530.62 , 584.16 , 53.55 , 4395.84 , 0.27
535.48 , 589.03 , 53.55 , 4390.97 , 0.27
530.62 , 589.03 , 58.42 , 4390.97 , 0.29
530.62 , 593.90 , 63.28 , 4386.10 , 0.32
535.48 , 593.90 , 58.42 , 4386.10 , 0.29
535.48 , 603.64 , 68.15 , 4376.36 , 0.34
535.48 , 603.64 , 68.15 , 4376.36 , 0.34
535.48 , 608.50 , 73.02 , 4371.50 , 0.37
540.35 , 608.50 , 68.15 , 4371.50 , 0.34
535.48 , 608.50 , 73.02 , 4371.50 , 0.37
540.35 , 608.50 , 68.15 , 4371.50 , 0.34
545.22 , 623.11 , 77.89 , 4356.89 , 0.39
540.35 , 623.11 , 82.76 , 4356.89 , 0.41
545.22 , 623.11 , 77.89 , 4356.89 , 0.39
545.22 , 632.84 , 87.62 , 4347.16 , 0.44
550.09 , 637.71 , 87.62 , 4342.29 , 0.44
545.22 , 637.71 , 92.49 , 4342.29 , 0.46
545.22 , 647.45 , 102.23 , 4332.55 , 0.51
554.96 , 657.18 , 102.23 , 4322.82 , 0.51
545.22 , 662.05 , 116.83 , 4317.95 , 0.58
554.96 , 666.92 , 111.96 , 4313.08 , 0.56
550.09 , 671.79 , 121.70 , 4308.21 , 0.61
559.82 , 681.52 , 121.70 , 4298.47 , 0.61
564.69 , 696.13 , 131.44 , 4283.87 , 0.66
559.82 , 701.00 , 141.17 , 4279.00 , 0.71
559.82 , 710.73 , 150.91 , 4269.27 , 0.75
564.69 , 725.34 , 160.65 , 4254.66 , 0.80
569.56 , 739.94 , 170.38 , 4240.06 , 0.85
564.69 , 754.55 , 189.85 , 4225.45 , 0.95
574.43 , 769.15 , 194.72 , 4210.85 , 0.97
579.30 , 793.49 , 214.19 , 4186.51 , 1.07
579.30 , 822.70 , 243.40 , 4157.30 , 1.22
593.90 , 851.91 , 258.01 , 4128.09 , 1.29
589.03 , 895.72 , 306.69 , 4084.28 , 1.53
598.77 , 949.27 , 350.50 , 4030.73 , 1.75
608.50 , 1012.55 , 404.05 , 3967.45 , 2.02
613.37 , 1109.91 , 496.54 , 3870.09 , 2.48
623.11 , 1255.95 , 632.84 , 3724.05 , 3.16
642.58 , 1504.22 , 861.64 , 3475.78 , 4.31
671.79 , 2039.71 , 1367.92 , 2940.29 , 6.84
764.28 , 4045.34 , 3281.06 , 934.66 , 16.41
764.28 , 4040.47 , 3276.19 , 939.53 , 16.38
