63.28 , 68.15 , 4.87 , 4911.85 , 0.02
107.10 , 107.10 , 0.00 , 4872.90 , 0.00
150.91 , 146.04 , -4.87 , 4833.96 , -0.02
184.99 , 184.99 , 0.00 , 4795.01 , 0.00
223.93 , 223.93 , 0.00 , 4756.07 , 0.00
258.01 , 262.87 , 4.87 , 4717.13 , 0.02
335.89 , 301.82 , -34.08 , 4678.18 , -0.17
345.63 , 345.63 , 0.00 , 4634.37 , 0.00
374.84 , 369.97 , -4.87 , 4610.03 , -0.02
399.18 , 408.91 , 9.74 , 4571.08 , 0.05
423.52 , 423.52 , 0.00 , 4556.48 , 0.00
438.12 , 438.12 , 0.00 , 4541.88 , 0.00
442.99 , 438.12 , -4.87 , 4541.88 , -0.02
452.73 , 457.60 , 4.87 , 4522.40 , 0.02
462.46 , 467.33 , 4.87 , 4512.67 , 0.02
462.46 , 472.20 , 9.74 , 4507.80 , 0.05
467.33 , 472.20 , 4.87 , 4507.80 , 0.02
472.20 , 481.94 , 9.74 , 4498.06 , 0.05
477.07 , 486.80 , 9.74 , 4493.20 , 0.05
477.07 , 486.80 , 9.74 , 4493.20 , 0.05
481.94 , 491.67 , 9.74 , 4488.33 , 0.05
481.94 , 496.54 , 14.60 , 4483.46 , 0.07
481.94 , 496.54 , 14.60 , 4483.46 , 0.07
486.80 , 496.54 , 9.74 , 4483.46 , 0.05
486.80 , 496.54 , 9.74 , 4483.46 , 0.05
486.80 , 501.41 , 14.60 , 4478.59 , 0.07
486.80 , 496.54 , 9.74 , 4483.46 , 0.05
491.67 , 501.41 , 9.74 , 4478.59 , 0.05
491.67 , 501.41 , 9.74 , 4478.59 , 0.05
496.54 , 511.14 , 14.60 , 4468.86 , 0.07
491.67 , 506.28 , 14.60 , 4473.72 , 0.07
496.54 , 511.14 , 14.60 , 4468.86 , 0.07
496.54 , 516.01 , 19.47 , 4463.99 , 0.10
496.54 , 511.14 , 14.60 , 4468.86 , 0.07
496.54 , 511.14 , 14.60 , 4468.86 , 0.07
501.41 , 516.01 , 14.60 , 4463.99 , 0.07
496.54 , 511.14 , 14.60 , 4468.86 , 0.07
501.41 , 520.88 , 19.47 , 4459.12 , 0.10
501.41 , 520.88 , 19.47 , 4459.12 , 0.10
501.41 , 520.88 , 19.47 , 4459.12 , 0.10
501.41 , 520.88 , 19.47 , 4459.12 , 0.10
501.41 , 525.75 , 24.34 , 4454.25 , 0.12
501.41 , 525.75 , 24.34 , 4454.25 , 0.12
506.28 , 525.75 , 19.47 , 4454.25 , 0.10
506.28 , 525.75 , 19.47 , 4454.25 , 0.10
506.28 , 525.75 , 19.47 , 4454.25 , 0.10
501.41 , 525.75 , 24.34 , 4454.25 , 0.12
506.28 , 530.62 , 24.34 , 4449.38 , 0.12
506.28 , 525.75 , 19.47 , 4454.25 , 0.10
506.28 , 535.48 , 29.21 , 4444.52 , 0.15
506.28 , 535.48 , 29.21 , 4444.52 , 0.15
506.28 , 535.48 , 29.21 , 4444.52 , 0.15
506.28 , 540.35 , 34.08 , 4439.65 , 0.17
511.14 , 535.48 , 24.34 , 4444.52 , 0.12
511.14 , 540.35 , 29.21 , 4439.65 , 0.15
511.14 , 540.35 , 29.21 , 4439.65 , 0.15
511.14 , 535.48 , 24.34 , 4444.52 , 0.12
511.14 , 540.35 , 29.21 , 4439.65 , 0.15
516.01 , 540.35 , 24.34 , 4439.65 , 0.12
516.01 , 545.22 , 29.21 , 4434.78 , 0.15
511.14 , 545.22 , 34.08 , 4434.78 , 0.17
516.01 , 545.22 , 29.21 , 4434.78 , 0.15
511.14 , 545.22 , 34.08 , 4434.78 , 0.17
511.14 , 550.09 , 38.94 , 4429.91 , 0.19
516.01 , 550.09 , 34.08 , 4429.91 , 0.17
516.01 , 550.09 , 34.08 , 4429.91 , 0.17
511.14 , 559.82 , 48.68 , 4420.18 , 0.24
520.88 , 554.96 , 34.08 , 4425.04 , 0.17
516.01 , 554.96 , 38.94 , 4425.04 , 0.19
520.88 , 554.96 , 34.08 , 4425.04 , 0.17
516.01 , 554.96 , 38.94 , 4425.04 , 0.19
525.75 , 559.82 , 34.08 , 4420.18 , 0.17
520.88 , 559.82 , 38.94 , 4420.18 , 0.19
520.88 , 559.82 , 38.94 , 4420.18 , 0.19
520.88 , 564.69 , 43.81 , 4415.31 , 0.22
525.75 , 559.82 , 34.08 , 4420.18 , 0.17
525.75 , 564.69 , 38.94 , 4415.31 , 0.19
525.75 , 564.69 , 38.94 , 4415.31 , 0.19
525.75 , 564.69 , 38.94 , 4415.31 , 0.19
525.75 , 569.56 , 43.81 , 4410.44 , 0.22
525.75 , 579.30 , 53.55 , 4400.70 , 0.27
530.62 , 579.30 , 48.68 , 4400.70 , 0.24
525.75 , 579.30 , 53.55 , 4400.70 , 0.27
525.75 , 579.30 , 53.55 , 4400.70 , 0.27
530.62 , 584.16 , 53.55 , 4395.84 , 0.27
530.62 , 584.16 , 53.55 , 4395.84 , 0.27
530.62 , 584.16 , 53.55 , 4395.84 , 0.27
530.62 , 589.03 , 58.42 , 4390.97 , 0.29
535.48 , 589.03 , 53.55 , 4390.97 , 0.27
530.62 , 593.90 , 63.28 , 4386.10 , 0.32
530.62 , 593.90 , 63.28 , 4386.10 , 0.32
535.48 , 598.77 , 63.28 , 4381.23 , 0.32
535.48 , 598.77 , 63.28 , 4381.23 , 0.32
540.35 , 608.50 , 68.15 , 4371.50 , 0.34
535.48 , 608.50 , 73.02 , 4371.50 , 0.37
540.35 , 608.50 , 68.15 , 4371.50 , 0.34
535.48 , 613.37 , 77.89 , 4366.63 , 0.39
545.22 , 618.24 , 73.02 , 4361.76 , 0.37
540.35 , 623.11 , 82.76 , 4356.89 , 0.41
545.22 , 627.98 , 82.76 , 4352.02 , 0.41
545.22 , 632.84 , 87.62 , 4347.16 , 0.44
550.09 , 637.71 , 87.62 , 4342.29 , 0.44
550.09 , 642.58 , 92.49 , 4337.42 , 0.46
550.09 , 647.45 , 97.36 , 4332.55 , 0.49
550.09 , 647.45 , 97.36 , 4332.55 , 0.49
554.96 , 662.05 , 107.10 , 4317.95 , 0.54
554.96 , 662.05 , 107.10 , 4317.95 , 0.54
554.96 , 671.79 , 116.83 , 4308.21 , 0.58
554.96 , 676.66 , 121.70 , 4303.34 , 0.61
559.82 , 691.26 , 131.44 , 4288.74 , 0.66
559.82 , 701.00 , 141.17 , 4279.00 , 0.71
564.69 , 715.60 , 150.91 , 4264.40 , 0.75
564.69 , 725.34 , 160.65 , 4254.66 , 0.80
564.69 , 739.94 , 175.25 , 4240.06 , 0.88
574.43 , 754.55 , 180.12 , 4225.45 , 0.90
574.43 , 769.15 , 194.72 , 4210.85 , 0.97
574.43 , 793.49 , 219.06 , 4186.51 , 1.10
579.30 , 822.70 , 243.40 , 4157.30 , 1.22
584.16 , 851.91 , 267.74 , 4128.09 , 1.34
589.03 , 895.72 , 306.69 , 4084.28 , 1.53
593.90 , 944.40 , 350.50 , 4035.60 , 1.75
598.77 , 1012.55 , 413.78 , 3967.45 , 2.07
613.37 , 1109.91 , 496.54 , 3870.09 , 2.48
623.11 , 1255.95 , 632.84 , 3724.05 , 3.16
642.58 , 1504.22 , 861.64 , 3475.78 , 4.31
676.66 , 2044.57 , 1367.92 , 2935.43 , 6.84
764.28 , 4064.81 , 3300.53 , 915.19 , 16.50
759.41 , 4064.81 , 3305.40 , 915.19 , 16.53
