73.02 , 73.02 , 0.00 , 4906.98 , 0.00
102.23 , 107.10 , 4.87 , 4872.90 , 0.02
141.17 , 136.30 , -4.87 , 4843.69 , -0.02
184.99 , 189.85 , 4.87 , 4790.15 , 0.02
228.80 , 223.93 , -4.87 , 4756.07 , -0.02
267.74 , 258.01 , -9.74 , 4721.99 , -0.05
301.82 , 296.95 , -4.87 , 4683.05 , -0.02
340.76 , 340.76 , 0.00 , 4639.24 , 0.00
374.84 , 365.10 , -9.74 , 4614.90 , -0.05
408.91 , 404.05 , -4.87 , 4575.95 , -0.02
423.52 , 423.52 , 0.00 , 4556.48 , 0.00
433.26 , 442.99 , 9.74 , 4537.01 , 0.05
447.86 , 442.99 , -4.87 , 4537.01 , -0.02
457.60 , 462.46 , 4.87 , 4517.54 , 0.02
462.46 , 467.33 , 4.87 , 4512.67 , 0.02
462.46 , 467.33 , 4.87 , 4512.67 , 0.02
467.33 , 477.07 , 9.74 , 4502.93 , 0.05
472.20 , 481.94 , 9.74 , 4498.06 , 0.05
477.07 , 481.94 , 4.87 , 4498.06 , 0.02
477.07 , 486.80 , 9.74 , 4493.20 , 0.05
481.94 , 491.67 , 9.74 , 4488.33 , 0.05
481.94 , 491.67 , 9.74 , 4488.33 , 0.05
481.94 , 491.67 , 9.74 , 4488.33 , 0.05
481.94 , 496.54 , 14.60 , 4483.46 , 0.07
486.80 , 501.41 , 14.60 , 4478.59 , 0.07
486.80 , 501.41 , 14.60 , 4478.59 , 0.07
491.67 , 501.41 , 9.74 , 4478.59 , 0.05
491.67 , 506.28 , 14.60 , 4473.72 , 0.07
491.67 , 506.28 , 14.60 , 4473.72 , 0.07
491.67 , 511.14 , 19.47 , 4468.86 , 0.10
496.54 , 511.14 , 14.60 , 4468.86 , 0.07
496.54 , 506.28 , 9.74 , 4473.72 , 0.05
491.67 , 511.14 , 19.47 , 4468.86 , 0.10
491.67 , 511.14 , 19.47 , 4468.86 , 0.10
501.41 , 511.14 , 9.74 , 4468.86 , 0.05
496.54 , 516.01 , 19.47 , 4463.99 , 0.10
496.54 , 516.01 , 19.47 , 4463.99 , 0.10
496.54 , 520.88 , 24.34 , 4459.12 , 0.12
501.41 , 525.75 , 24.34 , 4454.25 , 0.12
501.41 , 520.88 , 19.47 , 4459.12 , 0.10
501.41 , 520.88 , 19.47 , 4459.12 , 0.10
496.54 , 525.75 , 29.21 , 4454.25 , 0.15
501.41 , 520.88 , 19.47 , 4459.12 , 0.10
506.28 , 530.62 , 24.34 , 4449.38 , 0.12
506.28 , 520.88 , 14.60 , 4459.12 , 0.07
501.41 , 530.62 , 29.21 , 4449.38 , 0.15
506.28 , 530.62 , 24.34 , 4449.38 , 0.12
506.28 , 530.62 , 24.34 , 4449.38 , 0.12
506.28 , 530.62 , 24.34 , 4449.38 , 0.12
506.28 , 530.62 , 24.34 , 4449.38 , 0.12
511.14 , 525.75 , 14.60 , 4454.25 , 0.07
506.28 , 530.62 , 24.34 , 4449.38 , 0.12
511.14 , 540.35 , 29.21 , 4439.65 , 0.15
511.14 , 535.48 , 24.34 , 4444.52 , 0.12
511.14 , 540.35 , 29.21 , 4439.65 , 0.15
516.01 , 535.48 , 19.47 , 4444.52 , 0.10
511.14 , 540.35 , 29.21 , 4439.65 , 0.15
516.01 , 535.48 , 19.47 , 4444.52 , 0.10
511.14 , 540.35 , 29.21 , 4439.65 , 0.15
511.14 , 540.35 , 29.21 , 4439.65 , 0.15
520.88 , 545.22 , 24.34 , 4434.78 , 0.12
516.01 , 545.22 , 29.21 , 4434.78 , 0.15
511.14 , 545.22 , 34.08 , 4434.78 , 0.17
520.88 , 545.22 , 24.34 , 4434.78 , 0.12
516.01 , 550.09 , 34.08 , 4429.91 , 0.17
516.01 , 550.09 , 34.08 , 4429.91 , 0.17
520.88 , 550.09 , 29.21 , 4429.91 , 0.15
516.01 , 554.96 , 38.94 , 4425.04 , 0.19
520.88 , 559.82 , 38.94 , 4420.18 , 0.19
516.01 , 550.09 , 34.08 , 4429.91 , 0.17
516.01 , 559.82 , 43.81 , 4420.18 , 0.22
520.88 , 554.96 , 34.08 , 4425.04 , 0.17
516.01 , 559.82 , 43.81 , 4420.18 , 0.22
525.75 , 564.69 , 38.94 , 4415.31 , 0.19
520.88 , 559.82 , 38.94 , 4420.18 , 0.19
525.75 , 564.69 , 38.94 , 4415.31 , 0.19
520.88 , 564.69 , 43.81 , 4415.31 , 0.22
525.75 , 574.43 , 48.68 , 4405.57 , 0.24
525.75 , 569.56 , 43.81 , 4410.44 , 0.22
525.75 , 569.56 , 43.81 , 4410.44 , 0.22
530.62 , 574.43 , 43.81 , 4405.57 , 0.22
525.75 , 574.43 , 48.68 , 4405.57 , 0.24
525.75 , 574.43 , 48.68 , 4405.57 , 0.24
525.75 , 579.30 , 53.55 , 4400.70 , 0.27
530.62 , 579.30 , 48.68 , 4400.70 , 0.24
525.75 , 584.16 , 58.42 , 4395.84 , 0.29
535.48 , 584.16 , 48.68 , 4395.84 , 0.24
530.62 , 589.03 , 58.42 , 4390.97 , 0.29
535.48 , 593.90 , 58.42 , 4386.10 , 0.29
535.48 , 593.90 , 58.42 , 4386.10 , 0.29
535.48 , 593.90 , 58.42 , 4386.10 , 0.29
535.48 , 598.77 , 63.28 , 4381.23 , 0.32
540.35 , 598.77 , 58.42 , 4381.23 , 0.29
540.35 , 603.64 , 63.28 , 4376.36 , 0.32
540.35 , 608.50 , 68.15 , 4371.50 , 0.34
535.48 , 613.37 , 77.89 , 4366.63 , 0.39
540.35 , 613.37 , 73.02 , 4366.63 , 0.37
540.35 , 618.24 , 77.89 , 4361.76 , 0.39
545.22 , 618.24 , 73.02 , 4361.76 , 0.37
540.35 , 627.98 , 87.62 , 4352.02 , 0.44
545.22 , 632.84 , 87.62 , 4347.16 , 0.44
550.09 , 632.84 , 82.76 , 4347.16 , 0.41
545.22 , 642.58 , 97.36 , 4337.42 , 0.49
554.96 , 647.45 , 92.49 , 4332.55 , 0.46
550.09 , 652.32 , 102.23 , 4327.68 , 0.51
554.96 , 662.05 , 107.10 , 4317.95 , 0.54
550.09 , 662.05 , 111.96 , 4317.95 , 0.56
554.96 , 671.79 , 116.83 , 4308.21 , 0.58
554.96 , 676.66 , 121.70 , 4303.34 , 0.61
554.96 , 691.26 , 136.30 , 4288.74 , 0.68
559.82 , 701.00 , 141.17 , 4279.00 , 0.71
559.82 , 710.73 , 150.91 , 4269.27 , 0.75
564.69 , 725.34 , 160.65 , 4254.66 , 0.80
569.56 , 739.94 , 170.38 , 4240.06 , 0.85
574.43 , 754.55 , 180.12 , 4225.45 , 0.90
574.43 , 774.02 , 199.59 , 4205.98 , 1.00
574.43 , 793.49 , 219.06 , 4186.51 , 1.10
584.16 , 822.70 , 238.53 , 4157.30 , 1.19
589.03 , 851.91 , 262.87 , 4128.09 , 1.31
589.03 , 895.72 , 306.69 , 4084.28 , 1.53
598.77 , 949.27 , 350.50 , 4030.73 , 1.75
603.64 , 1012.55 , 408.91 , 3967.45 , 2.04
618.24 , 1109.91 , 491.67 , 3870.09 , 2.46
627.98 , 1255.95 , 627.98 , 3724.05 , 3.14
642.58 , 1509.09 , 866.51 , 3470.91 , 4.33
676.66 , 2044.57 , 1367.92 , 2935.43 , 6.84
764.28 , 4059.94 , 3295.66 , 920.06 , 16.48
764.28 , 4059.94 , 3295.66 , 920.06 , 16.48
