68.15 , 68.15 , 0.00 , 4911.85 , 0.00
107.10 , 107.10 , 0.00 , 4872.90 , 0.00
146.04 , 146.04 , 0.00 , 4833.96 , 0.00
184.99 , 184.99 , 0.00 , 4795.01 , 0.00
228.80 , 223.93 , -4.87 , 4756.07 , -0.02
262.87 , 258.01 , -4.87 , 4721.99 , -0.02
311.55 , 282.35 , -29.21 , 4697.65 , -0.15
340.76 , 340.76 , 0.00 , 4639.24 , 0.00
369.97 , 379.71 , 9.74 , 4600.29 , 0.05
404.05 , 404.05 , 0.00 , 4575.95 , 0.00
418.65 , 423.52 , 4.87 , 4556.48 , 0.02
433.26 , 438.12 , 4.87 , 4541.88 , 0.02
442.99 , 452.73 , 9.74 , 4527.27 , 0.05
452.73 , 457.60 , 4.87 , 4522.40 , 0.02
462.46 , 472.20 , 9.74 , 4507.80 , 0.05
462.46 , 472.20 , 9.74 , 4507.80 , 0.05
467.33 , 472.20 , 4.87 , 4507.80 , 0.02
467.33 , 477.07 , 9.74 , 4502.93 , 0.05
477.07 , 481.94 , 4.87 , 4498.06 , 0.02
477.07 , 491.67 , 14.60 , 4488.33 , 0.07
477.07 , 491.67 , 14.60 , 4488.33 , 0.07
481.94 , 491.67 , 9.74 , 4488.33 , 0.05
486.80 , 491.67 , 4.87 , 4488.33 , 0.02
486.80 , 491.67 , 4.87 , 4488.33 , 0.02
486.80 , 501.41 , 14.60 , 4478.59 , 0.07
486.80 , 501.41 , 14.60 , 4478.59 , 0.07
491.67 , 506.28 , 14.60 , 4473.72 , 0.07
486.80 , 501.41 , 14.60 , 4478.59 , 0.07
496.54 , 506.28 , 9.74 , 4473.72 , 0.05
496.54 , 506.28 , 9.74 , 4473.72 , 0.05
491.67 , 511.14 , 19.47 , 4468.86 , 0.10
496.54 , 516.01 , 19.47 , 4463.99 , 0.10
491.67 , 511.14 , 19.47 , 4468.86 , 0.10
491.67 , 511.14 , 19.47 , 4468.86 , 0.10
501.41 , 511.14 , 9.74 , 4468.86 , 0.05
491.67 , 516.01 , 24.34 , 4463.99 , 0.12
496.54 , 516.01 , 19.47 , 4463.99 , 0.10
501.41 , 516.01 , 14.60 , 4463.99 , 0.07
501.41 , 520.88 , 19.47 , 4459.12 , 0.10
501.41 , 520.88 , 19.47 , 4459.12 , 0.10
506.28 , 520.88 , 14.60 , 4459.12 , 0.07
506.28 , 520.88 , 14.60 , 4459.12 , 0.07
501.41 , 520.88 , 19.47 , 4459.12 , 0.10
501.41 , 525.75 , 24.34 , 4454.25 , 0.12
506.28 , 525.75 , 19.47 , 4454.25 , 0.10
506.28 , 530.62 , 24.34 , 4449.38 , 0.12
506.28 , 525.75 , 19.47 , 4454.25 , 0.10
501.41 , 530.62 , 29.21 , 4449.38 , 0.15
506.28 , 525.75 , 19.47 , 4454.25 , 0.10
511.14 , 535.48 , 24.34 , 4444.52 , 0.12
506.28 , 530.62 , 24.34 , 4449.38 , 0.12
506.28 , 530.62 , 24.34 , 4449.38 , 0.12
511.14 , 535.48 , 24.34 , 4444.52 , 0.12
506.28 , 535.48 , 29.21 , 4444.52 , 0.15
511.14 , 535.48 , 24.34 , 4444.52 , 0.12
511.14 , 535.48 , 24.34 , 4444.52 , 0.12
511.14 , 540.35 , 29.21 , 4439.65 , 0.15
511.14 , 540.35 , 29.21 , 4439.65 , 0.15
506.28 , 540.35 , 34.08 , 4439.65 , 0.17
511.14 , 545.22 , 34.08 , 4434.78 , 0.17
516.01 , 545.22 , 29.21 , 4434.78 , 0.15
520.88 , 545.22 , 24.34 , 4434.78 , 0.12
516.01 , 545.22 , 29.21 , 4434.78 , 0.15
516.01 , 545.22 , 29.21 , 4434.78 , 0.15
516.01 , 550.09 , 34.08 , 4429.91 , 0.17
516.01 , 550.09 , 34.08 , 4429.91 , 0.17
520.88 , 554.96 , 34.08 , 4425.04 , 0.17
520.88 , 550.09 , 29.21 , 4429.91 , 0.15
520.88 , 554.96 , 34.08 , 4425.04 , 0.17
516.01 , 554.96 , 38.94 , 4425.04 , 0.19
520.88 , 559.82 , 38.94 , 4420.18 , 0.19
520.88 , 559.82 , 38.94 , 4420.18 , 0.19
520.88 , 559.82 , 38.94 , 4420.18 , 0.19
520.88 , 564.69 , 43.81 , 4415.31 , 0.22
520.88 , 564.69 , 43.81 , 4415.31 , 0.22
525.75 , 569.56 , 43.81 , 4410.44 , 0.22
525.75 , 564.69 , 38.94 , 4415.31 , 0.19
530.62 , 564.69 , 34.08 , 4415.31 , 0.17
520.88 , 574.43 , 53.55 , 4405.57 , 0.27
520.88 , 574.43 , 53.55 , 4405.57 , 0.27
525.75 , 574.43 , 48.68 , 4405.57 , 0.24
525.75 , 579.30 , 53.55 , 4400.70 , 0.27
530.62 , 579.30 , 48.68 , 4400.70 , 0.24
530.62 , 579.30 , 48.68 , 4400.70 , 0.24
530.62 , 579.30 , 48.68 , 4400.70 , 0.24
530.62 , 584.16 , 53.55 , 4395.84 , 0.27
530.62 , 584.16 , 53.55 , 4395.84 , 0.27
535.48 , 589.03 , 53.55 , 4390.97 , 0.27
530.62 , 593.90 , 63.28 , 4386.10 , 0.32
535.48 , 589.03 , 53.55 , 4390.97 , 0.27
535.48 , 598.77 , 63.28 , 4381.23 , 0.32
535.48 , 593.90 , 58.42 , 4386.10 , 0.29
530.62 , 603.64 , 73.02 , 4376.36 , 0.37
540.35 , 603.64 , 63.28 , 4376.36 , 0.32
540.35 , 603.64 , 63.28 , 4376.36 , 0.32
545.22 , 613.37 , 68.15 , 4366.63 , 0.34
540.35 , 613.37 , 73.02 , 4366.63 , 0.37
545.22 , 623.11 , 77.89 , 4356.89 , 0.39
540.35 , 627.98 , 87.62 , 4352.02 , 0.44
545.22 , 627.98 , 82.76 , 4352.02 , 0.41
545.22 , 627.98 , 82.76 , 4352.02 , 0.41
545.22 , 632.84 , 87.62 , 4347.16 , 0.44
550.09 , 637.71 , 87.62 , 4342.29 , 0.44
545.22 , 652.32 , 107.10 , 4327.68 , 0.54
554.96 , 652.32 , 97.36 , 4327.68 , 0.49
554.96 , 662.05 , 107.10 , 4317.95 , 0.54
550.09 , 666.92 , 116.83 , 4313.08 , 0.58
554.96 , 671.79 , 116.83 , 4308.21 , 0.58
554.96 , 681.52 , 126.57 , 4298.47 , 0.63
559.82 , 686.39 , 126.57 , 4293.61 , 0.63
564.69 , 701.00 , 136.30 , 4279.00 , 0.68
559.82 , 715.60 , 155.78 , 4264.40 , 0.78
564.69 , 725.34 , 160.65 , 4254.66 , 0.80
569.56 , 735.07 , 165.51 , 4244.93 , 0.83
569.56 , 759.41 , 189.85 , 4220.59 , 0.95
569.56 , 769.15 , 199.59 , 4210.85 , 1.00
574.43 , 798.36 , 223.93 , 4181.64 , 1.12
584.16 , 822.70 , 238.53 , 4157.30 , 1.19
584.16 , 851.91 , 267.74 , 4128.09 , 1.34
589.03 , 890.85 , 301.82 , 4089.15 , 1.51
593.90 , 949.27 , 355.37 , 4030.73 , 1.78
603.64 , 1012.55 , 408.91 , 3967.45 , 2.04
613.37 , 1109.91 , 496.54 , 3870.09 , 2.48
623.11 , 1255.95 , 632.84 , 3724.05 , 3.16
637.71 , 1504.22 , 866.51 , 3475.78 , 4.33
671.79 , 2049.44 , 1377.65 , 2930.56 , 6.89
759.41 , 4069.68 , 3310.26 , 910.32 , 16.55
764.28 , 4069.68 , 3305.40 , 910.32 , 16.53
