68.15 , 68.15 , 0.00 , 4911.85 , 0.00
111.96 , 102.23 , -9.74 , 4877.77 , -0.05
150.91 , 150.91 , 0.00 , 4829.09 , 0.00
189.85 , 189.85 , 0.00 , 4790.15 , 0.00
238.53 , 223.93 , -14.60 , 4756.07 , -0.07
262.87 , 258.01 , -4.87 , 4721.99 , -0.02
301.82 , 301.82 , 0.00 , 4678.18 , 0.00
350.50 , 335.89 , -14.60 , 4644.11 , -0.07
374.84 , 374.84 , 0.00 , 4605.16 , 0.00
404.05 , 399.18 , -4.87 , 4580.82 , -0.02
418.65 , 418.65 , 0.00 , 4561.35 , 0.00
433.26 , 442.99 , 9.74 , 4537.01 , 0.05
452.73 , 452.73 , 0.00 , 4527.27 , 0.00
452.73 , 457.60 , 4.87 , 4522.40 , 0.02
462.46 , 467.33 , 4.87 , 4512.67 , 0.02
467.33 , 472.20 , 4.87 , 4507.80 , 0.02
467.33 , 477.07 , 9.74 , 4502.93 , 0.05
472.20 , 486.80 , 14.60 , 4493.20 , 0.07
472.20 , 486.80 , 14.60 , 4493.20 , 0.07
477.07 , 486.80 , 9.74 , 4493.20 , 0.05
477.07 , 481.94 , 4.87 , 4498.06 , 0.02
481.94 , 491.67 , 9.74 , 4488.33 , 0.05
481.94 , 491.67 , 9.74 , 4488.33 , 0.05
486.80 , 501.41 , 14.60 , 4478.59 , 0.07
486.80 , 496.54 , 9.74 , 4483.46 , 0.05
486.80 , 501.41 , 14.60 , 4478.59 , 0.07
486.80 , 501.41 , 14.60 , 4478.59 , 0.07
491.67 , 506.28 , 14.60 , 4473.72 , 0.07
486.80 , 506.28 , 19.47 , 4473.72 , 0.10
491.67 , 511.14 , 19.47 , 4468.86 , 0.10
491.67 , 511.14 , 19.47 , 4468.86 , 0.10
496.54 , 511.14 , 14.60 , 4468.86 , 0.07
491.67 , 516.01 , 24.34 , 4463.99 , 0.12
501.41 , 511.14 , 9.74 , 4468.86 , 0.05
491.67 , 516.01 , 24.34 , 4463.99 , 0.12
501.41 , 516.01 , 14.60 , 4463.99 , 0.07
501.41 , 520.88 , 19.47 , 4459.12 , 0.10
501.41 , 516.01 , 14.60 , 4463.99 , 0.07
496.54 , 520.88 , 24.34 , 4459.12 , 0.12
501.41 , 516.01 , 14.60 , 4463.99 , 0.07
501.41 , 525.75 , 24.34 , 4454.25 , 0.12
501.41 , 525.75 , 24.34 , 4454.25 , 0.12
501.41 , 525.75 , 24.34 , 4454.25 , 0.12
501.41 , 525.75 , 24.34 , 4454.25 , 0.12
501.41 , 525.75 , 24.34 , 4454.25 , 0.12
506.28 , 525.75 , 19.47 , 4454.25 , 0.10
511.14 , 525.75 , 14.60 , 4454.25 , 0.07
511.14 , 530.62 , 19.47 , 4449.38 , 0.10
506.28 , 530.62 , 24.34 , 4449.38 , 0.12
511.14 , 535.48 , 24.34 , 4444.52 , 0.12
511.14 , 535.48 , 24.34 , 4444.52 , 0.12
506.28 , 530.62 , 24.34 , 4449.38 , 0.12
511.14 , 540.35 , 29.21 , 4439.65 , 0.15
506.28 , 535.48 , 29.21 , 4444.52 , 0.15
516.01 , 540.35 , 24.34 , 4439.65 , 0.12
506.28 , 540.35 , 34.08 , 4439.65 , 0.17
506.28 , 540.35 , 34.08 , 4439.65 , 0.17
511.14 , 535.48 , 24.34 , 4444.52 , 0.12
511.14 , 540.35 , 29.21 , 4439.65 , 0.15
511.14 , 545.22 , 34.08 , 4434.78 , 0.17
516.01 , 545.22 , 29.21 , 4434.78 , 0.15
511.14 , 545.22 , 34.08 , 4434.78 , 0.17
516.01 , 545.22 , 29.21 , 4434.78 , 0.15
511.14 , 545.22 , 34.08 , 4434.78 , 0.17
511.14 , 550.09 , 38.94 , 4429.91 , 0.19
516.01 , 550.09 , 34.08 , 4429.91 , 0.17
520.88 , 554.96 , 34.08 , 4425.04 , 0.17
516.01 , 554.96 , 38.94 , 4425.04 , 0.19
520.88 , 559.82 , 38.94 , 4420.18 , 0.19
516.01 , 559.82 , 43.81 , 4420.18 , 0.22
520.88 , 559.82 , 38.94 , 4420.18 , 0.19
520.88 , 559.82 , 38.94 , 4420.18 , 0.19
520.88 , 559.82 , 38.94 , 4420.18 , 0.19
520.88 , 559.82 , 38.94 , 4420.18 , 0.19
520.88 , 564.69 , 43.81 , 4415.31 , 0.22
520.88 , 564.69 , 43.81 , 4415.31 , 0.22
525.75 , 564.69 , 38.94 , 4415.31 , 0.19
525.75 , 564.69 , 38.94 , 4415.31 , 0.19
525.75 , 569.56 , 43.81 , 4410.44 , 0.22
530.62 , 569.56 , 38.94 , 4410.44 , 0.19
530.62 , 574.43 , 43.81 , 4405.57 , 0.22
525.75 , 579.30 , 53.55 , 4400.70 , 0.27
525.75 , 579.30 , 53.55 , 4400.70 , 0.27
525.75 , 579.30 , 53.55 , 4400.70 , 0.27
525.75 , 579.30 , 53.55 , 4400.70 , 0.27
530.62 , 589.03 , 58.42 , 4390.97 , 0.29
535.48 , 584.16 , 48.68 , 4395.84 , 0.24
535.48 , 589.03 , 53.55 , 4390.97 , 0.27
530.62 , 589.03 , 58.42 , 4390.97 , 0.29
535.48 , 589.03 , 53.55 , 4390.97 , 0.27
535.48 , 598.77 , 63.28 , 4381.23 , 0.32
530.62 , 598.77 , 68.15 , 4381.23 , 0.34
540.35 , 603.64 , 63.28 , 4376.36 , 0.32
535.48 , 603.64 , 68.15 , 4376.36 , 0.34
535.48 , 603.64 , 68.15 , 4376.36 , 0.34
535.48 , 613.37 , 77.89 , 4366.63 , 0.39
545.22 , 618.24 , 73.02 , 4361.76 , 0.37
540.35 , 623.11 , 82.76 , 4356.89 , 0.41
540.35 , 623.11 , 82.76 , 4356.89 , 0.41
545.22 , 627.98 , 82.76 , 4352.02 , 0.41
550.09 , 632.84 , 82.76 , 4347.16 , 0.41
545.22 , 637.71 , 92.49 , 4342.29 , 0.46
550.09 , 642.58 , 92.49 , 4337.42 , 0.46
545.22 , 647.45 , 102.23 , 4332.55 , 0.51
550.09 , 652.32 , 102.23 , 4327.68 , 0.51
554.96 , 657.18 , 102.23 , 4322.82 , 0.51
554.96 , 666.92 , 111.96 , 4313.08 , 0.56
554.96 , 676.66 , 121.70 , 4303.34 , 0.61
559.82 , 686.39 , 126.57 , 4293.61 , 0.63
559.82 , 696.13 , 136.30 , 4283.87 , 0.68
559.82 , 701.00 , 141.17 , 4279.00 , 0.71
564.69 , 710.73 , 146.04 , 4269.27 , 0.73
564.69 , 725.34 , 160.65 , 4254.66 , 0.80
569.56 , 735.07 , 165.51 , 4244.93 , 0.83
569.56 , 754.55 , 184.99 , 4225.45 , 0.92
574.43 , 774.02 , 199.59 , 4205.98 , 1.00
579.30 , 793.49 , 214.19 , 4186.51 , 1.07
584.16 , 822.70 , 238.53 , 4157.30 , 1.19
584.16 , 851.91 , 267.74 , 4128.09 , 1.34
589.03 , 895.72 , 306.69 , 4084.28 , 1.53
598.77 , 949.27 , 350.50 , 4030.73 , 1.75
608.50 , 1017.42 , 408.91 , 3962.58 , 2.04
613.37 , 1109.91 , 496.54 , 3870.09 , 2.48
627.98 , 1260.82 , 632.84 , 3719.18 , 3.16
642.58 , 1509.09 , 866.51 , 3470.91 , 4.33
676.66 , 2049.44 , 1372.79 , 2930.56 , 6.86
774.02 , 4059.94 , 3285.92 , 920.06 , 16.43
774.02 , 4064.81 , 3290.79 , 915.19 , 16.45
