73.02 , 68.15 , -4.87 , 4911.85 , -0.02
102.23 , 102.23 , 0.00 , 4877.77 , 0.00
146.04 , 141.17 , -4.87 , 4838.83 , -0.02
189.85 , 180.12 , -9.74 , 4799.88 , -0.05
219.06 , 223.93 , 4.87 , 4756.07 , 0.02
262.87 , 262.87 , 0.00 , 4717.13 , 0.00
296.95 , 296.95 , 0.00 , 4683.05 , 0.00
316.42 , 345.63 , 29.21 , 4634.37 , 0.15
374.84 , 374.84 , 0.00 , 4605.16 , 0.00
399.18 , 404.05 , 4.87 , 4575.95 , 0.02
423.52 , 428.39 , 4.87 , 4551.61 , 0.02
433.26 , 442.99 , 9.74 , 4537.01 , 0.05
447.86 , 447.86 , 0.00 , 4532.14 , 0.00
457.60 , 457.60 , 0.00 , 4522.40 , 0.00
462.46 , 472.20 , 9.74 , 4507.80 , 0.05
467.33 , 472.20 , 4.87 , 4507.80 , 0.02
467.33 , 481.94 , 14.60 , 4498.06 , 0.07
467.33 , 481.94 , 14.60 , 4498.06 , 0.07
477.07 , 481.94 , 4.87 , 4498.06 , 0.02
477.07 , 481.94 , 4.87 , 4498.06 , 0.02
472.20 , 491.67 , 19.47 , 4488.33 , 0.10
486.80 , 491.67 , 4.87 , 4488.33 , 0.02
486.80 , 491.67 , 4.87 , 4488.33 , 0.02
486.80 , 501.41 , 14.60 , 4478.59 , 0.07
486.80 , 496.54 , 9.74 , 4483.46 , 0.05
486.80 , 496.54 , 9.74 , 4483.46 , 0.05
486.80 , 501.41 , 14.60 , 4478.59 , 0.07
486.80 , 516.01 , 29.21 , 4463.99 , 0.15
491.67 , 506.28 , 14.60 , 4473.72 , 0.07
491.67 , 506.28 , 14.60 , 4473.72 , 0.07
496.54 , 506.28 , 9.74 , 4473.72 , 0.05
496.54 , 506.28 , 9.74 , 4473.72 , 0.05
491.67 , 511.14 , 19.47 , 4468.86 , 0.10
496.54 , 516.01 , 19.47 , 4463.99 , 0.10
496.54 , 516.01 , 19.47 , 4463.99 , 0.10
496.54 , 516.01 , 19.47 , 4463.99 , 0.10
496.54 , 516.01 , 19.47 , 4463.99 , 0.10
496.54 , 520.88 , 24.34 , 4459.12 , 0.12
501.41 , 516.01 , 14.60 , 4463.99 , 0.07
501.41 , 525.75 , 24.34 , 4454.25 , 0.12
501.41 , 525.75 , 24.34 , 4454.25 , 0.12
501.41 , 525.75 , 24.34 , 4454.25 , 0.12
501.41 , 520.88 , 19.47 , 4459.12 , 0.10
506.28 , 530.62 , 24.34 , 4449.38 , 0.12
506.28 , 520.88 , 14.60 , 4459.12 , 0.07
506.28 , 530.62 , 24.34 , 4449.38 , 0.12
506.28 , 530.62 , 24.34 , 4449.38 , 0.12
506.28 , 530.62 , 24.34 , 4449.38 , 0.12
506.28 , 535.48 , 29.21 , 4444.52 , 0.15
506.28 , 530.62 , 24.34 , 4449.38 , 0.12
506.28 , 535.48 , 29.21 , 4444.52 , 0.15
506.28 , 535.48 , 29.21 , 4444.52 , 0.15
511.14 , 535.48 , 24.34 , 4444.52 , 0.12
506.28 , 540.35 , 34.08 , 4439.65 , 0.17
506.28 , 540.35 , 34.08 , 4439.65 , 0.17
506.28 , 535.48 , 29.21 , 4444.52 , 0.15
506.28 , 535.48 , 29.21 , 4444.52 , 0.15
511.14 , 535.48 , 24.34 , 4444.52 , 0.12
511.14 , 540.35 , 29.21 , 4439.65 , 0.15
511.14 , 545.22 , 34.08 , 4434.78 , 0.17
516.01 , 545.22 , 29.21 , 4434.78 , 0.15
516.01 , 540.35 , 24.34 , 4439.65 , 0.12
516.01 , 545.22 , 29.21 , 4434.78 , 0.15
516.01 , 545.22 , 29.21 , 4434.78 , 0.15
516.01 , 550.09 , 34.08 , 4429.91 , 0.17
516.01 , 545.22 , 29.21 , 4434.78 , 0.15
516.01 , 550.09 , 34.08 , 4429.91 , 0.17
520.88 , 559.82 , 38.94 , 4420.18 , 0.19
520.88 , 554.96 , 34.08 , 4425.04 , 0.17
520.88 , 559.82 , 38.94 , 4420.18 , 0.19
520.88 , 559.82 , 38.94 , 4420.18 , 0.19
520.88 , 564.69 , 43.81 , 4415.31 , 0.22
520.88 , 559.82 , 38.94 , 4420.18 , 0.19
520.88 , 559.82 , 38.94 , 4420.18 , 0.19
525.75 , 559.82 , 34.08 , 4420.18 , 0.17
520.88 , 559.82 , 38.94 , 4420.18 , 0.19
525.75 , 569.56 , 43.81 , 4410.44 , 0.22
520.88 , 569.56 , 48.68 , 4410.44 , 0.24
525.75 , 574.43 , 48.68 , 4405.57 , 0.24
530.62 , 569.56 , 38.94 , 4410.44 , 0.19
525.75 , 569.56 , 43.81 , 4410.44 , 0.22
525.75 , 579.30 , 53.55 , 4400.70 , 0.27
530.62 , 574.43 , 43.81 , 4405.57 , 0.22
530.62 , 574.43 , 43.81 , 4405.57 , 0.22
530.62 , 584.16 , 53.55 , 4395.84 , 0.27
530.62 , 589.03 , 58.42 , 4390.97 , 0.29
525.75 , 584.16 , 58.42 , 4395.84 , 0.29
535.48 , 584.16 , 48.68 , 4395.84 , 0.24
530.62 , 589.03 , 58.42 , 4390.97 , 0.29
535.48 , 589.03 , 53.55 , 4390.97 , 0.27
535.48 , 593.90 , 58.42 , 4386.10 , 0.29
530.62 , 598.77 , 68.15 , 4381.23 , 0.34
530.62 , 603.64 , 73.02 , 4376.36 , 0.37
540.35 , 603.64 , 63.28 , 4376.36 , 0.32
540.35 , 608.50 , 68.15 , 4371.50 , 0.34
540.35 , 613.37 , 73.02 , 4366.63 , 0.37
545.22 , 613.37 , 68.15 , 4366.63 , 0.34
545.22 , 618.24 , 73.02 , 4361.76 , 0.37
545.22 , 623.11 , 77.89 , 4356.89 , 0.39
540.35 , 632.84 , 92.49 , 4347.16 , 0.46
545.22 , 632.84 , 87.62 , 4347.16 , 0.44
550.09 , 632.84 , 82.76 , 4347.16 , 0.41
545.22 , 637.71 , 92.49 , 4342.29 , 0.46
550.09 , 642.58 , 92.49 , 4337.42 , 0.46
554.96 , 652.32 , 97.36 , 4327.68 , 0.49
554.96 , 662.05 , 107.10 , 4317.95 , 0.54
554.96 , 666.92 , 111.96 , 4313.08 , 0.56
554.96 , 676.66 , 121.70 , 4303.34 , 0.61
554.96 , 681.52 , 126.57 , 4298.47 , 0.63
559.82 , 686.39 , 126.57 , 4293.61 , 0.63
559.82 , 701.00 , 141.17 , 4279.00 , 0.71
564.69 , 710.73 , 146.04 , 4269.27 , 0.73
564.69 , 725.34 , 160.65 , 4254.66 , 0.80
569.56 , 739.94 , 170.38 , 4240.06 , 0.85
569.56 , 754.55 , 184.99 , 4225.45 , 0.92
569.56 , 774.02 , 204.46 , 4205.98 , 1.02
574.43 , 793.49 , 219.06 , 4186.51 , 1.10
584.16 , 822.70 , 238.53 , 4157.30 , 1.19
579.30 , 856.77 , 277.48 , 4123.23 , 1.39
589.03 , 900.59 , 311.55 , 4079.41 , 1.56
593.90 , 944.40 , 350.50 , 4035.60 , 1.75
603.64 , 1012.55 , 408.91 , 3967.45 , 2.04
613.37 , 1109.91 , 496.54 , 3870.09 , 2.48
627.98 , 1255.95 , 627.98 , 3724.05 , 3.14
642.58 , 1509.09 , 866.51 , 3470.91 , 4.33
681.52 , 2044.57 , 1363.05 , 2935.43 , 6.82
764.28 , 4079.41 , 3315.13 , 900.59 , 16.58
764.28 , 4074.55 , 3310.26 , 905.45 , 16.55
