63.28 , 63.28 , 0.00 , 4916.72 , 0.00
111.96 , 126.57 , 14.60 , 4853.43 , 0.07
150.91 , 146.04 , -4.87 , 4833.96 , -0.02
189.85 , 180.12 , -9.74 , 4799.88 , -0.05
223.93 , 223.93 , 0.00 , 4756.07 , 0.00
258.01 , 262.87 , 4.87 , 4717.13 , 0.02
306.69 , 301.82 , -4.87 , 4678.18 , -0.02
335.89 , 340.76 , 4.87 , 4639.24 , 0.02
374.84 , 379.71 , 4.87 , 4600.29 , 0.02
404.05 , 404.05 , 0.00 , 4575.95 , 0.00
428.39 , 423.52 , -4.87 , 4556.48 , -0.02
433.26 , 438.12 , 4.87 , 4541.88 , 0.02
447.86 , 442.99 , -4.87 , 4537.01 , -0.02
452.73 , 457.60 , 4.87 , 4522.40 , 0.02
462.46 , 462.46 , 0.00 , 4517.54 , 0.00
467.33 , 467.33 , 0.00 , 4512.67 , 0.00
467.33 , 477.07 , 9.74 , 4502.93 , 0.05
472.20 , 481.94 , 9.74 , 4498.06 , 0.05
477.07 , 481.94 , 4.87 , 4498.06 , 0.02
477.07 , 481.94 , 4.87 , 4498.06 , 0.02
481.94 , 496.54 , 14.60 , 4483.46 , 0.07
481.94 , 491.67 , 9.74 , 4488.33 , 0.05
481.94 , 496.54 , 14.60 , 4483.46 , 0.07
481.94 , 496.54 , 14.60 , 4483.46 , 0.07
477.07 , 496.54 , 19.47 , 4483.46 , 0.10
491.67 , 501.41 , 9.74 , 4478.59 , 0.05
486.80 , 501.41 , 14.60 , 4478.59 , 0.07
491.67 , 506.28 , 14.60 , 4473.72 , 0.07
496.54 , 511.14 , 14.60 , 4468.86 , 0.07
491.67 , 511.14 , 19.47 , 4468.86 , 0.10
491.67 , 516.01 , 24.34 , 4463.99 , 0.12
491.67 , 506.28 , 14.60 , 4473.72 , 0.07
496.54 , 511.14 , 14.60 , 4468.86 , 0.07
496.54 , 511.14 , 14.60 , 4468.86 , 0.07
496.54 , 516.01 , 19.47 , 4463.99 , 0.10
496.54 , 516.01 , 19.47 , 4463.99 , 0.10
506.28 , 516.01 , 9.74 , 4463.99 , 0.05
501.41 , 516.01 , 14.60 , 4463.99 , 0.07
501.41 , 525.75 , 24.34 , 4454.25 , 0.12
501.41 , 520.88 , 19.47 , 4459.12 , 0.10
501.41 , 525.75 , 24.34 , 4454.25 , 0.12
501.41 , 525.75 , 24.34 , 4454.25 , 0.12
506.28 , 525.75 , 19.47 , 4454.25 , 0.10
501.41 , 525.75 , 24.34 , 4454.25 , 0.12
501.41 , 530.62 , 29.21 , 4449.38 , 0.15
506.28 , 520.88 , 14.60 , 4459.12 , 0.07
511.14 , 530.62 , 19.47 , 4449.38 , 0.10
506.28 , 525.75 , 19.47 , 4454.25 , 0.10
506.28 , 530.62 , 24.34 , 4449.38 , 0.12
506.28 , 535.48 , 29.21 , 4444.52 , 0.15
506.28 , 530.62 , 24.34 , 4449.38 , 0.12
506.28 , 530.62 , 24.34 , 4449.38 , 0.12
511.14 , 540.35 , 29.21 , 4439.65 , 0.15
511.14 , 540.35 , 29.21 , 4439.65 , 0.15
511.14 , 540.35 , 29.21 , 4439.65 , 0.15
516.01 , 545.22 , 29.21 , 4434.78 , 0.15
516.01 , 545.22 , 29.21 , 4434.78 , 0.15
506.28 , 540.35 , 34.08 , 4439.65 , 0.17
511.14 , 545.22 , 34.08 , 4434.78 , 0.17
516.01 , 545.22 , 29.21 , 4434.78 , 0.15
516.01 , 545.22 , 29.21 , 4434.78 , 0.15
516.01 , 550.09 , 34.08 , 4429.91 , 0.17
516.01 , 554.96 , 38.94 , 4425.04 , 0.19
516.01 , 545.22 , 29.21 , 4434.78 , 0.15
516.01 , 550.09 , 34.08 , 4429.91 , 0.17
516.01 , 545.22 , 29.21 , 4434.78 , 0.15
516.01 , 554.96 , 38.94 , 4425.04 , 0.19
516.01 , 550.09 , 34.08 , 4429.91 , 0.17
511.14 , 550.09 , 38.94 , 4429.91 , 0.19
520.88 , 554.96 , 34.08 , 4425.04 , 0.17
516.01 , 559.82 , 43.81 , 4420.18 , 0.22
525.75 , 559.82 , 34.08 , 4420.18 , 0.17
525.75 , 564.69 , 38.94 , 4415.31 , 0.19
520.88 , 564.69 , 43.81 , 4415.31 , 0.22
520.88 , 564.69 , 43.81 , 4415.31 , 0.22
525.75 , 564.69 , 38.94 , 4415.31 , 0.19
520.88 , 569.56 , 48.68 , 4410.44 , 0.24
520.88 , 569.56 , 48.68 , 4410.44 , 0.24
525.75 , 564.69 , 38.94 , 4415.31 , 0.19
520.88 , 574.43 , 53.55 , 4405.57 , 0.27
525.75 , 574.43 , 48.68 , 4405.57 , 0.24
525.75 , 574.43 , 48.68 , 4405.57 , 0.24
530.62 , 574.43 , 43.81 , 4405.57 , 0.22
530.62 , 584.16 , 53.55 , 4395.84 , 0.27
530.62 , 584.16 , 53.55 , 4395.84 , 0.27
535.48 , 584.16 , 48.68 , 4395.84 , 0.24
530.62 , 584.16 , 53.55 , 4395.84 , 0.27
535.48 , 584.16 , 48.68 , 4395.84 , 0.24
530.62 , 589.03 , 58.42 , 4390.97 , 0.29
540.35 , 593.90 , 53.55 , 4386.10 , 0.27
535.48 , 593.90 , 58.42 , 4386.10 , 0.29
540.35 , 598.77 , 58.42 , 4381.23 , 0.29
540.35 , 598.77 , 58.42 , 4381.23 , 0.29
535.48 , 603.64 , 68.15 , 4376.36 , 0.34
535.48 , 608.50 , 73.02 , 4371.50 , 0.37
540.35 , 613.37 , 73.02 , 4366.63 , 0.37
540.35 , 618.24 , 77.89 , 4361.76 , 0.39
545.22 , 623.11 , 77.89 , 4356.89 , 0.39
545.22 , 623.11 , 77.89 , 4356.89 , 0.39
550.09 , 627.98 , 77.89 , 4352.02 , 0.39
545.22 , 632.84 , 87.62 , 4347.16 , 0.44
545.22 , 632.84 , 87.62 , 4347.16 , 0.44
550.09 , 642.58 , 92.49 , 4337.42 , 0.46
550.09 , 642.58 , 92.49 , 4337.42 , 0.46
550.09 , 652.32 , 102.23 , 4327.68 , 0.51
554.96 , 657.18 , 102.23 , 4322.82 , 0.51
554.96 , 662.05 , 107.10 , 4317.95 , 0.54
559.82 , 676.66 , 116.83 , 4303.34 , 0.58
554.96 , 681.52 , 126.57 , 4298.47 , 0.63
564.69 , 691.26 , 126.57 , 4288.74 , 0.63
564.69 , 701.00 , 136.30 , 4279.00 , 0.68
559.82 , 710.73 , 150.91 , 4269.27 , 0.75
569.56 , 730.21 , 160.65 , 4249.79 , 0.80
569.56 , 739.94 , 170.38 , 4240.06 , 0.85
569.56 , 754.55 , 184.99 , 4225.45 , 0.92
569.56 , 769.15 , 199.59 , 4210.85 , 1.00
574.43 , 793.49 , 219.06 , 4186.51 , 1.10
579.30 , 822.70 , 243.40 , 4157.30 , 1.22
589.03 , 851.91 , 262.87 , 4128.09 , 1.31
589.03 , 895.72 , 306.69 , 4084.28 , 1.53
598.77 , 944.40 , 345.63 , 4035.60 , 1.73
598.77 , 1012.55 , 413.78 , 3967.45 , 2.07
608.50 , 1105.04 , 496.54 , 3874.96 , 2.48
623.11 , 1255.95 , 632.84 , 3724.05 , 3.16
642.58 , 1509.09 , 866.51 , 3470.91 , 4.33
671.79 , 2044.57 , 1372.79 , 2935.43 , 6.86
764.28 , 4055.07 , 3290.79 , 924.93 , 16.45
764.28 , 4055.07 , 3290.79 , 924.93 , 16.45
