68.15 , 68.15 , 0.00 , 4911.85 , 0.00
111.96 , 107.10 , -4.87 , 4872.90 , -0.02
146.04 , 146.04 , 0.00 , 4833.96 , 0.00
184.99 , 184.99 , 0.00 , 4795.01 , 0.00
219.06 , 219.06 , 0.00 , 4760.94 , 0.00
258.01 , 253.14 , -4.87 , 4726.86 , -0.02
301.82 , 292.08 , -9.74 , 4687.92 , -0.05
340.76 , 340.76 , 0.00 , 4639.24 , 0.00
379.71 , 394.31 , 14.60 , 4585.69 , 0.07
399.18 , 399.18 , 0.00 , 4580.82 , 0.00
423.52 , 423.52 , 0.00 , 4556.48 , 0.00
442.99 , 442.99 , 0.00 , 4537.01 , 0.00
447.86 , 447.86 , 0.00 , 4532.14 , 0.00
457.60 , 462.46 , 4.87 , 4517.54 , 0.02
462.46 , 467.33 , 4.87 , 4512.67 , 0.02
467.33 , 467.33 , 0.00 , 4512.67 , 0.00
472.20 , 477.07 , 4.87 , 4502.93 , 0.02
472.20 , 477.07 , 4.87 , 4502.93 , 0.02
477.07 , 481.94 , 4.87 , 4498.06 , 0.02
477.07 , 486.80 , 9.74 , 4493.20 , 0.05
481.94 , 491.67 , 9.74 , 4488.33 , 0.05
481.94 , 491.67 , 9.74 , 4488.33 , 0.05
486.80 , 496.54 , 9.74 , 4483.46 , 0.05
481.94 , 501.41 , 19.47 , 4478.59 , 0.10
481.94 , 496.54 , 14.60 , 4483.46 , 0.07
486.80 , 501.41 , 14.60 , 4478.59 , 0.07
491.67 , 506.28 , 14.60 , 4473.72 , 0.07
486.80 , 506.28 , 19.47 , 4473.72 , 0.10
496.54 , 506.28 , 9.74 , 4473.72 , 0.05
496.54 , 506.28 , 9.74 , 4473.72 , 0.05
491.67 , 511.14 , 19.47 , 4468.86 , 0.10
496.54 , 511.14 , 14.60 , 4468.86 , 0.07
496.54 , 516.01 , 19.47 , 4463.99 , 0.10
491.67 , 516.01 , 24.34 , 4463.99 , 0.12
501.41 , 511.14 , 9.74 , 4468.86 , 0.05
501.41 , 516.01 , 14.60 , 4463.99 , 0.07
496.54 , 516.01 , 19.47 , 4463.99 , 0.10
496.54 , 520.88 , 24.34 , 4459.12 , 0.12
496.54 , 520.88 , 24.34 , 4459.12 , 0.12
496.54 , 520.88 , 24.34 , 4459.12 , 0.12
501.41 , 525.75 , 24.34 , 4454.25 , 0.12
506.28 , 525.75 , 19.47 , 4454.25 , 0.10
506.28 , 525.75 , 19.47 , 4454.25 , 0.10
501.41 , 525.75 , 24.34 , 4454.25 , 0.12
506.28 , 530.62 , 24.34 , 4449.38 , 0.12
506.28 , 530.62 , 24.34 , 4449.38 , 0.12
506.28 , 530.62 , 24.34 , 4449.38 , 0.12
506.28 , 530.62 , 24.34 , 4449.38 , 0.12
501.41 , 530.62 , 29.21 , 4449.38 , 0.15
506.28 , 530.62 , 24.34 , 4449.38 , 0.12
511.14 , 535.48 , 24.34 , 4444.52 , 0.12
506.28 , 535.48 , 29.21 , 4444.52 , 0.15
516.01 , 535.48 , 19.47 , 4444.52 , 0.10
506.28 , 535.48 , 29.21 , 4444.52 , 0.15
506.28 , 535.48 , 29.21 , 4444.52 , 0.15
511.14 , 535.48 , 24.34 , 4444.52 , 0.12
506.28 , 540.35 , 34.08 , 4439.65 , 0.17
516.01 , 540.35 , 24.34 , 4439.65 , 0.12
516.01 , 545.22 , 29.21 , 4434.78 , 0.15
511.14 , 545.22 , 34.08 , 4434.78 , 0.17
516.01 , 545.22 , 29.21 , 4434.78 , 0.15
516.01 , 545.22 , 29.21 , 4434.78 , 0.15
516.01 , 545.22 , 29.21 , 4434.78 , 0.15
516.01 , 545.22 , 29.21 , 4434.78 , 0.15
516.01 , 545.22 , 29.21 , 4434.78 , 0.15
516.01 , 550.09 , 34.08 , 4429.91 , 0.17
516.01 , 554.96 , 38.94 , 4425.04 , 0.19
516.01 , 554.96 , 38.94 , 4425.04 , 0.19
516.01 , 554.96 , 38.94 , 4425.04 , 0.19
516.01 , 559.82 , 43.81 , 4420.18 , 0.22
520.88 , 559.82 , 38.94 , 4420.18 , 0.19
520.88 , 559.82 , 38.94 , 4420.18 , 0.19
520.88 , 554.96 , 34.08 , 4425.04 , 0.17
520.88 , 545.22 , 24.34 , 4434.78 , 0.12
520.88 , 559.82 , 38.94 , 4420.18 , 0.19
525.75 , 559.82 , 34.08 , 4420.18 , 0.17
525.75 , 564.69 , 38.94 , 4415.31 , 0.19
520.88 , 569.56 , 48.68 , 4410.44 , 0.24
520.88 , 569.56 , 48.68 , 4410.44 , 0.24
525.75 , 569.56 , 43.81 , 4410.44 , 0.22
525.75 , 574.43 , 48.68 , 4405.57 , 0.24
530.62 , 574.43 , 43.81 , 4405.57 , 0.22
530.62 , 574.43 , 43.81 , 4405.57 , 0.22
530.62 , 579.30 , 48.68 , 4400.70 , 0.24
530.62 , 579.30 , 48.68 , 4400.70 , 0.24
535.48 , 584.16 , 48.68 , 4395.84 , 0.24
530.62 , 584.16 , 53.55 , 4395.84 , 0.27
535.48 , 584.16 , 48.68 , 4395.84 , 0.24
535.48 , 593.90 , 58.42 , 4386.10 , 0.29
530.62 , 598.77 , 68.15 , 4381.23 , 0.34
535.48 , 598.77 , 63.28 , 4381.23 , 0.32
530.62 , 593.90 , 63.28 , 4386.10 , 0.32
540.35 , 603.64 , 63.28 , 4376.36 , 0.32
535.48 , 603.64 , 68.15 , 4376.36 , 0.34
540.35 , 608.50 , 68.15 , 4371.50 , 0.34
535.48 , 613.37 , 77.89 , 4366.63 , 0.39
540.35 , 618.24 , 77.89 , 4361.76 , 0.39
540.35 , 618.24 , 77.89 , 4361.76 , 0.39
540.35 , 623.11 , 82.76 , 4356.89 , 0.41
540.35 , 627.98 , 87.62 , 4352.02 , 0.44
540.35 , 627.98 , 87.62 , 4352.02 , 0.44
545.22 , 632.84 , 87.62 , 4347.16 , 0.44
545.22 , 637.71 , 92.49 , 4342.29 , 0.46
545.22 , 642.58 , 97.36 , 4337.42 , 0.49
550.09 , 652.32 , 102.23 , 4327.68 , 0.51
550.09 , 657.18 , 107.10 , 4322.82 , 0.54
554.96 , 666.92 , 111.96 , 4313.08 , 0.56
554.96 , 671.79 , 116.83 , 4308.21 , 0.58
559.82 , 681.52 , 121.70 , 4298.47 , 0.61
554.96 , 691.26 , 136.30 , 4288.74 , 0.68
554.96 , 696.13 , 141.17 , 4283.87 , 0.71
564.69 , 715.60 , 150.91 , 4264.40 , 0.75
564.69 , 725.34 , 160.65 , 4254.66 , 0.80
569.56 , 739.94 , 170.38 , 4240.06 , 0.85
569.56 , 754.55 , 184.99 , 4225.45 , 0.92
574.43 , 774.02 , 199.59 , 4205.98 , 1.00
574.43 , 793.49 , 219.06 , 4186.51 , 1.10
579.30 , 822.70 , 243.40 , 4157.30 , 1.22
584.16 , 851.91 , 267.74 , 4128.09 , 1.34
584.16 , 890.85 , 306.69 , 4089.15 , 1.53
593.90 , 939.53 , 345.63 , 4040.47 , 1.73
603.64 , 1012.55 , 408.91 , 3967.45 , 2.04
608.50 , 1109.91 , 501.41 , 3870.09 , 2.51
623.11 , 1251.09 , 627.98 , 3728.91 , 3.14
642.58 , 1504.22 , 861.64 , 3475.78 , 4.31
671.79 , 2034.84 , 1363.05 , 2945.16 , 6.82
754.55 , 4030.73 , 3276.19 , 949.27 , 16.38
754.55 , 4030.73 , 3276.19 , 949.27 , 16.38
